0
0
0
0
6176
0
7565
0
0
16916
18383
0
21915
23947
0
0
0
OAUA
8234
12979
0
20750
OIII
13568
OAUA
7048
14274
0
19375
26070
IEI
18535
0
0
OUIEO
1522
1832
AAAA
IUIEE
7668
5101
AIIUAAOI
4270
9238
AIIUAAOI
AIIUAAOI
10711
EO
EEEAI
7554
17328
0
EEEAI
18931
I
8463
14540
0
OIII
14257
EAEA
0
8159
6955
0
8356
8961
15430
0
18395
5601
27769
31875
0
0
0
0
40570
41903
0
EE
32483
36159
0
IEI
23931
AIIOOAOUOA
27951
30015
0
38925
3532
OUEEUUUOA
6695
24107
27909
7514
0
0
34863
42770
49408
0
0
57970
58464
67393
AOUAUOA
62997
70175
79092
0
83700
310
91695
92925
99033
104698
106896
6695
2064
OOOU
5601
100204
107414
E
0
0
92278
100183
104121
108162
E
0
0
111009
113033
122129
IUOU
0
0
109261
UIOEOU
90575
93616
96275
97698
104061
UIOEOU
UOAUOIEIOA
89470
0
0
94515
96265
9374
6638
494
0
EUEIUUAU
86982
0
88075
94496
0
11012
UOIA
88204
96395
98423
3881
U
9374
90314
0
91632
463
0
94514
0
0
1389
101470
107585
OAEOIO
OAEOIO
0
0
UOIOAEAI
AOA
88917
11012
AOA
0
UIO
64140
6108
3022
70822
79170
83469
0
87490
0
9238
494
0
94412
95039
97982
106557
EIEIEII
96374
1389
102306
9328
7210
EOEEUOI
91296
93648
95788
104459
0
9238
9374
114178
OOI
112915
OOI
EO
98791
AOUAOIOAEO
80791
0
83912
85481
93969
95666
6628
UOAUOIEIOA
6695
75343
78499
4041
UUUEUEOIUO
57392
63625
68516
71926
76934
IOAAEEEA
OIII
46841
4041
IEEAEOUIU
IEEAEOUIU
28202
36998
40974
49925
13173
51677
AOAUEIE
54196
20440
6108
16166
63582
8159
67721
73376
80878
0
90702
92508
IIO
0
84584
86348
91514
93230
99758
2352
101255
0
108765
0
0
110781
112244
121643
OOI
7178
100874
102638
EIEIEII
88757
88881
7514
92858
OAO
93511
0
98067
98171
104101
1318
12050
4041
EOO
0
13018
82760
19731
84228
6638
0
92692
97256
0
4891
EEAIAO
310
101982
106801
116141
123240
AIIUAAOI
0
9374
108353
112001
120217
125673
129656
5525
IIOO
106112
113784
117463
118236
16166
127958
0
130802
137661
9351
142585
0
IUOU
144067
153611
161497
167904
0
IAEAEAEO
EEAIAO
116897
117364
125949
132453
0
18153
135427
139748
146837
9351
151968
155351
161900
6469
8575
463
0
163004
165593
170208
EAUAUEEI
EIEIEII
AEAAOUO
143834
0
875
148184
0
148893
11304
154435
16504
11104
159563
IEEAEOUIU
145831
152716
157262
159299
6469
0
168078
10094
18153
177677
0
184104
5129
1318
190121
5129
20440
194451
200244
207429
EEOAU
191593
8533
194209
AAIAIOI
184192
184250
190878
197195
0
197224
204462
205507
AAIAIOI
15024
202541
207939
O
191487
20440
197921
3679
9351
10022
198147
203108
205378
IIOO
0
194720
196373
200733
A
0
181036
181463
181737
185662
0
190384
195763
201250
EAAAOUAAIE
463
1389
189109
191694
17660
16249
AOOUEAE
175484
EIEIEII
170742
171869
176246
178868
179949
EOEEUOI
164357
172279
172677
0
875
5525
175539
463
9351
185457
193143
195712
0
0
13018
196890
206806
EEOAU
205435
208796
0
208889
IEUI
IEUI
203384
16249
203547
209081
213454
220789
222275
231753
UOAOAEOUA
216021
UOAOAEOUA
2006
216274
216855
224818
228498
238233
247241
255444
256311
256998
262025
268417
14082
1468
9365
275065
6628
280298
2179
0
283096
283729
U
261445
267726
268470
EAAAOUAAIE
243229
17012
252962
260764
261523
265403
273505
279199
285897
0
0
9096
289236
1764
11360
6407
OOAAU
22191
18212
272361
278150
EOOU
267335
268783
15993
6108
272645
1318
0
1764
280660
12912
5129
283771
285134
12727
290100
15171
6078
13173
296109
IIO
14418
274787
5525
AAUEI
253105
AIIOUU
247555
250478
260406
266982
274999
13065
33579
279160
288667
11104
298201
18153
302523
308991
6682
8575
311616
12416
321107
EIAOUEOAAA
316230
5129
316531
9351
325836
UOAOAEOUA
305155
314911
323383
20751
332685
338381
15024
339495
343206
344155
0
13629
EOOIA
2352
333983
17012
5357
342709
2352
351808
359883
OAEOIO
11085
8886
337047
340871
19548
343467
IAE
326390
AAAA
323029
332984
OAAIIU
EOIO
306983
11553
2904
6078
EAAAOUAAIE
305742
315566
IOI
307934
309982
311731
319125
328119
EIIE
310026
319519
327520
331800
335614
17294
EUEEOOAOI
339877
19548
349043
EIUAIOOA
327381
331015
340273
345174
353776
6220
356805
31255
5800
17660
952
26171
16756
359809
362440
362714
372149
378306
OUEEUUUOA
364360
31255
20437
13808
365203
2585
366044
8500
3679
0
5800
370132
379220
0
387295
393109
402619
406049
UOAUOIEIOA
382289
388887
20444
EEEAI
383423
389773
11118
6546
391055
0
398258
8045
IEEAEOUIU
14735
384276
388518
389062
23557
398409
13173
406092
415913
12912
424346
8575
5129
426240
429317
IEUI
416944
AIIOOAOUOA
412940
13808
417866
24912
420030
OIEOUOI
407266
409394
AOA
383587
390778
3976
396804
7884
IUO
8730
7884
17716
392308
EAUAUEEI
380624
384082
388243
388719
391040
395034
15466
398133
401850
402653
EAAAOUAAIE
380368
382813
22948
390237
396510
16756
402222
5800
409197
419082
421878
27285
5357
426888
UIIOEOEA
7922
27285
7210
420799
427988
24249
EUEEOOAOI
408470
EOIO
382350
UOIOAEAI
UOIOAEAI
10111
362530
13333
368015
15684
376206
380070
UOAOAEOUA
376173
378846
22275
UAUO
9733
370035
16681
378679
385716
14418
13173
5800
394776
404187
15466
410278
411429
13333
OUIEO
411690
415947
421070
EOAEOEEEA
9374
687
416860
420706
22887
423834
427084
IIAOU
15024
410354
EAUAUEEI
404499
8910
619
14194
410422
410728
7162
419991
15367
428006
AOAUEIE
687
415666
422795
11927
431810
439339
29603
952
0
442482
448763
452572
33803
29603
22191
7162
A
443140
450566
451125
453301
461432
469287
472593
479897
3513
10111
489539
492953
EE
484535
488978
493815
0
499944
EUEEOEEAEA
485507
494471
500238
502956
507192
508030
509954
513688
21492
9733
522862
18479
523567
45770
11927
16959
12964
EIOEAEIII
520776
9075
530643
17532
EOEEUOI
502920
27285
507024
510840
517201
524802
15367
IOEA
22475
8994
10953
0
OIA
OA
OA
7683
459038
7884
467740
21492
1901
469681
478072
483266
486723
OIEOUOI
469105
469470
16337
33803
18212
473660
12778
AOA
IAEAEAEO
428607
IAEAEAEO
IAE
412800
421590
IOIIOIA
404258
409847
411612
413924
423870
AOAUEIE
3129
399957
AEAAOUO
7162
8433
29603
UAUO
381668
385564
386354
395909
24895
UAUO
386375
387205
396077
UOIA
386837
16726
389648
23520
EIIE
21492
OA
359908
OAUA
EIII
EOOIA
25025
318347
21576
12944
OAAIIU
IEUI
282110
4473
283299
8976
19403
UUOIEUO
20688
OAEOIO
UAUO
240067
243245
245364
248300
33815
249520
251632
253977
EEEAI
27548
241170
250864
OAEOIO
245025
247296
247300
13173
29166
6628
255464
17716
261648
263073
33383
13741
10569
OAEOIO
OUEO
32529
246716
6750
33383
EIEIEII
EIEIEII
237040
AEIEU
225472
232345
233835
12919
AEIEU
11499
8886
17407
231796
4161
231825
239106
246684
34240
33803
253130
24402
6172
18948
257462
259218
260682
UOAUOIEIOA
257136
8910
266846
275258
12778
279443
284884
16709
EAEA
264122
9733
266571
28283
274424
284130
22358
287779
UOAOAEOUA
280431
286327
293065
299488
7014
17443
299816
299984
302304
309497
20018
OAAAIEA
29049
303098
IAE
304620
IEOE
34947
293685
AEIEU
33815
279784
282657
19653
19653
23172
289129
291031
9325
292727
295559
1115
9351
300801
309233
309423
EIII
289400
29879
297306
UOAOAEOUA
21612
270672
277332
18872
284668
EAIOE
259139
259763
25025
UUUEUEOIUO
258335
261353
265740
271428
277298
283734
287456
294777
298719
308324
EIOIUAIAOI
EIOIUAIAOI
EIOIUAIAOI
293489
299466
32120
300725
303045
308773
AEAAOUO
UIO
8708
8976
283037
EIOEAEIII
IUO
11306
264768
21078
21774
269403
276595
3414
21576
281360
291320
9733
21219
21774
298069
AAAUI
AI
EAAAAIIEO
236201
244841
254547
259119
266110
271243
276989
285153
285727
AIIOOAOUOA
287326
289609
295075
22952
301832
5241
42593
1115
308756
10412
309521
311041
12919
17269
15332
27548
315861
9108
14447
AOA
EAEA
289357
291128
EOO
283805
29603
285513
31848
285597
288401
UOAOAEOUA
EIAOUEOAAA
243446
243883
252850
OIEOUOI
245684
248246
249175
250807
IEUI
32120
28923
32816
5241
253211
23451
253430
32344
28145
9144
EAAAOUAAIE
17167
250749
258548
34711
AIIOOAOUOA
248190
11499
22952
O
IEI
OAAIIU
203490
6628
5129
41480
14040
20967
32114
212757
35195
UOAUOIEIOA
208719
AEIEU
31513
202867
212237
37090
220906
221681
228365
233252
13173
13678
15610
15610
39026
10540
238943
33303
245111
254777
256258
259878
13678
260613
266970
AEIEU
273374
278694
284083
285418
EO
273095
I
9108
UIEOUII
31513
36919
241139
OUEEUUUOA
219151
32120
AI
217955
AUUO
E
186358
191763
195645
33815
30311
29988
24071
27548
18872
OOAAU
182252
190645
28493
19126
14447
196612
203814
213021
OOAAU
217387
227211
34947
227423
230270
AIIOOAOUOA
207916
214307
216610
53148
23837
35099
223359
52467
17167
AOUAUOA
17167
202624
202674
22703
205121
205317
EAIOE
182671
189137
198826
202626
206197
214194
7191
AOOUEAE
7191
204520
52467
208835
218103
IAA
3976
30579
190641
194794
198100
39034
EO
IUO
OIEOUOI
35099
44733
150654
44042
13678
156122
19349
160625
169238
AAAA
23369
152600
28623
AOUAUOA
OAAIIU
33303
141806
UUOIEUO
125908
127116
35392
9086
10412
34376
134569
AOII
OA
37610
OAAIIU
EIOIUAIAOI
53174
32488
58290
28923
27548
58345
35930
60252
AIOO
60365
29603
23242
61021
27548
66439
73462
75632
79313
34652
AIOO
78721
81846
41154
6218
90305
EEAIAO
91245
91389
8730
19349
95435
AOOUEAE
23007
87877
92109
97905
102135
30579
106930
15390
111179
111367
119813
EIUAIOOA
111811
53148
121195
7073
123815
123926
15390
127096
132444
32815
136094
143676
22738
EIAOUEOAAA
129011
UIEOUII
105207
111465
117432
23714
126307
135833
141748
143353
150717
22703
155692
EIIE
146209
33320
154568
32815
164195
UOIOAEAI
46811
UOAUOIEIOA
134763
136167
140627
OOEAOIUU
23624
41007
UOIA
9086
3976
13173
124893
130415
AOAUEIE
OIA
95199
51463
OUEEUUUOA
95743
98367
104548
EAAAAIIEO
35930
85284
89511
25276
90363
91978
98795
107213
112907
19757
116167
25105
OUEO
28260
15390
112243
IEOE
O
92035
99704
35099
100080
107155
111625
IEI
89827
92544
18871
95621
EIIEUUU
22703
EAUAUEEI
92894
93742
96545
48234
102134
109506
27548
IIEUO
103974
112471
36874
114908
11499
52578
23007
119364
122023
59822
123539
124158
126567
136563
137675
31326
144660
151745
IIEEUUEAEU
EIUAIOOA
67662
120871
5129
127058
42897
AOII
I
120656
124635
18994
126957
49999
IEUI
14666
99340
104190
16024
107160
110741
31453
22703
26875
AOAUEIE
90772
37689
92385
21675
94734
8730
18871
104006
112122
117875
127599
OAAIIU
IIAOU
54861
37801
UUUEUEOIUO
73693
31326
31453
76442
81669
26914
35963
53479
36204
IAAOUOUII
59781
68405
42897
EUEEOOAOI
53572
58672
37319
67594
AOUAOIOAEO
AOUAOIOAEO
57447
58393
62304
69758
OA
51165
59822
52870
59291
IEOE
11913
38884
42978
50991
23007
53992
63371
65689
51003
70382
22395
30897
29416
34307
IEOE
67907
51992
73369
74119
75104
82601
AOAUEIE
28410
71555
74857
8730
79708
7073
IIO
55159
58445
OAAAIEA
43384
39651
37517
48178
AIIIEAAAII
44042
43256
48413
50537
63462
30941
27288
18871
54164
12092
61010
67942
75666
82937
89248
49999
29603
75956
61178
UAEUIUA
AAUEI
62097
68660
27288
77079
42897
OAAIIU
46656
52578
54133
18994
59783
28540
67681
72800
76885
81034
89850
AOA
68504
69071
77081
46577
26674
86909
47336
90996
99267
107085
53663
OIEOUOI
UU
63378
68373
14132
EEAIAO
20719
29416
43461
15648
7802
45516
49876
26674
44733
56477
35292
61116
66635
20688
18994
46429
53479
70353
78092
82090
46441
11601
11949
EIOIUAIAOI
83407
86858
86910
EIOIUAIAOI
44733
46441
AOUAUOA
66700
44027
69323
EIII
64675
65584
74254
83832
93091
17479
29557
94759
29670
45221
16024
78011
102446
110537
115786
OAAAIEA
27133
114100
117985
29243
125587
AIIOOAOUOA
61178
36530
119351
20837
29557
OIA
101089
109443
113513
45355
32876
115951
26674
UUEEOIIIO
109688
112735
34150
8730
11949
48291
117046
49498
38862
31326
12092
122056
17143
130433
132638
136915
IEI
27159
112856
117961
29416
119983
EE
27064
109780
117255
124154
131274
135208
57885
135708
45221
27133
36264
142040
16024
IUO
128893
132817
142810
143803
11601
47494
149080
UEIE
130901
139149
40147
30738
15390
141448
146652
155369
59822
59822
157174
160018
25276
168875
48724
27133
178320
184087
193706
AAIAIOI
164188
OUIEO
61178
AEIEU
IIO
141728
150031
11949
151351
33150
151779
160212
169907
31725
44474
174792
176965
185147
185556
OEEAAEEAI
158722
OOOU
156719
158402
EEEAI
15390
29557
47700
142614
145183
44732
147364
40749
147680
EIOIUAIAOI
139176
141872
28540
AAUEI
138046
141703
146350
44733
40333
147804
38862
31725
8711
UIO
138892
148375
EE
52865
64190
122925
123573
45221
11949
UIEOUII
OEI
85123
OEI
85185
92053
100783
OEI
OUEEUUUOA
72545
52865
EIUAIOOA
52313
52997
62019
38139
37517
EIUAIOOA
69415
77139
77250
37319
80799
30892
87374
AEAAOUO
64103
27288
45635
64534
46429
61166
AAIAIOI
71985
74770
80597
43754
85045
92157
98031
107684
AEAIUAU
15390
OIEOUOI
79051
88476
88559
88926
46429
23909
97423
59822
30644
97544
29243
104055
111259
EIEIEII
89642
92200
27548
74695
100811
I
107993
116138
27159
49466
116484
122731
OIIA
111157
118564
40046
125512
31725
134951
138462
145050
154092
161249
166103
IIO
37517
37086
152715
162075
35642
31921
169540
49134
IAEAEAEO
21292
52771
168014
168197
173073
174477
AAAA
AUAOEAEOO
A
149760
155140
155290
155332
46912
156916
17143
166074
168297
EIUAIOOA
167333
170974
IUIEE
165903
170276
176702
185458
IUIEE
186843
190719
IUO
187188
24994
190120
191646
IAAOUOUII
35642
48383
61369
177371
15317
UUEEOIIIO
163695
169398
175748
178571
185540
188888
196460
45109
54764
30644
75693
46655
203074
207143
214366
221013
227669
AIOO
227663
230302
56244
240121
246876
255246
256059
33271
OOAAU
20688
231010
236322
33869
EIAOUEOAAA
219026
50529
34426
225955
227192
75693
237077
245193
OAAAIEA
225256
52188
231929
232068
46912
AOAUEIE
232418
83737
22972
233165
233698
237235
237895
239819
26887
31725
245509
43324
250710
43754
251480
UIIOEOEA
245900
246582
249653
251323
OAEOIO
60174
252623
22972
259220
OAEOIO
264761
68320
273796
52578
OAEOIO
272193
281668
282230
288568
297743
302377
UAEUIUA
IEIIU
UOIA
39311
66116
249367
256901
40046
21107
66116
260661
263039
26887
263385
48282
267296
EOIUA
271415
275543
69052
46282
283608
290622
50037
299937
21537
307866
310949
IOIIOIA
293413
303282
309971
315382
317164
326657
AIIUAAOI
328163
22887
27159
38139
46912
334287
336100
34636
40046
40046
343962
30644
349536
352780
353209
354757
362017
368887
45695
369081
45695
375925
10197
379703
383389
384561
AIIUAAOI
360325
360756
362139
UIIOEOEA
335294
340541
17165
348562
355143
43206
UIEOUII
334544
72268
43757
341518
15815
28882
AIIIEAAAII
54157
318328
OAO
22395
313103
21537
OIII
39328
33869
OIIA
299025
37521
35260
52771
54220
40333
79679
308440
316107
319701
320123
33929
15317
23524
330107
AAIAIOI
316975
326736
327233
34855
335445
339089
34636
45623
348675
353902
358450
86259
