0
0
0
9916
10950
18117
0
0
0
EEOAIA
0
8833
11974
0
0
0
18339
0
EEOAAEOAEO
12404
20752
23709
26975
31742
0
0
39174
0
45381
0
0
50683
0
0
0
52575
0
59958
65276
70910
72919
74594
77446
0
0
82167
82627
0
0
0
85105
0
0
89526
0
0
97741
101789
107480
110905
111295
116579
118848
121212
127518
0
133014
0
134934
0
142494
148071
UUUU
0
0
0
144977
IUEI
0
0
0
IIEUE
118271
124340
131769
133992
0
0
134097
137630
0
0
145064
0
150780
0
0
160544
166931
0
167707
0
172851
181132
0
AAIO
0
157730
163721
0
0
0
0
UAAUOIEEAA
164020
0
171583
172267
175175
176118
178137
AUIEAUIEA
EOOI
132655
138355
141131
0
148215
EA
0
7432
143619
0
OAIEEOU
2364
141959
OOOAAA
0
128997
0
UIIAOE
125075
IUAUE
104348
113857
123577
0
128896
0
0
AOIIEOAI
116405
0
0
118010
0
123162
128774
134710
0
144300
151219
154918
160242
AOIIEOAI
1892
0
9109
162654
168140
0
173880
181736
0
184592
AOIIEOAI
189074
196032
205024
214115
217102
219566
0
229456
230403
231436
236741
1034
5496
0
A
0
222601
0
231118
EIEOAUU
OIAEEU
198330
203948
EAUAEEIEAA
196353
201312
0
EOOI
684
191037
196239
0
3533
199667
1920
0
0
0
200960
0
204762
EAOIIAEAO
186363
187678
0
194749
199912
EAOIIAEAO
4942
204323
209324
AAAUOIOE
202240
211037
212308
220585
0
230149
230366
0
IIEUE
4454
6766
0
IUAUE
213597
0
220311
223754
0
229213
237069
8215
237789
0
7563
242104
UOIEOOEEO
241214
246393
0
AAAUEE
IUOOI
1034
216834
AIAA
0
201381
6958
EI
192426
AOUUOO
179758
0
AOUUOO
183770
4942
191709
194814
2987
6057
3141
1892
195699
0
197748
206086
209937
EUIIIIEAA
191244
EI
180046
8992
EIAIEAII
0
178418
0
0
179531
0
0
182917
0
776
192743
7599
0
16375
199150
204563
213033
6958
214387
0
221726
0
223240
232181
0
235332
7383
AIOUOOE
15710
233354
6207
IAOEAUE
212833
217780
222941
224668
19969
EUAAU
220294
0
225390
8215
EUAAU
230458
12168
233977
6766
238393
246086
UUAUU
0
230737
16375
238152
241391
6958
0
AIAA
0
0
232399
234384
242024
5496
0
250885
UIIAOE
EAAUUAEOAE
IUAUE
14940
AOAI
0
172364
173060
182327
UOAAI
16375
10401
0
13692
167397
169460
16104
176861
10401
0
180101
186499
195331
10401
AOIIEOAI
6766
A
0
3232
169052
AOAI
169524
172452
25401
174889
7599
0
15814
3232
182033
2461
2957
184874
16104
187167
0
195390
AUEOUOUAU
188293
0
UUOIEIO
189958
3232
0
190881
AAAUEE
171250
178769
184440
10318
776
194430
1514
15710
OOIOUIEOI
186186
3845
188094
193821
202163
202853
205673
UIA
0
16665
12483
181085
189217
0
190098
190490
8838
A
182822
186513
0
EEAAOIOU
184522
190890
8941
25839
192828
EOEIUE
OIAEEU
151903
157743
AAIIAA
147826
3240
150444
8941
0
8798
160034
169087
12483
177427
179427
182242
184727
UAUIUUU
179108
0
187147
3105
195735
IOAO
196349
200005
0
IOAO
202131
7382
211694
217460
217705
0
223628
2057
10334
7401
225174
228275
238076
0
OEOIO
OEOIO
14547
2957
236116
239872
242692
776
248669
10318
12558
5163
254200
0
263550
0
10153
271227
5268
281149
289034
IAUOUEAA
278793
281171
283983
291200
0
UAAA
283114
5452
286425
20096
291301
A
0
A
261513
2928
269260
UOIEOOEEO
242341
UAAUOIEEAA
684
0
222202
0
225455
10938
230901
19623
0
IAUOUEAA
0
5691
10334
213629
219983
0
228712
229338
8886
UUO
218135
219478
0
221837
227723
232921
16375
241194
244038
720
249556
12522
IAUOUEAA
UAAA
12483
10401
222134
EOUA
213987
12394
23772
215743
225102
15606
229487
2063
7894
5691
6766
238509
16000
9509
EOUAE
222265
228230
229108
7894
13107
230539
UOIEOOEEO
210766
212140
213018
13692
219997
3386
UIIAOE
203485
204439
205514
EEEEAEEEU
196755
200425
EEEEAEEEU
191888
EEOAAEOAEO
180445
0
OOOOEO
153821
7693
154809
163603
173503
175179
178282
5946
185314
187463
5452
EIEOAUU
162698
OOOOEO
8798
160198
161225
7677
165623
3845
10450
170364
5672
179641
OOOOEO
179048
180476
16375
187304
194141
776
197233
5452
203776
AUE
202611
5452
203224
213224
AAIIAA
7894
193700
203647
211251
EIAIEAII
27179
UEAIA
5164
167994
174503
180328
7677
186710
UAEA
165302
173057
13282
17734
179009
10967
6554
181030
185926
190538
198964
200444
10401
208146
OEOIO
198424
206947
207177
AUUIUUAI
184233
UEAUUO
UEAUUO
6354
155416
157272
162718
168058
177555
0
185343
4028
191590
192990
2223
5672
199601
206887
0
AEEUO
UIAIAE
8192
187422
7693
0
UIAIAE
191256
13913
195951
16665
8798
204252
5691
EUIIIIEAA
10938
191156
199286
IOO
5521
184206
12168
8902
193122
5813
193979
201797
202698
207938
6354
212805
217912
23124
6267
18831
219484
19393
IOO
219601
221944
12168
5521
UAOIEUU
222674
UAOIEUU
227726
233697
242652
7604
13195
246010
10335
0
248437
13638
251974
260092
16665
261067
261982
12278
268267
14249
15772
10153
274330
6837
278267
285088
5730
292461
UIAEEUI
UIAEEUI
270577
278456
279027
287777
14249
296256
18742
302632
OIAEEU
283307
287995
13380
295550
20397
301139
307097
4399
29625
10318
307633
309532
315737
318094
326495
9564
333862
2957
12278
336704
342787
344209
353872
354792
361433
367040
OUI
IU
0
325475
331955
IUOOI
10967
6419
310190
310244
313888
323147
UUI
1271
16665
311982
34287
313116
315873
EOOI
302316
305444
312597
321468
26733
34287
322050
19537
328328
0
330098
339197
4399
3232
346639
350817
12043
355929
EOOI
19537
AOA
354308
358826
368024
20397
372183
17012
374247
376044
377131
AOA
7401
376659
19591
381259
391126
13380
399253
408951
416611
418332
423473
429029
7693
435445
0
436002
27509
8797
439676
8273
445418
35556
450863
5672
458921
464464
468677
477007
0
20397
484255
489012
496509
498970
16400
UIEUUO
497448
E
12168
0
492350
17961
496170
504297
15725
511648
4242
EAIUAO
510418
15725
514759
12242
EUOUUEIOAA
520862
528523
7604
7286
536958
540519
EUOUUEIOAA
12324
543196
544170
15712
16400
9008
545740
14249
551754
1920
553697
AIAOAIA
EIIOUOOUAE
519115
UIAIAE
517939
AOA
524636
II
514326
17740
524029
AOAUIE
24710
29817
500786
AOIIEOAI
493084
IUAUE
IEOEOIOE
446976
1920
448276
449027
452079
455401
464148
AA
AA
448785
8814
457996
AOAI
452886
456787
5452
465316
17961
466773
472035
481633
0
484464
EA
479061
480318
12043
482602
487801
496288
501412
IIOOIUAI
487040
13434
OIAOOAI
465099
13810
32589
UIAIAE
42271
AUE
AUE
18921
439201
26329
444705
35556
449719
3386
458968
463546
26329
4242
465866
3386
466073
475612
476774
19904
EAIUAO
IOUEEEO
AUEEIO
EUAAU
2223
427779
4942
431994
16268
436795
OEO
18225
12043
425186
OOOOEO
419992
425463
IIU
412910
422169
26630
16592
15712
20400
422282
432186
440388
446717
13380
450144
8069
7153
457024
13938
463265
469208
473126
IEAE
IEAE
16513
OOAIUOI
450340
455784
463984
UUO
14659
446774
IIUAEEU
12197
427141
UOIEOOEEO
5056
15772
423962
433534
442188
10000
18836
EEA
426059
426679
16079
431399
435197
OAIEEOU
EUOUUEIOAA
8880
26630
UIIUA
394895
396394
AE
8902
AEE
5672
363392
367040
29286
AEE
14177
372869
382247
388651
389353
397150
398032
403676
20845
413534
26645
417432
423856
13638
427191
14944
429853
30712
433332
12545
435873
16207
AUIEAUIEA
4942
416038
420176
3232
20433
428101
14944
437854
444855
446374
UIAEEUI
428114
431060
6666
431955
19946
19548
439082
448244
450008
455842
17396
18836
14944
16268
23920
44215
6980
25474
25365
462663
465017
472007
474045
476600
10343
0
AIAOAIA
10318
32659
EUOUUEIOAA
24507
455218
459955
466803
EUOUUEIOAA
467209
10202
476179
481613
490745
13795
495054
7604
501014
O
44215
13913
487427
491691
O
473575
481014
23958
684
17266
12846
490281
494840
499272
33764
32327
7434
503700
IIOOIUAI
38222
1312
13913
AOUOAIAEA
474452
476372
19946
479077
19643
AOUOAIAEA
480410
18183
487300
IU
477740
481855
487277
491769
8439
19746
IOAO
468909
10967
6980
473823
483744
487711
487872
34080
UEAIA
484342
31798
489134
498933
499871
11469
508533
517795
17396
524288
OOAIUOI
501929
16665
OOAIUOI
AIAUIAEIAA
IIEUE
469943
474621
482560
486820
14928
EIEOAUU
482379
489359
498539
500427
509291
510246
EIIOUOOUAE
511326
13638
519753
527473
532908
E
511972
7604
10343
518846
519674
521408
524830
528589
3772
532425
16220
538728
AUE
538907
37585
548522
550808
12043
27157
27157
16163
556722
562962
AOUOAIAEA
562841
572449
572808
579094
29205
586338
5425
591272
599973
603103
33900
AOUOAIAEA
32589
AOUOAIAEA
606477
AOUOAIAEA
611417
615639
622003
25677
626467
UAUIUUU
18836
30497
613596
613947
16393
UAUIUUU
19643
13408
AEE
588544
38222
12357
34754
589078
AEE
UUI
UOIAEIO
530806
531195
533386
49076
UOIAEIO
21409
532180
16220
AOOEI
519154
UAAA
UAAA
AUEOUOUAU
IAAAUOAUI
478589
12043
487573
495417
501419
502436
EEA
490569
496964
499172
507746
511447
25583
517576
30466
522004
7773
8933
526690
12043
25963
IOUEEEO
514363
2957
EIEAU
487531
13638
18160
EIEAU
EIEAU
8248
EIEAU
UAAUOIEEAA
472155
19101
27157
472451
477423
12634
AAIO
UIIUA
26994
EOAA
457098
462639
11890
13970
472006
34890
27415
19925
479517
488864
29004
39898
4399
489158
498454
504905
506925
702
0
507572
21327
33817
35768
517435
519415
EUAOI
AIAUIAEIAA
33320
25085
478988
480444
22866
19634
486559
EUEOEUOUOO
AUAUAOA
472411
478293
480817
31208
30466
OEO
463098
472910
OOOAAA
459672
16961
465788
471925
476061
44326
482513
41656
491789
29724
501735
UAOIEUU
34080
504770
508449
514113
I
518862
521599
524018
26323
36873
29964
UIAIAE
9897
510206
16393
515298
524888
30943
529663
16140
531125
33817
532550
533361
539354
543486
25211
550582
18921
558003
UOIOIOUE
549674
556928
561325
566321
9552
16220
19175
569776
10466
573031
582924
587066
16220
596482
603795
606776
615899
616518
22373
51682
25803
618882
13913
A
35858
33320
31208
11971
599125
9965
UUUU
30466
IIUAEEU
552276
561859
U
563531
569473
1920
573381
19925
582305
29857
9965
UUOIEIO
566699
OUI
569701
574631
577582
AUEAAAEE
561447
562319
21305
568729
576376
577406
585451
AOIIEOAI
567622
30466
570910
UIEUUO
549951
555333
564214
572080
8248
572488
576107
579803
585011
593695
598849
10466
17231
684
UIIUA
573542
UIEO
566377
20174
570424
17396
577689
584303
32707
588211
43317
OUU
582311
588464
597688
20174
12882
604107
25448
612266
620307
43317
627630
635138
643958
22866
644297
51682
650624
17379
653899
25448
27177
659254
44056
UUUU
652401
EEA
20805
11097
631935
633304
15970
640654
643568
646652
UOIAEIO
AOAUIE
622589
29301
623972
625248
7604
632679
59526
EEOAIA
619608
628118
629806
37899
637672
1170
29724
16446
EEOAIA
644227
653268
662334
59526
26747
670680
677675
17432
21294
682986
33610
689184
3654
23590
694017
37899
10686
696664
14779
703257
711528
IU
16352
702707
AAIIAA
UIIUA
663962
42957
30246
665200
669779
679763
36486
681244
14306
32707
41610
UIIUA
22373
16116
37585
680801
690235
UIIUA
16116
UIIUA
669915
IU
652377
37899
7504
657255
EEEEAEEEU
652611
37585
14306
AUAUAOA
631503
35713
23115
640067
648506
650901
658331
662718
670313
E
16220
684
658122
659437
669418
679133
22866
32659
680378
682194
691096
696399
47523
697873
707723
36962
26323
22866
11971
709736
10492
IIU
686660
692317
698728
35348
700640
709870
713726
11890
O
703860
704516
26117
706947
18921
708343
711036
59154
16116
AU
AUUIUUAI
22487
16393
17432
19175
681894
12197
AUUIUUAI
44010
680196
686060
688520
25085
695104
702695
705606
15970
30303
AUUIUUAI
EUEOEUOUOO
695730
702306
8966
708049
41837
717705
35768
59154
726383
AUIEAUIEA
UOIEOOEEO
703960
713356
25805
714096
718292
723777
732740
735273
OAIEEOU
11097
40891
721723
32327
725611
19175
729534
730368
25963
734621
O
710633
AUAUAOA
691117
695403
18921
705138
34284
709291
33764
709996
712143
18921
720071
16116
20174
725937
37070
727271
731985
741647
UIAIAE
50132
713627
8200
714844
714934
721483
AEEE
711616
AEEE
719128
33958
8200
728410
36575
731937
739117
9647
746940
I
7604
743802
16393
37235
744156
26117
22373
748470
754022
40891
40756
760990
770224
EEEEAEEEU
AUAUAOA
EOUA
719496
UEAIA
17379
EIAIEAII
62850
EIAIEAII
A
665289
666146
669149
13913
39462
II
AIAUIAEIAA
640095
AIAUIAEIAA
643185
648239
654204
48132
654919
662048
668542
677572
25572
683167
7217
685315
693916
693968
696276
UUAUU
45629
695939
30081
31495
699048
AUUIUUAI
690406
35768
31931
697735
705075
UOIEOOEEO
IIEUE
32659
685780
AOUUOO
UOIIUIOUUE
660758
50132
48132
IUAUE
644623
652799
UIEO
631579
21013
44326
634867
639312
43208
644933
650816
656970
661076
54168
OAIEEOU
647534
30950
IUAUE
641803
17617
649325
656606
662730
44186
43995
EIEOAUU
17617
19721
644307
35190
48142
653086
660276
EUAOI
21294
21305
19561
EEOAIA
637326
37235
24129
19561
21864
645183
652077
59526
OIAOOAI
30340
7217
30246
17959
7604
36675
634597
15033
19214
32893
AAIIAA
609805
20368
618981
625530
IEOEOIOE
38216
624112
33113
632561
AOIIEOAI
610578
UOIAEIO
31377
21864
14274
601878
UIEUUO
32893
19393
31020
OUOAUOAOA
568951
40931
IIIA
571002
35768
579945
33113
581569
4279
26478
586526
54631
29301
44186
590244
594548
595835
600774
607829
19175
57900
9612
614111
24396
33958
19214
617005
15427
621722
623058
31020
625701
632258
634556
641801
651673
653635
32893
655577
656315
657822
AOUOAIAEA
639080
642765
650202
659041
659657
38216
44186
669638
670320
23082
673642
30991
48142
677753
681169
17341
688087
41841
IAOEAUE
677922
UIIUA
665375
UUE
644138
13913
645695
31931
646212
650532
51129
654776
IIOOIUAI
7604
IIOOIUAI
649985
651202
655134
658885
31931
665917
UIIAOE
670375
671277
672864
681394
39841
689528
30246
27878
690882
43208
31377
41796
UUUU
684862
UUAUU
663902
4279
671478
16387
40891
16843
57900
681464
16387
EA
670653
31931
39373
57900
672697
675477
681710
683752
AEEUO
662423
UAAAAIE
646486
653370
659800
666867
672089
27901
24093
675643
29764
28116
23165
EUAOI
665933
20823
674724
21279
682084
687845
AIOOA
UAUIUUU
20924
30303
AE
48542
617390
46872
UUI
604305
609205
613810
614116
617720
617761
28116
621843
622603
626848
47660
632622
635944
44641
46872
640240
643546
649092
44326
44974
654975
658565
51129
30991
662961
671991
672279
30991
EOEIUE
655943
7604
665520
17617
17617
23038
665727
23165
50721
37827
674155
676021
678811
37827
682426
687108
696288
30246
38679
697489
50261
702198
UAEAAOIUAU
IIEUE
IOAI
668613
45674
45525
668801
669756
674694
679254
OAAIO
IOAO
650124
UIIUA
630341
OOOOEO
618413
35604
619125
626172
29047
629605
634957
27878
638139
AOA
20924
610274
613931
618198
626795
627325
58081
636958
646641
OEOIO
624472
627679
35947
AOAI
IAUOUEAA
603766
49829
OUOAUOAOA
582103
AEEUO
562702
41841
70170
41656
32053
UAAUOIEEAA
548123
35604
32191
UAAUOIEEAA
17379
547893
551592
560605
569263
31061
578498
35947
583463
587755
26478
29047
596163
602615
32108
21555
20384
13478
604825
26295
611463
35604
619631
623862
39462
35604
626812
627353
33160
630076
47646
633306
40728
634557
636046
EEEEAEEEU
610403
615781
621960
UIIAOE
IOAI
7604
581750
56325
583395
591015
592869
37253
593590
598133
52854
598914
608447
OOOAAA
UEAUUO
584380
593014
IUEI
52854
586387
586388
587522
30246
EAOIIAEAO
575015
OUI
551552
IAOAUO
EEA
515708
33793
523554
E
44974
53032
65381
27750
38752
27854
512919
514818
35604
517214
AEEUO
509302
54595
54149
26295
515361
57270
AAAUEE
490335
AA
70996
474890
39896
43500
50259
481247
IUOOI
39896
470365
26981
473980
475163
482236
23038
482642
490312
499945
58081
501131
EOEIUE
EUUOEI
467061
474892
482719
489546
37962
494829
495274
504606
EUUOEI
8933
509857
512754
29301
58707
514148
24566
69380
43947
60676
47660
27854
22487
523244
523365
54813
531713
535041
535149
543839
E
25963
52854
IUOOI
25963
33793
536995
IEAE
33038
UIA
494288
33038
24566
39896
UAEA
471193
33245
474236
54813
UAAUOIEEAA
468055
7604
24566
UAAUOIEEAA
467951
477466
486273
24566
25211
489318
496686
503290
IOUEEEO
509359
37962
512174
520167
48594
24799
527600
15157
UAEA
13913
515675
20999
24799
70170
524125
24093
527764
530999
539303
548682
44280
57270
25204
AEE
AAIIAA
AA
486272
IUEI
482332
IUEI
29047
20823
57572
487408
61129
28189
492693
494312
502484
511185
46458
78563
511932
AOIIEOAI
AI
AI
31810
39462
486440
495216
57572
15157
20384
AIAUIAEIAA
38752
39462
480886
UUI
29301
462630
465947
34926
473259
479598
481467
50259
483803
488469
494537
500466
506318
UIIUA
48594
24799
496208
502307
505625
508725
48542
27750
514413
517047
E
61609
27230
504716
24646
37146
24646
511717
517490
521130
521583
62782
55403
AAAUOIOE
UUOIEIO
481262
61850
485605
29047
12782
AUIEAUIEA
470857
51076
475542
479586
60930
489153
E
60986
47444
473806
40999
478780
35040
20823
485118
493979
495992
79586
AUAUAOA
487567
491573
497608
502910
505917
44440
29047
20823
51076
35947
510229
510889
28116
519577
519695
29950
33245
24591
29047
20823
76808
24799
522764
20384
24799
61822
531990
535066
27545
543484
24799
544527
546166
553685
AUAUAOA
27750
15157
555522
60986
559349
565068
47219
UIA
45521
38320
567750
571287
574101
583329
56300
587398
A
48594
51245
567946
45398
EAOIIAEAO
54017
544855
552304
559510
52854
566848
45521
33793
569688
572263
EAOIIAEAO
64743
564198
33793
IIEEIUII
555624
60930
563926
51150
31061
572253
51150
AIOUOOE
571590
UE
548658
51150
552217
24799
42770
557537
564454
35040
572533
AOIIEOAI
84189
574212
580315
580826
43608
40432
583032
587571
25211
592666
58311
596109
28189
599606
24933
605203
614269
623636
39111
627784
632802
63968
640790
IAAAUOAUI
43344
625966
37827
26704
635423
638749
63024
647077
51026
652924
661010
45398
661028
36201
667889
673032
676413
IOUEEEO
673199
677525
UAAUOIEEAA
27854
AA
51026
650595
651048
651091
80423
658289
AOUUOO
640687
643028
15157
28527
645442
51132
27447
654380
655682
665212
667799
669209
63470
38320
669324
OEOIO
656455
25899
40397
69334
28189
57349
40999
38128
665879
69334
UUO
653139
657918
665901
70573
55403
670342
674511
682971
38699
690546
OOAIUOI
56300
42143
33940
49046
IAOAUO
44440
EEAAOIOU
42079
663571
70346
33245
671389
28189
28527
675407
679390
61609
30855
682325
OAIEEOU
34519
663637
61609
57349
670965
679287
AU
674342
OUI
50259
656610
15656
658693
EOOAI
656439
664476
665345
674881
677412
682256
51299
685092
25570
685258
AUE
685426
31061
693761
47444
41079
696219
701760
711435
712978
721082
27545
726841
EAAUUAEOAE
700868
51245
57349
709710
711983
IUEI
706398
712451
715973
UEAUUO
690369
39045
12782
27854
UEAUUO
22926
37827
AAIO
29783
32191
677483
63827
685792
695321
695534
89101
36201
38973
35604
699528
27237
42016
32191
705415
705721
708290
715907
722906
730549
736839
AIOUOOE
717419
718334
725212
725792
58081
58824
733780
739069
743422
747129
11642
753392
757847
764362
38283
AUE
753154
760671
UOAUEOUO
739695
748979
757533
766430
775337
777301
782601
UIIAOE
63968
51132
36201
780366
42041
783514
783624
789567
790303
40397
47444
796598
61982
42016
796981
804488
UUOIEIO
48943
777893
44377
80423
UUOIEIO
32191
60097
776627
780889
27750
OUOAUOAOA
764348
767636
771210
41564
777701
OAAIO
46971
756841
758140
EO
51150
33656
738123
62235
746233
746762
30855
AUEEIO
63968
40603
749266
44419
OUU
737548
48943
EI
UOIAEIO
37827
29631
711216
716767
723396
58824
729428
22926
47444
51076
69531
737767
7604
738169
60097
745070
42079
71021
36052
60676
75994
753320
757871
766897
767163
776283
778749
15157
782903
63024
785144
790942
793135
796180
54053
803896
805944
808538
EOUAE
801966
15774
32689
65767
811374
15774
821249
830945
832881
833206
839754
UOIAEIO
12782
818273
63024
58824
820957
823384
74368
30177
830071
27237
24799
835613
UOIAEIO
35040
60058
89101
58081
UIA
EEAAOIOU
827095
835477
835894
837030
AUEOUOUAU
814074
817371
827147
836719
845896
54017
OEOIO
840376
843350
51076
846615
51460
851759
857406
UUAUU
46386
EUOUUEIOAA
36816
U
12782
AUEAAAEE
789467
796323
801006
AOIIEOAI
788119
791075
791979
71422
799839
806631
24933
55176
37531
EEEEAEEEU
UAOOOI
EUEOEUOUOO
756604
32747
33362
41627
763218
63827
766831
28610
IIEEIUII
743122
752810
758769
762502
764117
66209
28610
774036
33656
28610
AA
753174
762862
83099
54354
EEEEAEEEU
74368
753206
759579
764629
11642
45561
773327
783198
29709
AEEUO
760441
23038
74531
762060
59759
767062
767516
AAIIAA
747084
65771
750200
42770
754137
35514
40609
763865
25519
767070
775617
782471
58805
UOIIUIOUUE
80423
62235
37531
762192
UAEA
OOOE
733735
738868
745094
751160
752852
762301
764786
89101
769509
773470
778272
39092
UUE
757343
UAEA
EEOAAEOAEO
UIAIAE
42770
719905
27237
56121
720391
723944
726776
45260
49951
36476
732892
UIAIAE
63461
734554
738960
748373
36816
756485
765457
32023
63968
88803
EEOAIA
747185
754549
EEOAIA
758819
766671
63461
UIEUUO
IEAE
719676
729361
730050
733745
71021
736548
741568
748156
753093
83637
754567
IEAE
758978
768093
768616
778387
784132
39498
57647
45398
793770
794623
797460
800619
801611
807197
45561
807776
812261
821628
88803
829666
82662
830302
833407
34697
837672
838420
24933
47719
EOOI
827764
EOOI
60097
33899
834347
838751
EOOI
838640
845112
851071
52592
46971
853479
856020
858088
45561
57647
863991
40609
32747
867449
872766
54289
879260
79038
887117
EOOI
AIOOA
58828
65909
23038
UIA
UIA
841248
77514
847568
EIEOAUU
849582
854355
83428
860096
OOOE
836163
77237
837529
842444
OOOE
849677
851672
56121
852604
UIEO
45561
38261
23038
47791
42429
80423
EAOIIAEAO
830170
IIEEIUII
820300
827258
830199
30578
839490
846611
30578
54549
67082
849582
A
844668
I
44770
46961
829218
I
58081
827756
836539
48763
836573
54289
91608
EOEIUE
819648
34147
826413
828724
67082
834834
838412
841594
844603
24799
844711
850640
63968
UIEO
840574
848304
850353
15774
71556
851309
88803
857947
25519
859493
UIEO
859051
67082
AUAUAOA
EOAA
EAIUAO
805491
813987
819702
AIOOA
63968
UUAUU
IUOOI
775315
783734
34147
40538
31746
AI
779670
39199
786097
789721
26710
798996
OIAEEU
15845
48421
786904
37801
62121
45561
790372
83637
792768
798174
803348
42429
46639
40279
64881
805703
EIEOAUU
796619
47772
37801
798659
800190
35543
50385
EEA
775005
66856
EEA
778571
36878
56121
65587
83099
781696
37922
785239
95129
70104
82662
785726
791106
AUUIUUAI
OEO
UOIAEIO
58081
85548
39199
83099
UUI
52356
67082
OAAIO
726712
OEOIO
711264
715587
52592
717103
718404
720647
727292
IAAAUOAUI
61094
716594
720788
38363
64040
730064
733831
739786
749169
69542
61982
756597
23038
38363
764681
66033
EEOAAEOAEO
738978
35543
50907
77514
745531
EIIOUOOUAE
723521
EA
45717
701188
OAAIO
OUU
680180
688957
45974
57441
OUU
672209
673498
UOIEOOEEO
48395
666168
669624
672361
59443
673842
IUAUE
IUAUE
71556
655369
664062
38363
86842
83099
667066
32343
675694
56145
45974
685540
690879
697817
56121
36816
704767
707630
62049
714945
718320
728092
730911
AIAOAIA
EOUOOIEOU
685411
691472
48421
59443
EAAUUAEOAE
48675
684751
691369
59108
697675
50385
31746
706011
706141
710630
46971
IIOOIUAI
706939
715320
IIOOIUAI
UUO
715693
72791
OEOIO
703687
73093
708501
715096
53411
58805
719157
721460
O
725178
OUI
50907
699076
36000
68727
706633
715565
719191
723053
725275
OUI
726978
AOA
727880
728968
46971
737240
742950
743205
51971
EAIUAO
735881
UEAIA
712696
37966
35142
715729
716389
725996
733770
87147
741208
50907
AUAUAOA
715104
33118
725035
728895
71831
91107
IAUOUEAA
96927
726588
731507
33381
732794
734731
42770
UIUIAIU
IAOEAUE
87147
55927
EOUOOIEOU
693571
49075
98409
EAIUAO
79875
79875
691057
699571
73093
708525
43881
715695
63247
725077
EAIUAO
AOAUIE
706579
IEAE
697685
81097
698095
701690
709950
42898
714715
719071
UOIOIOUE
53783
698584
58805
700891
703522
45753
87025
63606
23038
710779
719887
726148
729114
730122
735610
OOAIUOI
57747
UAAAAIE
693811
701423
51863
704217
UAAAAIE
87147
706660
UAIOUUI
704086
706899
708254
711727
U
73093
712613
714879
718270
721286
AUEEIO
87025
AUEEIO
63809
53411
693633
60097
IA
AI
57047
27237
677569
52190
678634
688473
695794
AUEOUOUAU
696982
698242
700262
39612
701486
34810
710670
716434
723193
AAUUUUUAU
AAUUUUUAU
23038
51863
85102
716946
718841
728080
EOUA
716303
70499
722343
80339
722434
UIEUUO
712085
713343
721892
729300
73422
25731
735985
IAOAUO
49890
65578
717696
722799
IAOAUO
EI
IOAI
708381
717820
63809
EEOAAEOAEO
60097
47772
56380
IOUEEEO
684163
62591
691600
35265
AUE
53513
690376
AAAUEE
48710
671558
673981
680166
71831
682374
689890
690463
AAUUUUUAU
70518
52190
684370
UUI
46038
661048
670210
674034
676552
683284
684244
42313
692693
64697
EAAUUAEOAE
50073
74394
689014
IUEI
87457
688064
697600
80339
48033
80586
51863
705373
709772
97229
717783
UUOIEIO
45753
704917
OOOE
696445
702619
709906
715044
77253
719065
OOOE
88545
59465
723008
80586
730285
738951
57067
61488
740207
42898
83848
56628
742436
57067
747837
753581
760359
761599
769749
769798
772106
OOAIUOI
73422
753150
757081
76802
AIAOAIA
744680
751800
45717
752071
756081
758213
UOIEOOEEO
757999
760971
767538
61077
768440
771723
774195
57067
782414
79146
35142
788620
797463
EUIAUOEI
783779
63809
58858
AOUOAIAEA
779016
788992
797565
51226
79875
799243
69209
45223
801617
803680
45717
805804
45753
UEAIA
797996
63809
64805
7604
802313
808714
68186
UIEO
UIEO
781638
788887
UUE
UOIAEIO
757983
759610
768118
UOIAEIO
771520
IOUEEEO
EO
109207
742459
743621
748567
758410
763986
772702
50804
773479
AAIO
753114
758506
44923
UOIAEIO
739120
AOAUIE
25731
726924
UUI
UIEUUO
686551
OEO
77862
54761
89744
83687
92796
OOOAAA
646259
68287
648030
63680
53456
656271
82676
664947
EA
54423
EA
661330
667922
43948
71319
676432
678169
61077
686156
IUEI
680653
683795
683840
684274
41427
62591
687625
692751
65893
OUU
39373
85318
686444
695690
704402
705724
714560
723095
53783
OUU
729349
48421
65893
EA
734789
738958
UAUIUUU
726045
729319
736809
53513
65587
IUOOI
54423
711745
712394
52190
66728
722312
109207
66728
731216
40746
AUEEIO
725364
56771
734604
741770
746917
48396
747278
752283
761044
EA
751341
50377
753673
IIEEIUII
UIEO
85318
57747
52828
80339
OUU
59056
60887
724138
50377
EO
42865
OAIEEOU
AUEOUOUAU
EA
642540
646268
648060
31053
651617
652269
15845
AUE
641819
AOAI
109207
AOA
597881
82255
86671
56566
58776
78158
74394
59056
599535
63680
607195
59150
50939
611990
EUIAUOEI
54771
72637
65872
614908
UOIOIOUE
603425
612086
615669
EUIAUOEI
611976
43567
IAAAUOAUI
603618
98293
604461
611378
47772
614557
57508
619700
626907
629925
631030
UUAUU
605259
607472
611670
90548
53456
615527
624965
AIOOA
614881
618543
628377
84075
631940
635989
636913
EAOIIAEAO
628383
637196
645248
EIEOAUU
636802
645559
UAEA
624645
631766
639054
61706
641414
642930
EUAOI
639987
641569
649971
70499
EEEEAEEEU
640851
85318
108211
646108
70749
EIEAU
620089
625965
632499
IOAI
617156
EIAIEAII
599274
58736
606739
66385
UEAIA
OIAEEU
70749
581922
585779
52828
593733
63680
599962
65872
68287
603837
611138
54963
88545
OIAEEU
593659
66116
598198
598524
UOIIUIOUUE
571080
23038
48466
573532
IIIA
569720
EAAUUAEOAE
48466
AUE
70499
45753
520565
522952
80678
524436
44989
54761
532839
534878
536301
72272
EEA
88698
525307
532201
540022
548062
EOOI
66385
525822
79025
532740
51055
70749
21102
536931
544525
70499
EAIUAO
58776
21102
36042
542474
59226
545209
91292
AUAUAOA
536160
49789
541642
85437
AIAUIAEIAA
EEOAAEOAEO
75442
513530
60700
520878
526251
24344
527329
528957
78158
OOIOUIEOI
97782
503906
IUEI
83956
AUEEIO
74304
82993
89082
481102
489489
85437
OUI
486612
492655
498377
508061
97782
72392
512493
518936
90476
53456
51640
50804
523328
524905
525324
535060
542106
49789
53783
90476
545318
551242
83956
54423
108957
AOAUIE
40630
99199
545685
UIIUA
545526
77905
554866
558969
40630
AUE
AI
91292
548031
74304
548961
551724
AOIIEOAI
60827
77786
81633
65512
UOIOIOUE
45013
92911
IOUEEEO
521795
524295
95837
IOUEEEO
523259
531436
58700
57508
EAOIIAEAO
25731
536073
65872
542555
547356
61077
51640
EA
88545
534133
536294
540440
541515
547375
549132
557815
563745
566362
79025
574156
UIA
577680
82255
79989
583460
93467
590315
II
570608
36670
577393
55058
93467
IEOEOIOE
53402
59675
90490
566751
567306
113752
64748
576373
EUEOEUOUOO
64697
557910
EIIOUOOUAE
541286
548639
24344
AOAUIE
542633
551454
75111
555115
558659
66728
AOA
84783
536350
84217
OOIOUIEOI
531178
537505
UUAUU
537284
544480
75636
65988
554060
AAIIAA
550821
559466
85648
559750
562938
568900
577862
EEEEAEEEU
65893
565124
75636
74304
573658
578825
EO
561583
65893
569192
63974
E
AOAI
UOAAI
526959
68537
UOAAI
66116
532186
539180
542738
544141
551367
554864
92038
72272
54423
IUEI
558816
566081
73767
92038
81999
53323
572326
575508
575978
580460
UUUU
92911
565418
574139
580171
587803
74084
589622
593858
66116
599605
605346
85318
613498
75111
613590
107105
617558
56566
619558
OI
607876
AEEUO
590467
594386
603607
AEEUO
115934
62849
106897
603567
UEAUUO
81939
584862
593647
596874
601393
EEOAAEOAEO
579504
579743
582373
582755
587382
590448
595422
603992
613484
622676
628328
61077
629175
636464
65988
39326
640383
107105
649733
92038
65331
655681
UUUU
653265
77911
66877
92911
59150
59716
657552
IU
AOAI
625576
AEE
AEE
623616
632779
98542
AUE
630885
640128
648058
655917
656521
656864
666649
58776
36670
672088
89082
91292
72637
87160
AOAI
60069
79857
655314
92640
656648
665035
674971
59675
57552
675821
AOAI
677595
680443
687435
58535
64697
696371
58212
AOUUOO
679457
53783
72272
685536
694721
703881
707898
709606
69692
712382
EAIUAO
706422
60887
709001
711100
54761
716860
OUI
46781
717982
727932
IAOAUO
59106
709599
AA
705369
AOAI
45013
58776
42908
84528
84585
89336
702242
63490
703808
704209
55427
707200
708798
23038
80646
714296
723289
AOAI
109207
49711
91292
50804
42908
729291
UIEUUO
77911
59496
726532
92175
EA
59769
71021
716418
91292
77911
AI
697823
98542
705063
714747
UIEO
88860
AIAOAIA
701711
79270
66276
65988
59716
65331
94179
OOOAAA
681012
688736
689226
697695
39126
54423
706273
707535
708921
711379
712688
717273
I
107013
AOAUIE
687518
689702
695627
65893
702214
703666
713499
720165
OIAEEU
711991
IAUOUEAA
703524
712844
713593
59675
96020
AOAUIE
695140
53783
92785
AOOEI
IEOEOIOE
651380
657124
661552
AU
59769
645817
96743
646767
71629
90127
86607
101076
87319
68867
107050
656118
OOAIUOI
657244
665723
59716
667143
671617
OUU
667020
667245
674532
61077
680437
83645
685344
65893
UUOIEIO
684882
UIA
682943
50804
683873
96743
UIAIAE
666200
OOIOUIEOI
655688
657059
75636
664595
668116
74304
77784
672477
107050
677569
682502
IUOOI
663030
23038
672847
676514
677002
679588
26383
684070
UIUIAIU
OEOIO
54423
IEAE
626497
66116
85450
626577
632158
639535
644496
646301
656134
656959
UUI
639764
648063
652988
UUI
107134
654712
660762
39126
668595
65893
70007
54423
668928
AOIIEOAI
648794
655155
88649
AOIIEOAI
659970
53827
AIOUOOE
656868
92027
100995
UOIIUIOUUE
53783
EIAIEAII
65893
59150
50377
75830
622488
625685
634807
636582
106897
EIAIEAII
71629
644451
77430
653112
659831
665328
673404
EUOUUEIOAA
679144
683711
692988
699425
59769
706830
707228
89841
708857
710760
712702
51785
39726
75130
721607
722685
726714
731402
737536
97154
88649
86607
OUI
733241
741303
743921
744787
746092
755613
AEEE
748102
84528
69976
EUIIIIEAA
728020
728652
EUIIIIEAA
39726
UE
64697
698002
707223
UE
88649
63482
115702
712655
713461
59716
109207
EAOIIAEAO
39726
A
673092
AIAUIAEIAA
60551
77530
674797
681876
53827
AUEAAAEE
89841
664175
59150
60287
664801
34844
669039
675342
71629
684907
685488
59675
101277
85450
685921
689902
56635
690422
UAOIEUU
60551
EEOAIA
106897
666335
64668
673620
678843
683776
689142
697052
703539
707570
82803
707756
713077
76748
59584
714291
723674
AEEE
65893
704748
76423
68537
714159
91265
718232
70868
EI
76748
698448
706626
707476
87160
708893
84585
710847
710926
720455
106897
66276
59661
IUEI
IUEI
65779
711733
56635
101298
EAIUAO
700034
707181
713669
92616
719761
722965
65779
66499
729107
731398
740696
UIA
UUUU
700859
UUAUU
OUOAUOAOA
100995
EUOUUEIOAA
109207
UIIAOE
648912
59150
AOOEI
IUAUE
35593
601908
111049
602728
605533
59675
59726
UAIOUUI
600643
608050
616945
115968
621039
AUAUAOA
40401
61077
67568
594064
602164
608051
615282
67469
622185
86436
79491
629262
EUIIIIEAA
606729
610056
619231
115968
EIAIEAII
86436
EAIUAO
578561
581443
51061
AUIEAUIEA
96020
91292
91674
70993
54423
582652
589475
76555
592466
594722
OEOIO
591920
595992
IOO
56718
592991
IAOAUO
UOAUEOUO
549796
551368
AAAUOIOE
66540
79626
117492
553465
111049
553934
562166
566942
77119
AAAUOIOE
566577
47140
572088
576842
89384
583597
586555
81980
595048
UAIOUUI
AI
EOAA
566480
570001
575787
61182
583252
62901
586089
587597
589510
61182
593500
72173
91674
101872
85450
77530
595503
598035
607210
AOUOAIAEA
602493
610780
107126
116062
60049
620162
AA
UAEA
608440
77119
610283
60100
615263
622165
59320
EIIOUOOUAE
600144
53827
105541
99942
600639
601333
603215
611086
53783
615315
620072
622682
623215
627502
AOAUIE
115968
120396
106670
EOEIUE
609561
609949
619298
623967
EOEIUE
627425
58577
OOOAAA
624410
107050
61558
67333
626590
635677
106670
639226
85450
AUEAAAEE
620641
620810
I
621490
35593
82733
EAUAEEIEAA
UOIAEIO
117492
574014
577478
586685
591611
106796
591623
593974
106796
88860
45920
61558
124413
599041
AUAUAOA
62088
AEE
580169
580791
53783
589662
61436
597198
600906
93951
EIAIEAII
105541
UIUIAIU
88860
574577
575487
93951
72058
EOUAE
558808
59726
AUEEIO
69548
542902
544847
105541
97038
549541
107126
554970
563568
569158
575957
60514
EUEOEUOUOO
563331
77530
119738
EEOAAEOAEO
540420
67905
97559
547602
57637
550666
UOAAI
541897
UOAAI
543572
93951
93054
552131
UOAAI
547542
551883
552994
553428
558210
566040
569109
574961
A
78877
557817
558359
561764
568619
574304
581928
EOUA
563380
IOAO
537752
40816
45838
543586
73173
EUOUUEIOAA
526021
528637
531385
96155
533733
AAIIAA
39726
115968
83740
90530
I
78877
EUAAU
85895
59368
519329
99410
EAIUAO
111544
59726
73965
524422
526328
63951
531396
533071
116358
533748
543198
54613
105541
51061
547598
EAIUAO
114213
60514
OUOAUOAOA
76652
524077
IIOOIUAI
522842
OOIOUIEOI
506836
78320
511848
UIIAOE
511947
82482
70817
OIAEEU
68727
500318
503172
507486
39726
511684
512984
518322
92616
81937
113554
90957
85318
82482
64156
89884
59320
522483
IEOEOIOE
506516
66534
508910
511690
UUE
508000
72312
AUEEIO
491317
493486
494340
495710
IOAO
96993
495588
503697
77530
509985
514588
100774
114426
517843
525495
526657
534577
538123
108264
545262
548422
548466
107202
AOIIEOAI
68698
106796
98001
IIOOIUAI
68698
83740
533057
533970
90957
537842
93303
541441
EIEAU
OOIOUIEOI
504101
102741
114213
507137
76555
507803
85318
39726
59317
46568
OOAIUOI
114575
74745
AEE
464712
466366
101872
472663
482296
107692
90957
486767
496330
113520
83187
96155
504090
101298
513482
AUUIUUAI
516144
EUIAUOEI
IEAE
482112
487887
488302
494986
497955
120396
E
490828
500812
UEAIA
485611
494484
107007
62088
82491
494813
495507
AEE
468911
478736
62088
486607
105203
492602
92611
78320
65906
AEE
AOA
470517
479493
UAEAAOIUAU
114997
463896
102210
85450
112850
472353
67568
136247
472358
476992
UAAAAIE
463515
471072
474462
76652
128198
92616
39726
481268
UAAAAIE
474869
479484
489034
83877
UIIAOE
475624
56847
480771
486712
114997
UIIAOE
77969
491842
497097
501145
510736
68727
519527
524273
UAOOOI
516513
UIIAOE
514952
520014
101298
520420
64387
523335
EOUA
522615
76449
75522
526170
67905
66620
533506
535136
AOA
532421
85318
82491
61436
542344
543925
EEA
524046
532672
70989
538682
AAUUUUUAU
92449
527957
98286
AOAI
521806
UUE
91135
83172
515906
AU
509981
517282
67568
520581
56847
61436
530519
63124
89056
531484
173548
88860
A
526346
AUIEAUIEA
503874
510934
512338
IEOEOIOE
493196
64167
84606
495894
504591
IUEI
503381
508282
IUEI
517255
83187
520235
520307
520563
523784
525022
IUOOI
OUOAUOAOA
64697
493723
117250
94681
128514
503269
70817
509569
516617
AEE
84712
514272
122904
516121
72751
518718
EEA
84712
505629
89711
94681
57443
78320
104552
67568
509284
516770
56847
102210
518554
527534
528009
IAOEAUE
511142
102309
511512
92616
512507
OUOAUOAOA
509014
77702
511737
102309
117492
70840
516901
519676
525673
UIAIAE
506538
508363
173548
91292
515686
82491
97559
517019
110086
UIAIAE
81937
I
EEEEAEEEU
496928
505828
510393
513987
514475
117492
96993
80950
521536
522681
75522
OOOE
526177
528578
107145
536633
546552
80950
67905
173548
94681
OOOE
72892
554682
557176
560516
UIIUA
545245
108364
551992
561456
UOAUEOUO
563153
75522
AOUOAIAEA
568677
575733
579802
586284
592224
600364
UAEA
121605
128942
607888
EAOIIAEAO
114213
597599
602383
602560
607128
608684
65529
612577
UOIAEIO
597670
600946
603431
81937
114836
606517
615395
623798
130994
93303
624425
634349
638301
644315
654151
84712
118069
657049
661137
663712
AIAOAIA
661157
39726
670209
671035
678118
683225
691774
700131
81067
136070
101298
E
110086
88169
689836
92060
692927
76971
700768
OUU
681370
686113
693464
702328
707597
713203
124116
714245
EIAIEAII
698517
108030
102741
102741
706978
IOO
110086
701197
72751
703026
711240
110086
718706
720245
103305
65529
67067
IIEEIUII
108030
83759
703849
707052
711240
721070
88169
723937
729756
IIEUE
91442
716821
72892
72761
EO
89599
61182
102309
70840
UIIAOE
703258
AOOEI
92611
696710
706065
706397
76971
707492
709435
140868
711233
720509
85833
83759
86441
113554
59726
84222
102309
84606
92611
721376
66664
AOOEI
712221
OOAIUOI
117965
173548
UUUU
675384
675844
56516
678819
67067
109164
EI
662719
662743
667102
94681
102141
670755
678275
UIAEEUI
670719
120338
672877
EAUAEEIEAA
663529
EAUAEEIEAA
105711
671293
47920
679019
93303
685397
61159
61182
EIEAU
EEOAAEOAEO
662691
77702
85683
AUE
659005
662372
663185
663202
672673
AUE
681573
691412
697047
EUOUUEIOAA
676149
676527
64028
62022
144768
85683
146072
EUOUUEIOAA
72761
UAAAAIE
96381
UE
89912
85930
UE
81983
637088
IAUOUEAA
UIIAOE
IIIA
78320
591955
593349
597727
105785
81937
AEEUO
AEEUO
118239
88468
110054
571502
75054
UEAIA
88468
546522
550090
556779
UOIAEIO
90949
AUEOUOUAU
524859
120338
EAUAEEIEAA
89912
64028
92456
523032
526478
534654
539843
541622
92456
542124
EI
531760
EI
88468
530937
56847
72796
OEO
84340
514320
78320
73515
EEAAOIOU
505519
514845
515904
79535
518524
82368
520589
520605
524912
IIU
512075
520051
84340
520361
102141
96381
51411
UAUIUUU
507589
512988
92616
60100
516076
72007
105785
84340
518250
524278
130057
81454
531991
534494
541865
65747
AUEOUOUAU
EEEEAEEEU
495961
95832
502992
508301
OOAIUOI
485656
131361
491299
497339
91112
145046
IAUOUEAA
AUEEIO
456611
456636
122333
81937
85851
130994
92611
464679
472621
IA
450013
64028
92599
453674
460596
UUUU
446067
EEEEAEEEU
122333
66540
EEEEAEEEU
92456
106808
47920
447809
451459
453202
64028
120451
57862
89912
75093
453240
154127
459901
463611
73515
82284
IA
463365
81983
145872
91657
61182
EAOIIAEAO
455671
463849
95046
85612
118899
468576
81983
477988
117346
61182
EEA
83172
454232
457429
466590
AI
OAIEEOU
448005
65103
455047
75093
IOAI
443412
118899
448718
448868
452582
459003
468355
AUIEAUIEA
447877
453090
180194
460412
462553
85612
UEAUUO
UOIOIOUE
EAUAEEIEAA
403596
85612
105711
76971
94448
412529
AAIO
EUEOEUOUOO
359435
365643
126824
371440
154127
380969
386345
389883
UIEO
384614
OOIOUIEOI
AIAUIAEIAA
152825
105177
373291
OOOAAA
101930
351630
360222
117346
AAAUOIOE
EEOAIA
102884
346271
346424
133304
84588
70253
353921
357746
61972
IA
118246
84712
337229
340068
70626
E
336127
337932
343180
OAAIO
326201
327910
UIAEEUI
AAAUEE
U
283745
285844
134127
OUI
126824
275153
OUI
IUEI
259310
261098
AUAUAOA
79042
235631
243406
111397
249488
84588
67215
251075
258964
262989
97774
264863
51411
270239
95378
273752
UOAUEOUO
84340
126476
126824
66768
258071
265566
267578
114525
70834
268438
269275
IIEEIUII
256382
265653
267001
135715
90278
IIEEIUII
75811
132890
266024
269185
59714
279182
286832
296138
59747
98865
AOA
77742
AAUUUUUAU
IU
229124
IU
229800
110054
98865
234304
91670
135380
59714
235942
51411
244794
EA
83253
148133
96486
231214
EOOAI
230253
133487
237124
140274
94145
243277
243993
250690
251590
116225
83253
AOOEI
248288
130612
AOOEI
69149
249938
AAAUEE
106796
118246
234528
89051
235317
242471
70626
250577
253602
87336
257744
263470
70201
82430
272450
277207
286122
82284
293025
294634
301502
310905
85511
312977
69149
93302
93369
103392
315851
316723
321813
AOOEI
306291
311659
82430
312670
63883
116225
320440
IIIA
67131
111327
OAIEEOU
81965
285342
294244
294900
135374
116225
119094
EOAA
271983
281083
107324
117346
285848
77526
291409
293125
61492
296971
300542
108317
69149
EOAA
303705
309552
78378
316447
323685
327077
335554
343565
64814
102141
97894
OUOAUOAOA
96486
322426
92927
330093
330176
331611
333749
70834
120817
91318
342242
82284
OUOAUOAOA
346930
129295
348954
AOUUOO
324973
78431
333799
93131
342424
346420
94681
EAIUAO
338144
338654
344240
349791
OOOE
347809
352335
354028
355993
120817
EIAIEAII
AUAUAOA
350745
128897
356792
94681
79535
83253
115593
EA
116524
UE
121698
EOUA
96757
312402
319611
81965
139338
AOA
93369
130538
126617
83812
AOA
114525
EUAAU
287106
289451
98865
298784
114525
308247
UUI
86997
123659
308947
67067
94681
312999
UUI
313462
314952
101138
318477
108317
121324
328156
66768
125020
148133
85511
UUI
334267
343393
72796
151917
344413
72335
349209
350352
356487
357769
OOAIUOI
IIOOIUAI
345498
EUIIIIEAA
IOAI
341525
345767
143906
122367
IEAE
336720
126476
107700
343125
348322
358122
367556
OUI
354204
AUEEIO
II
319862
UOAUEOUO
100577
UOAUEOUO
150324
103140
308358
OIAOOAI
83812
310326
97774
317822
322482
EAUAEEIEAA
300475
303811
307266
316334
324487
99977
325875
334780
341119
350663
151457
356378
109225
360428
362974
365078
95378
366798
120034
82233
AOIIEOAI
361379
363891
149848
367109
368651
376354
114647
384033
393366
402144
405798
409842
96425
AUAUAOA
UOIAEIO
380626
64893
388302
UIEUUO
EAAUUAEOAE
342774
83812
96486
350424
108964
U
350229
U
349106
103480
356917
362426
367281
143906
375727
OAIEEOU
362752
366536
369904
101138
105330
83481
78431
372887
381215
IIEUE
164098
377675
85930
67131
380183
385430
96486
136889
391221
392165
398834
UUI
377714
386701
100600
393820
EOUOOIEOU
AAAUOIOE
67131
AI
343170
346320
348160
162717
85342
348673
AUUIUUAI
343697
67131
AAAUOIOE
320437
330032
66768
336625
183707
339730
343004
347428
AAAUOIOE
351441
352743
183707
356674
364102
107641
EA
94915
364376
366551
107641
368297
EA
EA
363619
369386
373619
AA
137502
357640
AOUUOO
346611
IIU
101777
EOOI
340035
EOOI
96486
IOAO
108906
317085
319405
AOAUIE
61997
107324
93988
303183
303435
98870
310579
IEOEOIOE
116795
292539
EOUOOIEOU
276996
151227
90510
279059
283858
54025
284973
288976
99737
289728
183707
157011
AIOUOOE
266731
130538
95450
270627
277357
AAIIAA
273732
279002
129519
286419
292129
114317
86997
OOOAAA
296050
OOOAAA
294605
298270
300333
307919
314018
A
290686
EIEOAUU
AOOEI
129519
127688
AOOEI
116029
271504
UAOOOI
AEEE
AEEE
75490
257448
UE
E
233212
OAAIO
OAAIO
221965
223569
226611
233807
93369
235416
AUIEAUIEA
AIOUOOE
128237
208451
216336
225339
226624
UIEO
220120
222021
EA
117463
205587
A
201978
206052
IOAO
90510
106561
200317
209156
126204
87908
151366
216891
219412
220988
226200
IOAO
222293
223959
224632
227744
77526
136889
236400
111752
69918
106584
243461
114317
251760
120608
260773
104862
117725
270289
279121
280737
90766
281414
285747
287039
295742
300044
300666
301175
UIIAOE
83481
280884
289489
EUUOEI
271728
79042
UOAUEOUO
261620
271605
274311
95777
109574
159902
158650
283940
286211
104571
59747
87640
AOAI
286767
128158
294109
300320
UAOOOI
122064
276231
108964
IU
119325
271322
276308
285727
285941
EIIOUOOUAE
258021
260140
67215
267269
271215
277237
136889
285570
289242
168819
290773
299971
85342
307418
134357
309849
315544
AEE
AEE
300657
302362
303394
311728
315059
UUUU
308659
317223
324500
EOUOOIEOU
65436
UAOIEUU
294885
106561
OAIEEOU
290121
296939
299983
303046
89721
304037
309744
108220
112442
315504
323479
107324
324982
AUEAAAEE
306409
98933
96183
92538
315365
319742
329466
334614
342330
343292
352237
121324
EIAIEAII
99904
97536
129295
348202
139071
100600
357518
358910
367270
121324
376082
101285
132504
68996
119538
379169
UUE
378316
100600
UUE
111752
381484
103480
122064
389388
394318
394935
136889
EAOIIAEAO
379070
386419
OIAEEU
88667
383321
385830
86167
386438
111295
386646
93369
394010
112442
398215
408079
UUAUU
400398
405999
136855
112536
414709
423817
UOIAEIO
104862
IU
129553
106561
132504
393185
171242
89721
E
383450
386033
AAAUOIOE
114608
373924
374575
137511
UAEA
AOUOAIAEA
111752
104571
352787
129553
360058
360189
129519
362861
370356
374272
98086
379382
AU
AOAUIE
333687
UAOIEUU
EIIOUOOUAE
83238
78031
EIIOUOOUAE
101559
304255
309182
315924
325472
331029
332471
96557
336133
127463
346080
352206
357038
366368
371264
374741
92538
108510
378523
UAOIEUU
AAUUUUUAU
350477
352387
87908
125690
OIAEEU
343170
175552
67215
104865
349057
358158
AOAUIE
353058
353501
354923
360891
368991
104865
129519
371521
373680
373920
AAAUEE
AAAUEE
AEEUO
132237
338209
A
331417
332895
86081
333074
334727
343910
AAUUUUUAU
322914
329573
EEOAAEOAEO
114608
168734
319196
328589
335060
175552
335915
339851
341497
EEOAAEOAEO
343765
344409
354116
UAAAAIE
348769
350334
351015
356122
356567
UIUIAIU
UUUU
326103
113407
335087
IA
86081
321358
69958
326358
128897
330794
332925
171242
69381
92538
341627
342091
346898
161694
351135
126381
147794
352261
150941
169509
359436
71584
110265
85930
366331
371091
376970
115634
383456
387904
111733
EUOUUEIOAA
140055
O
346612
347497
353565
96183
359549
367964
UAAUOIEEAA
159577
153027
351467
357555
360456
146019
99192
363326
122515
365607
147229
370615
375143
379783
388207
390920
393341
399034
405883
97203
410010
414365
IIU
IIU
388826
389610
114317
392324
400761
EEA
138732
138587
386555
UOAAI
71584
370401
379818
381292
386545
395014
104865
395494
117933
138587
397200
108204
398976
AOA
160370
395679
397503
AOA
86167
404054
404241
69958
135502
122169
97345
405960
101559
411868
418326
426636
169509
435098
435294
439619
445277
139071
451310
453824
455452
457426
160370
136261
460023
124495
AOA
466941
470220
63883
478331
UOIIUIOUUE
477865
135674
II
465087
470309
476133
485759
UAIOUUI
477727
477859
487407
490872
494121
135238
91579
502015
98086
507139
IAAAUOAUI
97536
131019
122515
101740
135674
481165
103828
IAAAUOAUI
487605
488788
497098
IOO
483693
491989
498856
505293
513172
UIEO
101740
160114
137309
138236
UIIAOE
UE
452355
138587
77507
116029
453824
U
104865
EUAOI
431811
AAIO
209781
439560
443590
163701
450684
451399
UOIOIOUE
98086
423570
124495
90635
432346
435767
97203
155183
97203
EOAA
137309
440208
449209
E
I
427390
97110
IAOAUO
422860
91555
67215
IAAAUOAUI
109313
146610
426048
432952
109298
439478
449144
IAAAUOAUI
454383
98806
456934
153027
88527
463336
128048
185184
114147
469549
EUAAU
AOA
427703
163340
127062
116137
AOA
433910
144376
435884
436005
UAAUOIEEAA
103828
419372
422004
113176
430111
430585
129182
104297
126111
115634
OI
139792
409276
105896
116478
418378
EI
398948
399724
406342
128048
EI
406881
108510
116478
UAUIUUU
394315
403564
406625
415192
418775
183910
428621
EEEEAEEEU
418595
97203
426702
105896
105896
432690
437702
90692
159577
94773
UOIIUIOUUE
425267
431993
434662
128048
131019
442008
108143
449146
454975
456556
462989
115634
140790
AOOEI
77526
451671
457445
466931
IUEI
446579
AUE
429307
100329
135238
115634
97964
439148
89721
442020
163238
442251
AUE
IOUEEEO
438821
444363
453423
458673
IEAE
445090
454771
461043
469870
124453
478229
485223
490172
494464
502063
EIEAU
484235
126111
138587
II
467518
69958
132737
123388
II
AAUUUUUAU
448883
455945
AOAI
435900
436578
444588
153027
IA
IA
122899
156448
418140
420993
83689
430454
434573
IIIA
146612
426968
84912
132557
110334
159577
431082
92538
133954
439429
440689
180860
127208
85930
441330
UIAEEUI
115634
AE
404597
407782
408721
122515
417869
425232
431710
IIIA
402969
90635
411020
138587
417465
67215
114147
EIIOUOOUAE
412188
416220
420810
156448
422491
423435
85930
OUOAUOAOA
410349
414037
71663
422078
422137
146019
147229
427589
428103
113420
92538
EIEAU
IA
410588
108105
145746
EEA
139792
108592
108204
387727
EAAUUAEOAE
109313
UOIOIOUE
347258
114071
EAUAEEIEAA
334208
115679
341913
166195
97345
IAUOUEAA
101779
94522
85769
97964
323248
101559
330983
116154
335490
90705
94535
71663
102072
344701
346587
67215
122034
356098
358494
363299
127208
OOAIUOI
OOOOEO
330507
336068
92538
336723
339986
348140
133030
126923
OOOOEO
OOOOEO
127208
AIOUOOE
AIOUOOE
176507
IAUOUEAA
AUAUAOA
278358
116883
123388
113420
99250
97345
106092
UUUU
270871
280260
OUI
OUI
95816
94522
279383
284592
156421
94522
285096
292066
EOAA
111295
156448
288679
80176
294406
301954
EOEIUE
156421
289433
295965
298383
306311
308794
85769
UE
131154
287805
296076
301740
302190
157379
UIIAOE
276056
127062
282451
287300
127742
142513
292229
OOOOEO
EUOUUEIOAA
272869
274401
110138
280834
285252
109313
292023
99192
AEEE
292749
293573
IAOAUO
74918
275041
OUI
102010
EEEEAEEEU
135238
UAAAAIE
130642
117933
182447
243635
252736
97964
261480
UAAAAIE
OI
172256
242229
244414
141937
EEOAAEOAEO
178069
217570
224733
109313
234014
238135
248110
166195
114401
111295
99402
98086
253493
71663
255970
130642
107339
260964
265761
272249
94181
278569
94181
113454
279766
123131
OOOE
AUEOUOUAU
93496
249301
254175
130642
157379
261609
130074
166195
AUEOUOUAU
EI
251492
252258
254038
257989
138009
215003
IOUEEEO
99309
98289
113454
250246
258083
E
EIIOUOOUAE
247674
167500
254022
259532
130282
84912
266007
UUI
255780
91243
264494
266938
EIAIEAII
267086
272216
AUE
130282
85955
EOUAE
EOUAE
UIIUA
240828
99192
247391
257229
147229
84912
122588
259504
261382
263677
UUOIEIO
249348
UOIEOOEEO
101740
UOIEOOEEO
UUE
115564
220896
122588
227884
178069
153961
231978
237437
90705
EUAOI
222326
EUAOI
227051
OIAOOAI
99821
228984
235865
74578
102478
185184
UAOOOI
229773
138369
235508
237879
240045
145544
240967
244580
99821
248586
OAAIO
237516
121439
EAIUAO
UOIEOOEEO
133672
114869
105832
218736
220260
127742
100022
221348
158479
140101
230727
239239
242782
246819
252654
256257
98289
130705
96233
257887
258364
264193
271316
272172
153961
281570
283649
121439
167500
283932
175996
293553
AUE
133030
288791
295233
304881
311554
314595
322351
322998
IIIA
321472
326284
91243
328237
AOA
306605
AA
289221
298232
91601
302671
311791
321543
325389
327702
114147
329274
338644
162723
345779
346461
IEOEOIOE
124880
344640
346661
106092
115498
IEOEOIOE
347212
EOAA
EAOIIAEAO
313061
321496
191437
330210
338126
113454
104632
154230
181312
338421
EOAA
334684
IAAAUOAUI
320018
322337
137756
322901
324908
157097
AUEOUOUAU
136159
168678
OEO
IIOOIUAI
287038
121832
292522
296673
301995
311022
68230
UAUIUUU
EUUOEI
85769
268260
117607
271683
99821
197130
167500
176936
122882
275965
149302
113454
106072
117933
144251
284033
137256
115498
116739
292661
293014
157379
302219
99821
302696
EAUAEEIEAA
153893
278841
172256
99192
137756
280788
288657
297328
108179
159902
EA
302375
180002
149623
EA
304816
EEA
281574
290614
299377
102010
309086
120037
318236
149302
321014
329303
94272
338367
340747
348321
351924
357620
363060
363556
364204
371186
378890
139722
111901
105680
385986
386593
388088
149623
393826
403096
411921
145544
414223
EEA
412539
UAAA
106115
403616
108969
EOEIUE
180002
384474
385447
UOIOIOUE
80176
377739
128590
382716
UOIOIOUE
382377
126923
386803
389231
394588
129870
395888
400998
406850
IEAE
379753
382119
91601
386629
393143
393257
394856
93048
197130
397040
96701
135025
111978
132745
IEAE
108179
EOUAE
374109
EOAA
124372
363387
EIIOUOOUAE
358735
365837
UUO
354514
361622
368385
371562
UOIOIOUE
173055
352540
361236
365687
366931
108179
126923
376211
153961
381134
118572
107611
389924
395646
398410
402509
407016
411521
138009
133779
411709
418724
422053
124372
425087
425137
431599
UOIOIOUE
116088
178069
432598
EOUAE
153893
417349
422694
430043
179350
437071
441728
451440
102072
IUAUE
434593
444448
UAUIUUU
432121
OIAEEU
415167
422797
431139
441103
147229
449434
450227
92430
AIAA
172256
441383
153961
443670
IIOOIUAI
419287
EUAOI
394041
I
389492
129548
395389
397067
397086
173246
74578
98989
404084
135240
409354
417518
142068
I
121832
91601
106115
418056
418987
172256
UOAUEOUO
392944
397504
401533
404389
413835
AAIIAA
392285
71663
UOIAEIO
387852
130705
AIOUOOE
375185
147154
375508
385501
138185
389158
398271
407494
413959
97085
423192
140394
AOOEI
91601
120037
146722
195841
111978
179350
134627
420744
117922
427618
140394
139135
437018
440897
118667
AUE
435259
EAIUAO
101130
UOUE
140193
E
129548
141563
404684
EIIOUOOUAE
407312
115634
415003
IAOEAUE
409646
84912
409757
234297
411281
159902
420595
IAOEAUE
424447
427489
166833
437223
163650
438701
121995
443200
444984
132782
448444
118277
158387
450895
OUI
428065
114401
AE
128590
144904
416606
417363
417633
IOAO
409413
410092
412072
101049
415898
162632
197864
122404
IOAO
OUOAUOAOA
184814
136159
112092
403016
114401
179350
409980
112678
417979
136159
427249
115498
IOAI
151586
423933
430898
437003
130223
132745
OOAIUOI
AUEAAAEE
97085
162723
404468
412109
210686
414501
154541
418014
112549
425848
EIEAU
UIUIAIU
382809
117607
97964
386418
EUUOEI
365989
371605
371621
130705
121308
376413
115207
EUUOEI
376454
AUEEIO
376721
OOOE
196797
374615
378404
382323
387796
AOOEI
388240
396111
135025
135025
396752
400876
197864
406521
408627
413014
418424
171194
146722
423003
431800
117607
435204
94272
115498
445103
117922
454806
457974
AAUUUUUAU
88352
441636
442032
449491
452025
UUE
118906
134627
159902
434020
IA
431615
434784
442483
147735
UAOIEUU
442365
130223
445439
122404
447861
141797
EEA
162632
440337
160242
133162
UIEUUO
413298
420786
425858
426866
429336
436128
445938
454898
461230
142318
EAOIIAEAO
196797
456696
460662
465795
AOUUOO
446075
AOUUOO
450941
460516
465710
EOUAE
166914
462378
468313
UIIUA
UOUE
OUU
118256
404639
410282
130604
107737
415269
423923
430771
435471
AOUOAIAEA
AUIEAUIEA
407858
141839
145723
412014
418527
426700
434487
AUIEAUIEA
AOUUOO
411479
419015
EUUOEI
406577
177482
406730
408051
162632
112092
414024
416540
417955
83298
421834
156107
430022
434523
438818
441921
EAOIIAEAO
441970
133241
UEAUUO
157367
129013
437655
440218
441727
IA
421729
421743
112549
EAIUAO
397341
EAIUAO
396353
139012
110076
97964
115634
400607
409581
AIAA
388739
112377
396267
402803
105680
122709
93048
160071
406599
409231
EOUA
388541
132745
398167
114655
403936
194764
411739
168393
421667
429320
UAAUOIEEAA
421026
422951
UUAUU
411795
172844
417082
138185
164776
423636
425145
97222
167892
432221
166833
441725
166455
118256
442347
116088
142318
447223
452071
145623
459039
IIEUE
202065
112377
445018
172844
238748
453910
97964
462700
468090
473634
IIEUE
476276
484204
492490
97964
497485
118286
498787
500986
171040
124644
502706
149602
138185
130006
IIEUE
149602
137169
502508
502968
503525
114655
UOIEOOEEO
490257
498281
199948
502474
508613
115207
173055
516021
521361
EIIOUOOUAE
105680
525686
526309
143126
158838
531345
531503
534880
541654
OOOAAA
522874
529802
531857
536113
172844
537313
122029
541164
544169
167892
552427
201244
554277
UAEA
130705
549460
98616
556089
97964
201244
559451
562170
149602
569093
132588
159545
112092
156280
570348
579910
586792
EUIAUOEI
575866
579647
93211
585640
94189
90774
593481
594392
597000
138036
172844
93048
600384
EUIAUOEI
609767
174409
614729
125670
170877
618308
619198
156107
628562
634717
639546
644777
648396
657523
115207
663726
670107
677739
EUIIIIEAA
655747
665253
AEE
178686
652733
AOUOAIAEA
117922
654300
OOAIUOI
641150
AAUUUUUAU
149902
124882
AAUUUUUAU
122709
114655
616626
133241
617220
116310
626151
125670
159388
123227
197864
162632
84912
118286
627399
628859
630619
638051
643291
84912
93211
649667
E
639861
218341
641956
93211
167207
UIA
UIA
621823
626876
107737
EOOAI
137169
U
580488
585296
172844
190505
593228
602182
607983
112755
180000
U
608394
617541
98616
167870
619184
625149
170820
632327
OAIEEOU
199948
122671
613304
197864
621834
630242
127761
99379
130006
632082
640128
640399
644851
121308
138185
652057
131885
OOAIUOI
650985
657421
662304
UOAUEOUO
649615
657484
666423
196797
199854
EO
170820
647288
651585
EUIIIIEAA
631068
IIEUE
617966
619894
625413
627280
118906
632648
199854
160674
637696
EEA
627241
627662
IIEUE
611964
613260
622904
129013
627891
632539
634278
123227
123666
146229
134627
638757
EOUA
OIAEEU
592798
602321
IIIA
161988
587535
127761
159224
176604
593422
105680
123227
189308
110938
601005
610745
190505
617155
617247
IIIA
AOUUOO
103764
588887
590902
599789
OUOAUOAOA
245824
168466
140495
592720
597201
598174
134017
105170
602028
122029
134996
EOOI
160674
167207
585309
105170
595305
245824
596341
91737
112755
600048
140495
135929
601754
EOUOOIEOU
133241
588009
85601
593693
603110
103764
124644
IIEUE
EIIOUOOUAE
587951
135270
126157
591920
136542
596361
596852
140495
604957
IIEEIUII
179814
U
140495
585635
126157
137228
586256
187679
590806
174409
142203
596951
599856
112755
606264
133241
IU
AOOEI
96927
OUI
540583
175849
545588
176881
552446
AOA
553818
110938
558752
567963
570209
575508
OOAIUOI
93211
103947
AUAUAOA
532268
129357
112584
542176
549796
551097
560347
567655
EUOUUEIOAA
126157
120258
558862
UAAA
534841
541870
EEOAAEOAEO
UIAEEUI
520528
526695
530553
EUAOI
88573
187679
AU
516721
524160
UIEUUO
112755
145623
532663
207652
163075
535955
UIA
529148
529183
530180
AA
524764
