0
6770
13878
21154
21974
0
24502
30814
0
33944
36964
0
37057
0
0
46592
0
54581
61227
UIEIIEUUOI
57576
IEIIIU
38306
0
43338
45413
0
0
OUEOUUEA
6312
0
0
0
EUAUU
0
0
7925
IIAUA
0
0
0
5794
7356
9529
17718
IEE
0
0
13220
17033
22598
22778
0
EAIAAOE
0
0
4483
5215
9428
10000
19730
22509
27339
OIUIUIOOAU
OIUIUIOOAU
5892
6257
13733
UO
12213
UO
3020
12892
0
UO
13536
19419
25706
0
28521
31010
0
EAUIUU
8809
12819
0
21814
28608
0
0
28713
0
OO
23347
0
25643
0
28458
EAIOUEEEII
24688
25001
0
EAIOUEEEII
0
0
0
0
29321
EA
17406
19282
21340
OEAEE
0
25147
OEAEE
21535
28566
34538
37362
AUIUIIEEO
0
0
24955
AUIUIIEEO
IIUOUI
IIUOUI
1797
0
0
2005
EEEO
2484
7052
8295
17194
20325
0
28036
0
33785
40280
41750
0
14835
0
50577
1467
0
6933
0
105
0
0
0
IUIIEOEII
0
0
0
57944
0
61900
0
UEUUIIII
7615
50461
56622
0
0
59837
UEOUI
EEA
11466
0
0
0
16574
25095
33394
4830
IAUEEEOEOA
IAUEEEOEOA
5961
0
0
9844
17545
UUA
0
2601
2818
6312
0
6312
9742
IIEUAAIEU
1243
5108
IIEUAAIEU
5722
13481
4757
15669
19625
0
0
0
IUOEUIUUO
0
0
9174
17389
AO
0
OO
9098
0
13472
18290
22103
32070
40136
42214
0
42332
0
42527
93
46878
0
50613
0
53152
I
3486
41204
0
49964
2075
53772
59451
EUUAUIOUEA
53221
58473
0
68031
7701
0
4893
70244
77013
84567
92390
95957
101090
0
7615
101150
0
0
0
107890
115734
0
0
124794
124825
IAI
120394
0
129461
4632
138412
0
UIEIIEUUOI
0
122280
126412
0
0
0
UUIAEEU
107457
0
115975
0
0
125280
0
134348
0
135565
0
137715
140334
146253
0
154967
2349
UUIAEEU
2296
0
158481
161351
0
165011
0
2349
167332
0
2349
5108
168928
178642
0
0
EEEAAOIUII
162479
165348
166655
7476
3956
0
1243
0
EE
156395
0
157237
2897
164869
172536
175130
UOAE
0
173482
174424
177256
0
0
180612
OEEEAOU
176182
0
7031
179461
180207
181100
188362
8899
AIO
169401
732
169597
178753
UII
8827
2815
3017
0
7759
162529
169136
177983
184298
UII
184313
1243
185371
193826
202569
204727
206586
215179
218315
227205
9730
AIIOI
213178
0
0
213582
223568
0
4132
229715
0
180
0
235684
0
0
6794
236112
OIAOUAEEAU
UEOUI
1243
732
0
0
6770
208
194166
198764
199600
1876
199980
204068
IOEOIO
14835
0
0
0
0
206050
215056
223038
AEOIIEEOOO
4757
229162
6287
UOAE
0
233920
237336
242450
251113
0
251297
0
255444
8951
264473
268721
8714
AEOIIEEOOO
5565
0
OIIUAE
242985
IUAA
6740
215751
4796
223567
224209
228736
237116
7759
6495
246345
560
248562
250123
250406
255576
5574
257819
265598
274144
UUOO
250735
9481
0
259305
UOOOEIA
235117
239683
242562
EOU
228001
235945
244094
AUEIEEE
10975
234868
UUUU
3883
0
219430
221588
0
0
227687
235601
244315
248741
EAI
3020
232198
0
241864
248565
251491
255774
IIEA
253965
255719
10130
7278
0
UUIUOO
232344
235944
240483
245036
254804
0
0
0
3956
IUEAUEU
233668
9179
0
236744
240913
10867
12636
UIEIIAIOIO
0
221207
227977
231176
836
0
238388
UIUA
UUA
212053
0
216732
OOEEAEU
9986
UIOUUUEAAO
4796
IO
UUAUAU
3735
137865
139378
147157
150658
154104
155156
0
3215
162284
7262
AUIUIIEEO
138776
143185
1558
UAU
121974
131442
0
140252
2078
142723
150885
156548
158761
163609
163610
7554
9986
172407
0
173829
0
175516
181767
17483
642
185900
7615
190126
180
15480
194818
197462
0
204734
208396
7338
210639
216319
218126
EIEEIEEOEO
0
UA
186316
189709
2824
192602
6585
193979
197850
206995
31
208713
213507
222648
230469
OIOOUI
231187
237197
7031
7615
1695
240004
243440
244867
AUIUEEEIAI
1859
232118
240692
247800
256769
265453
IEEEE
263379
0
AIIOI
265912
6740
265958
268652
268999
272182
273475
282140
0
283460
OUOIAI
274380
3163
278603
284967
292226
301879
7338
304032
307166
315037
320239
321210
323860
324720
UEEOAII
306362
313098
8847
319828
UOAI
314170
316647
324095
2217
560
331017
332169
340926
5044
UIIIUEAIAE
321390
324645
0
0
12602
EUIAAOA
0
306834
308775
315599
320870
329096
11998
2421
0
329995
404
EUOOOEOI
0
302706
AUEIEEE
313
292063
299659
IA
297108
2078
12602
9647
EIOAII
289121
AUIUIIEEO
12620
285179
291927
8844
2321
298877
836
13168
304509
11179
0
306478
EUIOIIUIUA
EUIOIIUIUA
286738
5531
12125
294045
6387
9623
296244
304177
307220
8996
313028
320429
AEI
7816
6312
318446
12417
AEI
322101
322416
328398
329664
332134
6287
332467
0
336262
0
25744
IUAA
322033
324580
330229
338685
348018
14683
350531
18425
2824
353766
0
362712
367828
11749
370354
378650
385953
5679
313
394396
396765
399730
EUUOIUIA
6010
8714
379101
389021
398661
399563
401876
404660
413547
419790
423015
426947
427202
429842
13197
437186
446543
9814
EUUOIUIA
2421
449138
AOAEU
12575
427491
435766
437014
0
EEI
7816
UUA
390879
395647
19607
396997
EOOAUO
18340
428
5565
II
375954
EUA
358596
366184
368495
EIOAII
345806
350835
0
355247
8969
24773
360672
361012
369516
373522
13831
12620
382181
389179
393356
403255
406630
411138
2926
415279
415412
IE
5133
2429
390679
2650
391405
394670
OUEOUUEA
OUEOUUEA
378954
4568
379414
IOEUEUU
361386
369932
372878
375100
7338
376647
2217
10975
4248
0
IOEOIO
5526
11034
363831
0
IOEOIO
366287
2421
372445
374388
375880
382235
0
12575
1941
383551
390942
2321
313
393066
400020
0
400238
2676
1562
408464
UOEUOEAE
11120
1693
0
389980
AOOE
366687
20433
10975
EAUIUU
3134
367690
10706
OEAEE
358535
OEAEE
UOAO
15455
OII
18425
351319
EAOOOEIE
352357
19152
3134
313
352365
19152
357782
12339
1859
363963
366241
2807
8847
AEI
OEAIUAU
5533
326406
329571
IAE
47
3778
0
319417
329007
2676
IUIE
305985
0
0
5247
12810
EIAEA
303643
310583
EUUOIUIA
313450
17137
322000
331926
OUI
17418
0
0
8055
324537
334118
336221
342626
9179
350767
2807
11146
354414
356105
359933
EEOUII
355412
EI
10140
UIEIIEUUOI
23154
328700
4830
333620
EAOUAOUE
2807
326072
327663
337191
EAOUAOUE
345090
354007
OUOIAI
OIIIEA
326036
334999
341117
346085
7476
355436
11146
1693
0
OIIIEA
351319
354593
IEOAEOI
IEE
5133
4553
3845
EUIAAOA
299207
303406
307536
7392
317405
324023
2296
330549
337173
9535
11163
342301
15682
350780
10031
6751
EUEOUAE
OIIIEA
342056
349575
355937
365316
370401
6428
377418
378954
383293
0
1562
0
7554
OEU
OEU
19036
13481
344292
13871
6015
353070
357378
359969
EIIEAE
343832
12602
343983
344840
349156
350482
17418
3813
358776
22543
10863
362628
364483
374123
20433
17205
378827
380292
0
381699
AEI
377848
384616
IIEUAAIEU
386437
UEUEEEEUEA
381296
382704
386872
19808
390423
393487
UUIAEEU
386135
UUIAEEU
OEA
377811
385543
391523
392009
AAOUEAO
392718
11179
9179
396978
402159
12602
2153
409177
1986
415175
415256
1562
419904
1876
422120
OE
EEOUII
12341
376727
379834
7914
6740
22543
384280
AEI
12389
371779
381411
14608
5133
IAAEO
8931
6971
OEAIO
UEOAOEUI
319357
328710
329550
17317
0
336277
0
12389
EUEOUAE
0
335363
AUEAOEOA
11691
332244
IEEIEEAOI
2322
3265
EUEOUAE
314559
21565
319013
14328
320329
325473
334196
334444
313
18208
1986
337157
340336
0
899
7070
15808
345713
347289
354681
19783
EU
332639
339792
15215
22036
184
347202
356661
UOAIAAEA
19499
OAUAOEOO
UOEUOEAE
3795
305386
307552
3426
313533
13267
321441
326478
UOEUOEAE
326724
333691
334085
334920
9581
343265
345271
347462
3305
4553
349209
8951
7070
351551
OIIIEA
336747
339093
UEEAAA
327350
331080
339623
346237
2217
0
349958
10308
357478
364594
370390
3235
380255
385411
0
2188
388368
4568
8075
10378
14608
394092
402542
4568
410505
IOO
0
19783
UOAE
EE
390255
23230
19607
397678
7821
12836
400968
408492
415937
421507
430484
432136
23207
9535
18468
17401
435595
444589
449935
OOUIEUA
IEEEE
4830
16196
423728
424631
6312
434167
444033
452284
0
455987
462062
462104
18316
468480
8983
0
468484
16218
32918
472540
481858
489911
IOOUOEO
OIOIAAI
3795
451522
459011
7070
OEAEE
17205
445391
449768
EIOAII
OIIUAE
441689
447550
451979
19808
456243
8298
AAEE
434738
AEAOOEIOAI
418475
5123
19607
425948
432690
436888
27330
442683
11179
444007
448032
452187
457681
461609
0
470351
15650
479549
484074
OUOIAI
UOAE
462051
6387
466523
10975
467675
EUUOIUIA
443345
443709
446638
456486
457134
IEIIO
IEIIO
OUI
33928
3416
419981
426125
11359
3147
1555
431164
434743
14683
441801
5123
0
11691
442513
5133
6428
8612
3147
450376
458109
8834
464359
470537
IOOUEAEAAO
472290
472599
472771
478517
486044
490073
OEU
468393
UAE
2421
466103
IEE
455574
1555
462532
14608
464187
473139
476834
IEE
23154
479963
7031
17317
EUIOIIUIUA
IOOUAOUE
459736
461674
471477
479955
483220
EAUIUU
0
EO
466647
6770
EO
468860
478799
486995
16571
488536
488595
492906
EUEOUAE
482479
10140
485569
6431
490112
14076
12341
UEUEEEEUEA
473913
16227
16806
12180
475311
30278
22909
484009
IIUOUI
16833
25791
3416
27330
480126
489010
491552
IAUEUAU
473440
IEOAEOI
184
EUEII
455837
463195
466955
473601
479649
26993
484425
485847
493620
3265
503078
EUEII
500398
503815
504374
7993
4305
504437
0
3979
509857
516843
523273
529987
535027
537030
2191
EUEOIIO
534088
16227
535536
9550
1986
545439
9677
549050
UOOA
UOOA
527023
11179
536488
543193
552678
562484
569218
576065
576608
8714
840
14053
IOII
560061
568031
10308
9814
573884
4568
AAOUUIAO
16468
14144
557013
564638
569868
578567
IIUOUI
10975
4568
573437
576720
577067
578638
583005
17672
18617
UIEIIEUUOI
10529
OEO
554971
561745
OEIOEAAAI
17317
547150
11799
552705
554596
12223
557759
565923
36032
567773
OEIOEAAAI
574106
579500
2526
14322
36117
580006
OEIOEAAAI
AUIEE
IAUEUAU
EOUOAEAEUI
497234
6770
497295
6740
504733
27448
0
4770
4770
511319
514026
517650
521937
3265
528218
529213
529379
8075
530073
24948
531595
AUEAOEOA
UEEUEEEAOE
502522
506476
AAAIAOO
UUAUAU
490204
496130
500383
2421
13661
IAE
17266
6141
479378
AAIAI
OEEUUUOU
464308
16351
472688
7031
474845
480600
1318
490266
8983
491432
492298
17044
498721
499660
505096
512796
E
498302
E
507571
510394
29693
512836
514206
515941
23154
OAIAEI
19607
17407
AAOUEAO
33900
10960
484667
AAOUEAO
492281
500041
502132
4742
16044
502699
510302
10130
5194
515093
518895
525684
0
529040
535328
541608
548543
14208
4591
5574
554449
11221
EIOAII
IIOIIIOOIU
529731
536797
541701
546324
6015
546522
556089
IEEEE
550294
551063
17266
554706
14092
557819
AUAUE
546408
4553
546555
547407
AOOOAIIA
11101
530201
19712
533550
536072
OI
528956
538325
IEOOOIEUAU
UUAUAU
33900
492813
IA
471089
AOAEU
461765
AOUEAA
455192
463601
467430
467846
9318
472516
18001
23154
473155
OAOI
467566
OIAOUAEEAU
23154
33900
21802
22336
OEOEEIIAOU
AAEOAUAIU
20447
10097
424183
433401
437735
446018
450941
IAAEO
446206
39645
UA
440711
446554
OEOEEIIAOU
EOU
409799
415456
424706
EOEOAEEUE
418086
25277
425042
IOUAOO
397670
17674
6740
405523
410529
419407
420673
16421
36559
AUIUIIEEO
9179
399263
407161
409264
10156
2832
8032
417366
417395
419537
421394
422631
427037
23548
16389
17037
EAOOOEIE
32162
421106
13097
22594
427780
433049
436974
439368
442107
446427
449591
12114
451443
455322
464247
AAIEOAIOEU
33052
UIEIIAIOIO
427282
432517
3416
OUUEIIIA
9409
426458
20477
16227
435219
16389
3979
EUEOIIO
440159
446349
452709
462665
465358
471875
473239
477842
4887
12810
UOEUOEAE
3416
470267
EOEOAEEUE
36450
25677
11240
442265
33116
AEIUAIUUU
OUEOUUEA
425925
432274
10623
10140
5123
432981
IIOIIIOOIU
432716
EAUEA
EEAIUEUU
29378
398509
6640
408147
413356
A
389601
393096
18640
13097
UII
OEU
14583
IEAOEAE
339013
4956
18443
344254
16571
13377
348173
18883
357152
362846
14322
U
343963
AEOIIEEOOO
9569
349080
354193
355915
361312
368634
UOAI
9554
369816
378537
382402
18234
384833
30822
16806
390346
398167
IEOOOIEUAU
17044
370032
379902
IAAEO
368088
370973
374133
UIUA
7099
0
367358
19034
UUA
371881
378145
30822
386686
388302
19163
13157
33052
396833
34109
398936
406454
3979
37582
412804
10236
415669
423788
433201
442534
450330
451849
460762
461764
3416
23669
464140
471453
473788
IU
30822
7770
EIUUUOEI
UIOUUUEAAO
25773
7099
IEIIO
13481
419928
4887
425014
426578
16571
434992
444323
445397
AOIEEIOEA
436253
17674
444047
449755
450962
456431
11101
457716
EOUOAEAEUI
454373
14208
21181
3729
455398
4956
456836
13481
459533
IOEA
9409
449715
17266
449910
3867
453333
455926
459776
6141
466828
26144
EAI
13377
13377
454031
458173
3416
30401
458998
460319
468445
469365
472657
480927
14810
UIEAAUAIIA
21078
475126
475558
481189
22128
6770
485854
492172
501281
510036
8032
17594
UIEAAUAIIA
UO
IIOIIIOOIU
13267
11336
IOEUEUU
AUIUIIEEO
457785
462984
EUO
11126
439149
11799
440354
EUEII
434611
8032
437075
446590
13238
455831
IEEIEEAOI
30504
8060
7099
7825
30947
10046
453966
EO
439014
16389
445163
7031
19841
14444
18234
14322
445437
451453
452707
461941
34190
464084
21735
32780
12969
472725
IOOUOEO
461847
30147
464088
471849
IAI
466532
11126
2188
AOEUA
EIAEA
7770
430847
AIO
27102
419440
EE
400420
405596
7789
UUUU
395149
401371
IUEAUEU
22175
IAUEEEOEOA
10046
9363
6844
378263
384855
UEOAOEUI
367810
53339
29286
18443
372971
22196
19163
IAOE
26567
353486
363099
21256
364691
371718
IAOE
372700
11093
OUO
368118
16168
3867
40620
372937
OUI
AAOIEIAA
EUIOIIUIUA
28904
16421
309567
317529
UII
37873
13097
302827
304172
22977
310061
30504
30763
36559
13157
310127
1828
28469
312203
3134
314092
321525
324530
333153
336143
341748
35120
344759
EI
329720
25953
332691
333098
333477
341661
13097
348693
5092
348837
349980
35699
14603
359561
366829
UIEIIEUUOI
372668
30669
374407
380324
29987
11178
388490
8058
18305
395285
401185
IAUO
11336
IEE
370710
7099
373120
375191
383598
389166
UOEUOEAE
370245
UAAOAEIUI
33438
367822
2342
368763
378081
384486
26993
387662
UOAO
373308
374818
382056
UAAOAEIUI
20978
22170
377744
384517
35147
IAIEA
377807
9554
31332
384100
389660
393631
398568
401444
411032
416243
EOU
UIEIIAIOIO
21096
33116
IEEIEEAOI
377597
OAIAEI
364780
25567
30947
23669
34382
365484
374959
378199
386369
392567
397161
405729
OAIAEI
407901
OUIAUOUO
391683
20839
395092
7998
395555
405196
413309
13481
EEOUII
404867
14208
411093
IAAEO
402819
409531
9351
416219
424297
424404
10623
433997
7319
439123
18305
OEEEAOU
45570
39613
17412
422467
427897
17447
9117
429685
434002
14889
30445
694
440851
441622
16876
442432
445647
20708
452115
OEAEE
EUI
452817
OIIUAE
OOIOEIO
435812
443615
451862
34602
OE
8408
428283
431298
436958
437538
23738
441869
442069
445205
454428
EEI
446379
19802
451869
25277
IAUEEEOEOA
430262
24375
10236
13499
IAUEEEOEOA
434341
14583
434515
444218
38241
25988
447231
454944
UUO
31021
AOOE
47562
427943
UAA
402392
405154
20646
44333
29286
414433
EAOUAOUE
419293
14889
428456
431153
432912
438903
443071
42229
451058
452902
EIOIAUOEA
16960
439429
442906
21775
12530
35827
451963
14921
454433
455165
458137
31797
463499
471385
479938
486279
17764
UII
2342
2188
477411
EUI
2188
OEO
452687
459532
21181
463599
22103
18895
469798
28904
476270
12530
482867
8373
23200
490739
0
500058
OEOEEIIAOU
478173
482182
491957
494217
19742
35827
496351
501720
505150
25600
OEIAUEIUO
493556
502787
503585
AUEAOEOA
EAIOUEEEII
IOOAUEIEE
16044
456454
13238
IEOEEAIE
16389
443949
7770
EUOOOEOI
435642
444492
448733
456621
28762
37401
9948
UEUEEEEUEA
32052
429650
432242
435283
30669
OAIAUA
13013
419169
428832
430296
431021
436049
41203
445675
IUIE
441381
16168
447273
453044
16160
AAOIEIAA
23874
8345
450385
455554
AAOIEIAA
OOUOIEAEUA
51975
437256
439562
5092
446083
OOUII
EIOIAUOEA
OEEEAOU
409554
417707
32780
420381
40242
424735
20441
AUIEE
404177
25988
411765
2832
414223
418970
426144
3828
AAEEEUIEO
419179
EAUIUU
0
397302
397859
401096
AAOUUIAO
18305
379307
EEAIUEUU
377936
25277
4033
15233
378871
385435
392356
39738
392676
395720
403646
407605
413792
IIAUA
401173
3813
409589
AOUAAAA
11120
31745
383056
389578
393107
401345
401527
410297
415584
34382
34382
420415
26814
42058
OUEOUUEA
425574
IOUAOO
410274
12363
43037
IOUAOO
414602
20028
417804
26186
426140
21539
13628
3341
13095
432960
14208
440792
7204
EUA
12779
21930
434611
438680
EUA
421595
18195
425439
431839
432455
31842
40465
437590
440127
UOAE
17393
424612
16226
430764
437220
38887
445997
448406
455640
EEAAEI
434370
439218
439440
30763
445348
OIIIEA
13499
13013
440657
16571
41489
447032
453956
458862
459874
465007
472903
478571
479759
10888
IUAA
469816
4591
UEEOAII
463997
464484
30843
471014
26814
AOUEIEA
460361
AEIEIAIEA
451393
459776
469107
11603
470165
13013
475195
26102
478744
481720
490685
23669
IOEOUEAO
478398
482113
AIUOO
458146
28346
IOO
437790
441679
442619
449199
450307
456478
465800
472692
IOO
481320
488763
496125
499956
17643
21418
21908
507066
515267
11834
18195
515880
12530
516266
29096
523953
532193
11603
534209
540378
541111
541182
541627
543607
7204
36549
551780
553997
555825
560562
37357
EI
17311
553391
562758
EIOIAUOEA
35689
8058
25567
EIOIAUOEA
16540
541919
543267
552517
554053
20819
562679
569747
573434
574756
UAA
557795
OIIIEA
14685
UEEAAA
534001
27865
541185
8172
543557
13499
550530
557421
12363
33116
17952
37582
AUAUE
AUAUE
538070
544007
550303
559860
560670
561794
566070
17598
572469
AAOUUIAO
564513
573382
574781
38191
25988
19659
AAEUAUO
11706
574659
39099
28261
32262
579495
588891
595087
603787
612120
10559
41936
618691
621843
AAEUAUO
621196
626469
19659
20441
627125
5092
AAEUAUO
26762
629711
AIIOI
622748
37357
627137
AAOUUIAO
624729
OUII
608943
616865
624504
33093
626002
27354
13643
10721
631723
635576
644602
654570
664011
10975
OUII
11800
665254
671193
47839
19899
680364
688477
695623
705127
713490
13606
II
16160
694574
697654
704053
35456
704237
707687
AAEUAUO
2188
12363
690463
IEEIEEAOI
IEEIEEAOI
14208
677011
27609
686230
687939
697684
706427
37582
36549
6770
707164
711027
OEU
34464
29517
689808
20332
UOOOEIA
680813
30445
30445
44333
681360
AUIUEEEIAI
13377
AUIUIIEEO
OEU
637008
OEAIO
628076
629491
OEU
10559
619255
8001
11706
I
7770
602169
AUIUIIEEO
IAE
566858
573375
69061
21096
AEAOOEIOAI
547119
547710
551457
6640
556629
565002
6640
567171
25567
8345
39796
13267
571588
574633
6770
27440
AEAOOEIOAI
573192
37628
581320
16540
587732
27897
589061
30742
13013
AIIOI
AIIOI
581265
UUA
572238
579384
31842
588965
595860
596089
AAAIAOO
594186
39738
598657
41489
602661
605847
IAUU
11126
EIU
17695
573592
581777
26762
589521
592054
13509
601860
13606
AUAUE
579368
580481
586150
27354
UUO
46478
31842
48148
24775
42598
579680
30655
O
19659
560553
OUUEAU
558164
564003
566351
574351
582636
28400
588022
OUUEAU
EAIOUEEEII
53539
571364
24223
576533
IOO
578367
578436
580761
29096
21418
EIOIAUOEA
UO
531359
34789
534738
14208
17598
535635
41979
9670
10425
545032
545852
554946
559065
559579
20425
52850
565161
573722
582325
585071
587338
AUEAOEOA
566509
566865
26814
569904
575544
36141
582922
27865
586940
593336
21606
AUEAOEOA
27609
36141
600746
601666
18839
604924
610083
612333
26186
AUEAOEOA
36413
19729
612166
7998
IU
OOEOE
31674
37582
29397
OOEOE
559256
563712
OEI
545194
546383
22457
547494
550552
17598
558103
558710
563092
569512
573643
573923
43037
579920
36036
589472
594919
595545
OUO
44259
UEAOOUEI
17598
26814
2188
564100
572196
OEU
567737
UUUU
8590
22680
43026
31401
37255
37985
OU
16713
OIEOAOAI
509279
EUI
492186
493673
495992
44337
496020
10559
29072
497245
504518
20972
507113
13930
512608
514199
12779
9580
51880
IOOUEAEAAO
494807
502680
507373
20487
43509
8354
29072
20332
507693
16713
17712
512841
II
497037
20487
OUU
488081
30865
497946
500160
501699
510360
516378
30865
35689
516704
525257
OE
503161
38051
506802
44259
23220
UO
28224
20090
491632
492412
502059
16571
505476
514812
515161
OOUOIEAEUA
503741
34382
507478
EIUEIUOE
58933
486634
495902
504126
504295
507937
44337
26908
IAE
490166
494010
500216
508520
49380
38981
514785
515107
16160
519900
39738
522185
IAE
O
509268
IOOAUEIEE
45560
489923
32721
492932
UOOOEIA
OIAOUAEEAU
455252
24782
456510
33093
457141
463480
UEIAAUUU
16540
461589
184
17121
28590
IOOUOEO
452828
IOOUOEO
28224
442619
452266
IOOUOEO
30865
31842
454837
UAAOAEIUI
OII
51499
16525
33883
418154
423437
427637
51499
432748
439126
446229
EUOOOEOI
417506
422291
424378
34939
32551
427694
433815
440309
441201
450418
12667
43509
452088
35689
41383
15592
34278
OOEOE
AUOOIUIUU
406712
36462
17934
413282
416687
420392
43935
420906
422560
424604
432770
20415
IAUEEEOEOA
I
396225
401431
60565
AIO
388262
394730
AIO
397991
33286
399134
55582
405547
409442
417968
426995
430639
437765
443864
AAOIEIAA
442227
39738
443558
452797
456858
466151
33510
42057
8354
30668
475843
E
472496
473062
E
473083
39096
473631
AEAEAEAOE
449509
55582
17374
452935
457431
460410
465634
OIOOUI
15096
38051
OIOOUI
42057
462301
22793
471577
471611
472586
27543
475193
34382
A
66530
28094
47942
30147
21993
470996
474258
25553
OUIAUOUO
14116
35456
453154
458398
32262
OEEEAOU
22680
443712
453160
456718
461791
466197
OEEOAI
451254
453587
459033
461526
469246
478507
28580
EUEII
460582
465791
466038
471296
EIAEA
465770
472549
AEEUUOUU
450111
AAEEEUIEO
51813
22694
420886
23641
AAEEEUIEO
422917
425034
8568
15233
432412
433911
17395
441599
52595
UUO
425506
22694
28925
13095
20105
EEEAAOIUII
403453
54094
412185
420254
429529
24782
435513
443637
UOE
420978
425113
14116
425780
IAOE
34775
415494
421331
421886
430034
432662
441818
66530
EAAUOIEI
37000
30192
431290
18606
433922
55824
35097
443579
55824
30655
451543
8483
UUO
54701
OE
UAA
36443
411750
419784
429483
38670
431344
24426
19899
OOIAE
420081
423047
425357
13013
430492
27290
10123
41705
52797
28224
439682
25567
440362
442105
OEEEAOU
425893
32551
27290
427353
432004
UOAI
38981
429708
16960
436689
445215
451983
455065
26186
463982
IAUU
457401
IAUU
44385
17395
20487
464486
IAUU
18725
25547
43255
463197
IAUU
16525
464216
466086
AUEIEEE
452213
461859
20487
462647
AUOOIUIUU
13871
458318
22658
463539
AUEAOEOA
463637
464149
469707
OUAEU
17121
464535
IIOEUUAU
U
36413
433509
47562
47839
439199
449081
25547
34382
EUAUU
438795
440889
13606
444348
448123
454615
26078
455548
18232
461642
23263
35984
470239
473982
483781
32190
486328
494464
27877
IOEAAUIUAI
36354
481618
27290
37628
483199
485152
IOEAAUIUAI
O
AOUEIEA
460326
463452
469485
472446
476598
479903
EOOAUO
28745
18606
459279
461332
OO
465338
474328
474808
480844
488872
59026
24339
493243
36413
496935
UEUEEEEUEA
500126
OOEOE
IEOAEOI
467835
EIEEIEEOEO
32721
457558
458905
464008
473227
478782
479232
489070
24782
489130
11222
496952
506263
511252
512875
UUIUOO
35689
19356
22543
UUIUOO
499606
AEAOOEIOAI
491201
499476
501641
508505
AAEEEUIEO
499485
506186
OEA
505623
513718
17833
516964
44438
522413
47839
527940
9580
535558
38981
18482
IEOAEOI
530080
532873
22658
540739
547076
UIUA
IOO
59870
522749
10775
527920
530605
OEAIUAU
OUEOUUEA
8483
497261
37421
507185
22658
512163
UEAUUOE
503291
UEAUUOE
IOOAUEIEE
66530
485146
31917
35809
490251
32190
493394
500210
33585
504178
512361
520422
EEEO
510796
512782
515245
47918
518089
23641
48899
521762
UUUU
511843
512271
27889
515407
24089
521861
525225
534498
40960
537455
545804
IEEIEEAOI
527938
21560
535261
OOIOEIO
OIIUAE
41397
24339
511757
521016
530095
537502
50022
545805
29192
OIIIEA
533846
40472
539538
51813
OOUOIEAEUA
27637
OOUOIEAEUA
524481
532344
541706
IEEIEEAOI
539625
UAU
516470
519480
527840
55582
35456
35456
33953
28197
528463
535852
18157
538726
OAUAOEOO
522995
20415
529932
533561
541295
24339
547462
550888
558985
561197
562820
13157
UEEAAA
555733
556535
OUAEU
36443
OUAEU
EOU
531835
31121
540498
38525
60593
AAEOAUAIU
44379
524150
530947
533517
534894
536697
70801
42229
538700
OAUAOEOO
519170
22522
AAEEEUIEO
AIUOEU
23360
UEEUEEEAOE
36806
EUEOUAE
457078
AOAEU
458498
459385
OUII
454568
459598
46174
463030
466045
OUII
51018
51018
OOUII
20972
11784
15233
441553
IU
443155
23263
39139
448816
453252
70801
454366
462966
UEIAAUUU
29192
36779
26973
36806
448587
UUAUAU
OIAOUAEEAU
426662
24339
432284
AEIOIAOOO
IAUO
407078
EIUUUOEI
EI
393010
395589
400316
40744
409363
414465
20105
422492
428976
15233
432968
30625
442697
AAEEEUIEO
28532
IIUI
413669
417823
427482
16386
428442
25144
438028
26908
440978
24574
443359
445840
40472
450982
459631
31401
45049
462821
465879
470342
52797
EA
AAIEOAIOEU
465118
AAIEOAIOEU
22658
463415
466294
26908
475351
41794
483627
483879
484277
24461
491519
500249
503438
EOU
49210
485652
490326
EOU
47844
483349
486058
EOU
28580
487065
15082
492568
498960
24861
502228
32144
509840
21930
27290
511922
IAIEA
32575
29640
OUI
EOE
24426
UOOA
AEOIIEEOOO
38096
30625
33953
448816
AEOIIEEOOO
454659
EUI
448263
13794
456835
42030
459902
461503
470274
479895
483625
488168
IIOIIIOOIU
468788
476112
IU
454095
IIUI
EUIAAOA
37000
443035
445280
57784
453140
UUA
432685
440008
IOEAAUIUAI
40492
431805
36354
50092
440473
34382
24299
448693
44138
454584
31025
455762
OUI
454300
24089
455369
459555
461754
11222
470964
OOEOE
24806
474443
475860
41445
OEEOAI
36271
453573
454655
24806
UOAO
455859
464117
49007
470459
478908
UUUU
455738
36355
48562
52102
63838
18157
460217
467154
474865
31842
476964
477475
484977
IEEEE
52797
463899
472792
IEEEE
12061
480298
482403
484645
25921
40604
489831
495656
54117
504549
506305
AAEOAUAIU
499419
32575
501638
510942
UUA
32169
503006
510805
515088
516989
38096
522886
523558
524767
529740
20105
534299
EIU
32575
534339
541304
22397
550876
UUOO
540894
IUIIEOEII
UEOAOEUI
OIIUAE
55824
UAU
464252
472961
477231
28745
484928
485474
486886
491668
39704
493843
503147
35984
504798
23641
508034
38096
510566
514550
47784
522964
23351
AOIEEIOEA
49853
514666
29833
520660
521231
525323
533034
22543
536426
28197
543982
17527
39292
546623
552295
41397
557790
559062
20105
AOIEEIOEA
24010
48562
EIEEIEEOEO
539384
19899
540711
545738
552504
560618
567499
EUEOIIO
23687
EAOOOEIE
32092
O
509486
OIOOUI
OIUIUIOOAU
40993
56432
OIUIUIOOAU
36207
UAIOEAEEEO
63726
31287
485180
46852
493708
503285
506724
516239
521515
531028
34928
540823
542183
542473
546375
44138
IAUO
26908
536695
537241
539186
UOAO
15082
535149
56140
543883
548340
UAE
529381
14791
42474
535117
36042
544567
14791
544605
549660
UAE
556670
565335
39203
33972
IEE
561835
562483
OIUIU
555992
25580
561668
566640
575719
13543
EEEO
25592
570308
575721
UIOUUUEAAO
23436
568837
570403
572123
44028
EUOOOOUOEI
553243
EUOOOOUOEI
556922
565688
OEA
AAOUUIAO
534347
AOAEU
513353
31929
AAEEEUIEO
504317
OUUEIIIA
OA
480117
482963
22543
486414
56397
489939
498331
31929
EEAAEI
EEAAEI
UOAE
451496
19899
460932
469339
EEA
75154
467478
41383
54537
477308
52797
39292
479607
485493
41445
17527
488873
490836
500673
503543
31098
22329
510493
36115
17543
33972
517051
45220
37826
EAI
507476
514465
63838
15896
518391
42149
522778
13543
526717
IEAOEAE
519121
105303
32824
521187
522435
527446
533936
542736
543865
AOOE
540787
18238
550035
552108
561026
25478
565882
569505
50153
576940
EIUEIUOE
560156
75154
32892
561364
562614
EU
31437
546628
23351
49853
OIUIUIOOAU
527906
533176
538013
54701
540815
543120
31939
30865
36647
552583
20105
561638
570511
570775
47159
17813
IOEA
EOU
64084
35684
538608
50475
543985
40857
549130
25478
47080
58676
551469
EEIIUIEUEO
105303
24461
42030
538492
OUII
38861
516675
27286
68612
521419
37310
523245
532816
537404
34330
IAE
37865
524353
531273
54537
535436
39704
541901
550171
559643
28166
565489
568564
30681
573680
576147
582274
591179
597351
IOEAAUIUAI
594965
AOIEEIOEA
583501
41034
590636
590809
595182
596068
64084
IEOOOIEUAU
583310
589806
593096
599613
602460
31287
42224
IOUAOO
603246
610202
612616
50974
613024
IOUAOO
UUOO
56432
588579
32434
43852
591022
595943
604201
IIAUA
593848
599219
603144
UEUEEEEUEA
584520
32936
50277
23833
589131
OEEEAOU
24980
573279
39990
AO
566547
70801
EUI
548847
550852
558529
564714
569534
55635
569933
20040
28580
576300
45220
AEAOOEIOAI
19427
31437
553185
554118
42437
53527
557072
53513
558566
24574
50974
37310
559399
42437
565184
569697
579507
586881
587104
587105
591061
OIUIUIOOAU
580107
24980
IEAOEAE
OE
40803
551124
OE
551013
556288
15896
37385
560916
57545
OIOE
IAUU
42575
EA
497583
502878
505823
58097
76499
513938
515094
47159
18258
517529
EIUEIUOE
494448
58467
64673
503069
34497
508653
47518
515236
515385
515978
520197
23436
22543
47184
526141
533429
541979
543304
547230
552131
IIEUAAIEU
38294
529382
538806
540454
550174
IOUAOO
536135
543270
AOUAAAA
37385
528116
529725
531537
533746
543155
30275
550963
560246
30275
OUOIAI
566782
572528
36480
577841
587681
32575
596601
596750
IIAUA
579308
25592
587224
31739
591451
49853
44810
42485
44028
40656
601156
45220
610948
616322
36354
47730
34497
UUUU
610407
617135
625847
OEA
621092
39704
628866
70529
629455
42224
48745
26659
AAEE
622387
628630
36354
28197
UEAUUOE
605517
58467
60461
36806
41558
610579
43241
28532
616759
UU
592946
593823
OUUEAU
OE
574228
576355
576367
25117
580312
IOO
575052
576252
579184
587444
33527
590964
593700
601383
54701
609898
40571
OOUIEUA
23641
596486
601989
602761
604928
64027
608426
34497
614292
618153
49037
28748
42153
64027
42153
624394
625128
626969
16903
634323
OOUIEUA
16506
51010
632648
636175
30625
636460
637459
645614
36115
655017
658081
32575
662763
672595
681382
689195
692121
36354
692986
EAOUAOUE
37385
675914
681420
17813
32892
48562
OAIAEI
680326
689124
694284
698505
22397
705890
707512
38487
713852
718681
30495
41558
723129
729635
39502
737421
56758
741371
47730
26606
OAIAEI
23641
743355
34330
IIUI
718359
718433
44650
722913
AEIEIAIEA
41702
40571
67764
12841
68612
EE
72009
702256
704446
61914
712014
47730
721151
OIOOUI
75154
23687
34714
719343
39704
EUUOIUIA
30495
715466
53513
719545
OAIAUA
53517
723599
22234
76499
47159
733120
37171
OEOEEIIAOU
42437
735743
AUIUEEEIAI
OIUUAE
697943
24499
706615
715408
13754
719225
53527
41558
41878
721198
UEUUIIII
701229
AAOUUIAO
61914
41383
699609
36984
701112
38368
708407
712433
EOUOAEAEUI
41294
28166
690916
699199
38908
704703
712900
719713
723636
730190
28346
738008
64084
UEUUIIII
52128
721265
724147
725667
27347
64027
23641
AA
714740
42153
724246
725352
AA
725416
OEA
706127
62685
710191
719511
52903
IIOIIIOOIU
712749
717793
722309
722525
45615
730410
49662
IIOIIIOOIU
U
711689
720833
35186
EIOAII
695932
IEIIIU
62102
692241
697624
702267
18850
704689
709227
716431
68342
721886
EEAIUEUU
EEAIUEUU
OIOE
28166
702030
OIOE
702281
709132
714616
56752
716709
24461
24010
IE
707118
713243
29833
AAEE
693729
700926
40297
710768
714402
718762
22522
719861
722690
34497
732282
63228
31658
732336
740900
26606
742918
748519
753629
759720
763786
768894
47159
IIEUAAIEU
56752
762925
IEOOOIEUAU
740712
40656
OO
40640
722563
726303
47159
731194
735496
41702
738037
741817
746329
70832
IEIIO
732720
UAIOEAEEEO
AAEUAUO
682052
685668
692837
697792
700922
707071
57978
48364
EAI
702170
706381
39990
710063
712921
719334
723887
726937
728132
728786
729624
53513
49853
732911
85590
37198
EEEAAOIUII
56758
AI
718308
725761
734477
31632
738910
741144
32575
746803
33969
IIOEUUAU
726296
735683
EEI
48339
711360
42575
21221
27504
AUEAOEOA
31413
IUIE
699343
699569
700353
708733
716617
718891
723720
UAAOAEIUI
52202
49853
54725
710985
46426
EU
44650
691264
24010
47166
694440
75606
695056
701525
45235
704237
707549
711745
EIAEA
42528
687186
689543
698428
EUUAUIOUEA
36647
682151
UIEIIAIOIO
41612
663559
48404
OII
46743
655525
IAUEEEOEOA
655549
50475
662503
671168
16903
21939
674799
IIAUA
663278
IIAUA
AOUAAAA
658215
667017
675117
IEIIO
IEIIO
662400
662983
663246
56752
664761
673180
46073
680599
43852
54199
689129
32964
695264
698141
702183
704088
704463
43329
706147
28346
706666
708818
718702
720121
728594
43711
72634
53666
730378
61914
734245
739530
747340
750657
37841
22329
EUO
749878
41218
31098
757395
IIEA
750875
751335
755240
758775
759319
AOEUA
740698
742247
748173
41218
754708
762815
71985
770172
771927
OUI
69057
751559
760314
760848
IU
754188
756388
12841
UOIUUUE
736375
UAA
46318
23833
726721
34714
729843
730462
731528
UEEOAII
UEEOAII
722272
723178
58216
AEI
46318
718115
724498
UEEAAA
700394
43503
700689
29833
37385
IIEA
58207
687411
692662
56505
701886
706215
710078
719378
727599
733308
IE
730175
731987
740182
746972
51829
756222
IE
56505
758745
34464
766944
771082
IE
775283
781959
AIUOO
71985
63855
53587
IAUO
753295
756702
759423
EEEAAOIUII
736723
30136
12841
41218
740921
40491
749499
41218
EIOIAUOEA
732849
742266
OOUIEUA
732903
40491
737475
742465
744370
750502
754706
58933
763913
61401
772671
UAA
106663
83174
17543
775615
67586
66134
IOEA
751780
756324
766053
41878
770189
779165
76281
45622
69230
OOUUAEI
54048
34242
778575
43852
780646
36753
25786
785081
27350
793027
795535
41878
796770
OOUUAEI
AAOUUIAO
45622
EIOIAUOEA
80778
775455
48404
63855
783766
IOEA
775498
46073
778817
782822
783168
785241
54038
789058
IOEA
792787
AOOE
791590
793364
795029
60893
22522
25528
71985
69230
803801
50038
813215
63228
86041
822429
829197
831243
51922
18850
OEOEEIIAOU
44810
34161
815214
EEAAEI
794557
53587
795589
50937
40065
61914
800028
34894
800874
67360
63395
805274
106663
806546
808157
816642
820280
IOUAOO
UIOUUUEAAO
797229
800703
801123
EU
790341
OOUII
780358
IUAA
775978
43892
778915
784714
786424
71133
786570
41127
791399
794740
796790
797464
49081
807334
20952
41575
37920
814874
816981
54101
IOEOUEAO
31000
74790
43503
59642
53210
809770
52312
818534
62843
824539
834158
24461
EEUUEI
32059
809554
816200
823789
38861
828710
834865
49072
841205
844812
EEUUEI
UOIUUUE
76544
818151
53210
819759
822918
828086
32115
47302
56505
85669
OOIAE
19245
827824
70928
830140
834597
837354
OEU
71982
831060
837251
54703
16903
841321
EAU
814348
70300
814866
34484
OA
48404
802344
807631
OA
27350
48755
51463
808126
811118
OA
812317
22543
36042
817752
58207
825687
827340
831083
21221
26618
836061
OUEOUUEA
836742
26618
838856
847301
850465
857706
866242
868041
85669
873247
50552
877164
EUAUU
OAOI
834630
54815
AO
828528
43852
835131
844532
850455
853684
44066
AAOUUIAO
36300
EIOIAUOEA
809476
812547
819056
823027
825586
AO
OAIIUOUE
815326
825023
827514
836514
38516
30176
839593
46073
65300
41322
843197
48339
853195
49081
36984
853329
AAOUEAO
UUUU
814789
43503
IIUOUI
820560
830034
836725
EIU
822131
827693
837347
74790
69429
843567
41913
851044
858279
858513
44650
861979
UA
UUIUOO
64881
79611
AUUAIOE
63228
54832
AAOIEIAA
789063
795994
71827
798476
801321
803630
804147
804537
808250
809922
813077
822118
828464
57440
828590
837458
71827
51463
846085
846710
UIOUUUEAAO
838742
846106
64027
54199
UIOUUUEAAO
34837
66858
846887
854876
57440
858761
865843
58573
77911
34548
55489
869612
872943
880144
882704
888342
891501
UIOUUUEAAO
54264
898087
UIOUUUEAAO
899095
IEIIO
878476
70832
886851
70300
891651
UAIOEAEEEO
42110
34484
UOOA
849964
UOO
831133
833477
840118
EU
44810
844641
848270
UUOO
29833
838692
57950
843877
846544
851010
UUAUAU
OUUEIIIA
46016
836459
59257
IE
825916
831494
47159
834692
E
17061
69429
827109
58832
835837
32263
840490
843468
UIIIUEAIAE
17061
837205
841030
59257
34484
68612
22917
50038
69429
841774
54199
846750
852439
856354
859218
867465
64881
868917
877530
879355
883384
17543
888793
890638
55258
898891
899198
908870
38560
43608
56976
UIIIUEAIAE
916677
62680
55820
922277
930050
939029
30176
943056
73305
947533
AOIEEIOEA
944138
49204
951110
952013
953289
OUUEIIIA
945967
47781
952941
955414
963789
968431
EEOUII
953705
44572
73565
77921
954264
956696
46574
964920
AUAUE
946255
OEIOEAAAI
50445
UEUUIIII
71827
915982
31000
918560
69429
EAOOOEIE
913676
913829
922173
927548
931593
934167
937377
43608
937600
EEEAAOIUII
931665
15762
62680
933314
48279
OEAEE
79036
921700
923068
924099
929356
47166
937135
43608
940533
EAAUOIEI
934896
938878
51369
UEUUIIII
17543
939824
OUUEIIIA
OEEOAI
52256
909795
911373
69406
46852
912511
70832
913587
914867
EEUUEI
44589
54073
49072
30136
886548
62624
IIAUA
877381
OUU
877135
878198
40717
EUAUU
22522
857951
53587
OUO
53587
43011
21813
AEIUAIUUU
804483
809727
811018
813947
OUU
789772
70832
793936
47590
40697
65736
796206
796663
798925
800518
801970
44689
46585
807748
815722
816231
816459
58630
816911
826740
67210
49072
OUU
44810
49081
32263
AAOUEAO
15762
814989
823238
49893
830082
834146
IOOUEAEAAO
40338
831025
77911
839583
846296
856091
54832
58189
860091
37310
47849
IAI
UEEUEEEAOE
829599
838021
UAA
814166
EEIIUIEUEO
801739
UUIAEEU
777528
62234
778751
77911
AUIEE
758583
34714
53052
764214
EIEEIEEOEO
UOE
742103
49072
46274
93127
747866
748922
755587
758044
766696
769613
40697
776919
781337
39245
66706
788698
793760
16380
796199
806055
806753
46589
EEEAAOIUII
47159
784738
786991
795728
22071
802513
88339
45524
804642
805784
49204
806661
IEIIO
784936
IEIIO
30136
785308
786408
789784
796712
48391
799885
36311
805397
806421
UUIAEEU
31413
27542
26944
82470
786514
47302
36559
UUIAEEU
IEAOEAE
IOEAAUIUAI
IEAOEAE
769721
776971
781626
49853
54703
UOO
777901
IEOEEAIE
774213
781894
784586
68865
794082
42384
EEUUEI
AAOUEAO
762576
29902
41304
78994
33658
82470
770230
44052
75370
773004
84943
19630
IO
50445
47166
48415
753454
66706
AAOUEAO
734482
743906
747369
56700
IIAUA
744178
751603
77958
760072
769839
770741
774288
775058
779892
782027
66841
786038
795593
801431
AAEUAUO
48917
UU
764449
95591
38032
769696
775893
782949
31413
80018
789635
792948
801375
807322
811961
818827
58189
74452
821621
51813
67688
56700
46274
825227
830532
831462
70928
44573
833740
EEI
819812
827524
EIAEA
55548
54199
824508
832540
834297
838166
838883
840627
844323
853095
858306
865886
64639
52312
EIAEA
76118
873290
875188
49322
878441
47849
OEOEEIIAOU
862317
868730
872353
31658
878388
880653
883365
893064
39502
900465
904286
912027
89145
58136
920928
43223
EUOOOOUOEI
917836
63327
924493
59642
OIOIAAI
902870
IU
EUAAA
115153
22329
862431
868352
873495
EUAAA
877338
878404
884312
892685
898132
904874
913205
918977
93710
EUOOOOUOEI
895580
52416
58136
896747
898067
UIEAAUAIIA
883568
893067
899507
908913
909291
OIOIAAI
EUEOUAE
880431
883586
37310
884571
OUUEAU
55258
866173
867044
872592
877020
877567
880394
OUUEAU
881773
72872
891336
891498
35414
893659
44535
IAUU
IAUU
884346
885001
56599
890369
891962
IAAEO
115153
886394
47590
49640
44683
894725
902674
AUIEE
902407
30136
IEEEE
892950
899117
49893
62688
64543
56998
906694
913625
IIUOUI
900593
EAIAAOE
61081
889245
892724
53457
UOE
56998
880388
890121
899674
89184
905457
910579
48143
OEAEE
UO
84943
UO
899303
IOOAUEIEE
893184
902359
909405
90241
38560
26618
75451
64980
47590
916327
919266
79611
IEOOOIEUAU
40500
899824
72634
EUUAUIOUEA
73983
879729
69238
36559
37318
880648
889431
61685
892898
898998
899794
AUIUIIEEO
OOIOEIO
AAEOAUAIU
93127
68574
40697
828473
45705
828518
59895
836535
65287
840496
845751
UAIOEAEEEO
844898
851439
76864
30430
UEIAAUUU
45905
833086
836863
IIEA
AIUOEU
EAOOOEIE
69116
61224
789715
798799
803629
810905
815548
819967
AOUEAA
58994
816552
824249
EAU
810634
810802
OIAOUAEEAU
49364
47781
OOEEAEU
78994
775108
781876
71340
EAUIUU
74141
775494
778012
50037
69429
50038
73271
786896
787885
57077
26944
795085
46849
800132
804209
812243
818868
UOIUUUE
UOIUUUE
807757
AUIEE
48268
58271
802170
807727
810871
817817
818425
822158
830997
80784
95591
839918
847735
855697
AUIEE
862887
868091
877944
54712
48917
884834
51463
891190
898505
906952
912489
912847
AUIEE
99646
913916
915444
59895
OAIAEI
27350
904257
907892
909991
915317
50037
19630
OAIAEI
913936
60758
OAIAEI
916313
57632
64920
UIEIIEUUOI
895447
903375
910900
48058
56605
919284
55592
37195
923937
70928
926368
90241
929695
933724
939939
948430
IEAOEAE
54568
UO
OEA
UOAI
49066
U
877360
885203
49066
51813
887086
896125
906030
EOOAUO
889605
898211
79030
904397
66858
908254
912146
62110
918136
920986
929807
930052
932440
57227
AEAOOEIOAI
66858
76475
56213
50356
60112
933359
939968
IEIIIU
945778
40697
955257
964592
22071
78713
65287
69810
972429
43129
93385
41218
61958
972779
EUIAAOA
966329
967084
970207
IEOAEOI
964769
76475
58791
967969
26496
OOIOEIO
61191
949491
951759
OOUOIEAEUA
946296
948943
46849
955786
69377
49364
UOOA
942187
942511
99792
83047
950756
959328
969163
58791
978649
54832
979311
985806
27350
990310
996555
26618
1000036
1006478
1009270
1011649
1020008
1024324
36480
1033925
1036234
1039321
1045341
1053492
1060930
EUEII
UIEAAUAIIA
AOIEEIOEA
1028348
1036901
1041770
1042471
1043007
55617
1049988
65390
1051617
EUAUU
1049192
1056128
22329
1062041
IAOE
43522
42769
1044998
1049692
58049
1054102
1056508
55592
1065098
22329
EAI
1063590
1073247
1073320
68455
AAIAI
1059669
1062619
62289
1072328
61224
1076953
1080108
1082722
1085134
1093536
1102232
75036
51422
1109555
1112275
1117587
1118595
1118970
1119263
1128241
1135306
61224
40924
66134
1139169
1142171
66678
UOEUOEAE
47846
1134617
63572
1141867
57077
55175
71313
1141908
1143211
1144462
55561
47675
93710
55258
69810
1147697
69763
1153785
53538
46849
1155070
1163365
1165922
1169485
1175185
OEEOAI
1166030
AEOIIEEOOO
IIUOUI
1137600
1138670
113276
41537
1148108
1155617
1162488
1169658
1173430
1174969
45562
62815
1182805
53677
1185104
56213
1193229
53677
48058
30693
53587
53179
IIUI
1195204
1202476
40697
1211097
1219837
1226006
EOU
88339
OEAEE
36728
1210485
1217772
AUEIEEE
1220673
1230446
35728
1240060
1240991
1243677
60112
53457
1251926
89391
1256448
1263988
30685
44944
1272404
1276510
AOUEIEA
1261952
46684
OUO
63175
IEIIO
90241
1238686
1246742
30244
1249523
1250643
1251801
1257331
1264599
1270710
1272885
1281586
AI
58350
UUIAEEU
1262857
1272019
90241
1274796
1282559
1287540
1291350
67204
62379
1300338
1306295
1313816
IIUOUI
IUEAUEU
55175
48268
AI
EIAEA
55617
1245930
1246562
30244
64980
1251588
1261450
30693
1270767
61786
49831
69429
21813
1272379
1275689
1282659
73818
1292026
1296443
70256
IEOEEAIE
64717
1287921
1296674
63175
58189
1296742
88339
1302834
1310654
IOOUEAEAAO
27350
73371
1299376
55592
1307827
1317256
1324339
EOU
1317790
EEEO
54199
1295187
1298807
IEEIEEAOI
36311
1294496
1298903
1305002
16380
47166
1312449
80814
1318897
1327955
78709
53751
OOUIEUA
1310361
1313684
1315134
58189
58189
UEEOAII
1301063
45707
77279
68615
1306529
54009
1313013
1315476
1320632
73371
44923
1326601
EUOOOEOI
28810
1316584
1325480
84155
1325808
1330701
99646
52373
79754
115153
42769
1338505
1343325
38075
1344180
53751
1349505
1358731
1361219
1364243
57533
1366672
1367986
42384
1374940
1376639
76245
1381748
1390151
1395172
UOAE
1377563
84943
1386298
1395427
1404101
1412752
1413807
1415079
66678
91934
UUIAEEU
73818
75036
40697
54027
84943
IU
47846
28810
32094
1386546
1395011
IU
49364
1398907
1400611
IIEA
1378069
1385900
AUUAIOE
1378544
1386091
1392752
1397035
EAI
1382497
58049
74073
1383858
54712
1385712
47223
1386285
1393683
1400740
1406180
1409748
1417084
51813
1423870
1426236
16380
OOUUAEI
1398538
1405105
OIUUAE
80302
115153
EAOOOEIE
1382289
EUEOIIO
73505
1375266
OIEOAOAI
1352841
1353187
1356111
1356458
80956
AOOE
1331081
1334982
IOEA
AOIEEIOEA
67139
1324638
IA
64851
1322089
1330148
1333447
1335905
1337557
1342394
1347713
1349431
OOUII
1340741
57535
OOUII
IEIIO
1315143
76864
UOAE
1308533
1315936
1325400
38560
1332095
1333906
75370
U
1331798
AIUOO
91059
47166
61346
1316110
54009
1323982
1324114
43522
47116
34195
1325965
1334059
84863
28810
1339208
64951
80474
40637
92442
71313
1339743
1346106
1350633
82255
44944
52569
1354296
1355463
1356585
52303
58573
1360642
1368582
1368978
AIUOO
63053
77911
OUAEU
58315
43522
1354073
1355800
1362122
OUAEU
1366840
1375934
1383296
1383904
1388540
EA
1369742
1370972
65098
1380663
91059
1388365
1395975
1401855
1404530
73305
1406637
1410471
1416576
72908
1421583
UIEIIEUUOI
1415280
1419292
UU
OOEOE
1410573
1412046
1412697
AOUEIEA
60120
1413828
51813
96362
1415562
1416144
OAIAEI
1398254
45858
64717
1404555
96362
1405160
1405503
1411183
1420232
81014
OO
64851
1402399
1408558
69377
49066
1413123
OO
EUEOUAE
74073
1407315
1409374
62814
87817
76864
1414768
1418253
1418863
1424745
1427211
58471
1427902
54027
1432219
22316
88339
UEOAOEUI
1432486
1434099
89543
1440858
1450006
1459004
AEI
EOOAUO
42384
61208
1433780
1443075
1444604
1446074
32841
AEAEAEAOE
1447608
1449408
1454227
88339
O
AAAIAOO
113276
1441097
95394
58315
74073
62110
42384
1442340
1446638
95394
1455250
1455264
1465194
1473028
1480894
IIUOUI
58315
1473119
1475976
91934
I
56243
1452447
1460699
42704
UIOUUUEAAO
1443634
1445919
60101
1452004
1457041
IUAA
1437572
74073
1444251
1444622
80787
42384
1445335
1449295
AEAEAEAOE
1442300
1447429
1455783
1459943
48849
1468576
1477870
60677
102832
1482502
1486236
IOOUOEO
1469119
1472923
1474728
1476045
71847
1483102
1486807
54032
IUAA
1490998
76864
35291
1498110
1505988
55929
58687
1509428
1512504
1521271
1526585
1531983
1539709
49831
1549107
1557049
1564858
1565287
1567459
UEUEEEEUEA
56209
1547507
60403
61191
1556167
OIOOUI
1536322
OIUIU
1509699
IAUEEEOEOA
1506769
1506959
1509925
1515274
1515349
1520514
80814
42704
1529991
1533592
60677
EEAIUEUU
70714
1523145
54762
1528656
81311
1537086
UUOO
1537123
1543288
1550059
43522
1556163
1556394
AEI
82617
62680
UUAUAU
1524092
1530538
89573
92442
56106
EUUOIUIA
1536782
1542498
1544934
58121
56243
42704
55818
71313
1554508
1558924
EUUOIUIA
1555941
1559937
1567688
OAIAUA
59641
IOOUAOUE
1534634
50566
78061
1538516
36785
77279
58687
1538941
1542181
1546144
1556040
79754
55364
1562558
1566557
1573361
1578869
1580243
IOEAAUIUAI
EO
71833
1526732
1535627
42987
1542872
EEAIUEUU
1525088
1532316
UOOOEIA
59657
78709
63572
1507504
1507551
1514595
1521468
AI
OO
1488761
1493122
1494655
1496589
1496741
1500464
1501585
54507
1504759
1505217
1510147
1519454
1520759
82617
1521750
1527187
21221
1529157
1536115
OO
53751
1542719
44409
1551623
1556950
IOO
1552222
1556797
1563018
UAA
1543424
UAA
48958
OE
EIIEAE
1496130
1505063
73399
73411
1513742
44184
1521943
1523883
28111
IU
1505471
31668
1514529
UAU
EUOOOOUOEI
48849
OEU
1469228
1474607
1474880
1482308
1484985
1494417
35291
OEU
83047
OEAEE
OUII
1453630
OUIAUOUO
1433708
1438296
OUI
94477
1418849
1421978
51204
89573
1430799
21813
1436337
1437117
UOAE
67111
1427091
99418
108545
1431094
EEOUII
1406606
88580
39095
1410416
96689
1416827
46303
1418497
49416
1425312
51204
1427035
28810
1436860
1445919
1447127
1453131
1455364
1455590
OUU
1456177
1458103
72017
49694
1459352
1461478
45542
1470299
1472464
EUAAA
1459809
1469635
1474462
103013
UEOAOEUI
1457256
UAU
88105
1434864
1437445
EUO
1410313
1419234
AUUAIOE
UUIUOO
OIOIAAI
1365847
EEUUEI
1356989
AAOUUIAO
1338957
79884
1339465
46057
1344204
1353858
89877
67793
1362522
1371156
1374657
1374719
99418
54032
85548
60694
58687
1377141
78117
1377338
84468
120380
1381611
UAU
EIIEAE
65443
OOEEAEU
85548
57814
30430
IEEIEEAOI
1291278
1298998
1299655
59642
EIU
66678
OAIIUOUE
1288184
EUA
1263327
OIIUAE
31668
OIIUAE
1267874
1271525
60664
1273334
OOEOE
1277053
1284862
1286906
1287775
OEEEAOU
58958
EUAAA
46684
68262
1268260
1268632
1277879
1280150
1284199
78349
1289776
1299084
25372
1299910
1309131
59535
1315518
1317510
65088
44422
30685
69101
1322196
OEEUUUOU
1311656
66676
1315176
1317369
1319923
1322900
1328480
92700
1329206
55115
OEEUUUOU
32841
1330391
1337727
1341522
AUOOIUIUU
UUAUAU
1322630
108503
UEUEEEEUEA
1317303
73520
64922
OUEOUUEA
60664
67223
45509
53677
1296422
1303446
EEAAEI
1284518
UEUEEEEUEA
AUOOIUIUU
1256210
EUEOUAE
25372
74440
1239327
62954
AAOUEAO
OEI
OI
36311
IU
51169
53052
54762
80814
1193446
1194389
78117
OIAOUAEEAU
1169475
60272
1176286
1180295
88105
UOIUUUE
EEEO
75604
70777
85548
104520
61194
1178802
1187829
1195881
1196277
60027
1204265
EAUIUU
1184509
70321
48852
OIUUAE
53677
EUEOIIO
UU
85073
1116904
1124905
1133633
69253
1139823
1145089
1145932
75604
1148685
1149114
1158988
IOOUEAEAAO
1145753
70901
1154541
1160567
IOOUEAEAAO
OI
1133065
OI
1136161
108545
1143880
1144440
1149765
AOUEAA
1135342
61428
1135663
OUAEU
81279
75996
UAA
1119705
1123059
1125315
1127325
1133904
1141344
1147577
1157408
1164206
1164433
1174348
IUIIEOEII
66710
51136
63572
1151047
1153724
1158764
88927
112846
87779
1160093
EUOAUOOIO
52732
UIIIUEAIAE
71540
UIIIUEAIAE
OUI
1107883
1112893
1114160
58958
87779
30685
61194
1119519
OOIAE
46303
104327
30685
70090
1104089
65663
60272
70777
67697
60272
75826
91557
1110972
35291
1118511
OOIAE
1120255
1120601
EUUAUIOUEA
1111098
1116964
70777
EUEII
1112890
EEAIUEUU
59795
1105183
UOAO
46684
IEE
70901
71314
104709
OO
1031284
51851
1036996
1041166
1041446
1044379
O
1029977
O
1038989
71314
28111
1046852
58276
86247
1050985
72304
1054836
1060269
1069164
74536
1071718
1076851
1078491
1078917
1087741
1088889
1094277
101436
1094311
87224
AAEUAUO
79583
1086221
IEOOOIEUAU
81112
67223
1067443
67573
74059
69888
1074497
EUAAA
1060056
1066414
65801
109746
101436
1074213
1076637
1079806
1089395
1094342
78117
1097973
OEOEEIIAOU
1086684
1089017
1091005
1099016
74536
62954
IIOEUUAU
1082080
69116
91557
1082757
37515
44868
53052
37255
49569
56715
UOO
74108
75996
1067823
79325
72725
59073
1076677
1078742
1085184
77279
47749
UOO
1085260
1087563
79583
1089689
IEE
58573
1083570
61428
1087655
71659
56741
1093856
28111
1094279
OOEOE
1077514
1084984
79583
28810
1092640
OIOE
OIEOAOAI
61797
91610
1051014
OIEOAOAI
76549
97207
1058962
73862
109746
81279
73862
1065249
EUAUU
73183
66676
IUOEUIUUO
63799
1024504
1030608
1031902
83386
IOII
56312
1015826
EI
77181
988911
996134
1003389
28811
1003910
73305
1005722
63930
1011594
99556
1018032
78827
IOO
91610
79325
81112
113634
1016850
OOIAE
EE
981390
984733
993074
74046
997829
1002917
1010993
88389
34195
1012404
1017498
1022839
1027009
60027
1031227
1032935
EIIEAE
95358
1029578
1037411
44868
74046
84155
1041320
1048015
1049638
UUUU
73862
AAOUUIAO
1044837
75826
50475
69694
1054641
1061464
1066521
1069398
UIEAAUAIIA
1061424
OUU
56113
74059
1060066
1063653
60885
1068741
OEIOEAAAI
IEOAEOI
59148
1044164
UOAIAAEA
80814
AUAUE
101651
1021798
68360
74769
1025480
1034358
1035502
34195
1044801
UU
39444
61194
1041073
1050470
AIIOI
AIIOI
88389
1031964
1040112
1047720
1050613
1058282
1060332
1067866
1069692
64592
EIOIAUOEA
73183
90897
1052688
56113
1058074
1067700
76047
UOAE
1057387
UOAE
1058610
1060034
1065183
1066591
1068914
59900
1072364
1078410
72623
IIEUAAIEU
1083465
128359
1086866
1087292
1089757
1095125
61250
IIEUAAIEU
OAUAOEOO
UUOO
66113
EAIOUEEEII
1040949
1046086
60200
1054523
67419
1059433
64662
EUIAAOA
65663
1061866
76864
1071761
66113
76385
1078699
80814
1082721
1091830
EUO
1091496
54199
IAUO
1083761
1085899
EEIIUIEUEO
73520
32841
1085202
66145
1090988
70166
92074
OII
62932
39444
74554
1085995
71659
1092360
1093813
1103271
1110115
1113058
1122284
1130256
EUUAUIOUEA
EUUAUIOUEA
89597
1124726
1132139
1134177
1139000
48852
1141094
1147713
EUIAAOA
83899
1124688
1127970
1137474
1146869
UA
1131384
71723
1140949
OEEOAI
74007
50356
1128678
52732
1134917
1141068
AOOOAIIA
1123468
1129854
67466
73399
1135959
1136772
52690
103932
73399
71723
1137862
1140254
1142930
72386
1147697
78679
1156595
1157906
1165880
1166782
EUEOUAE
IOEA
67419
1118244
75502
1120510
1129406
UEIAAUUU
AA
1117955
37255
100354
1122885
1125722
64140
68157
88451
OIOOUI
29270
1118190
111790
84798
101436
UUUU
59900
65899
1097745
60885
1103387
1111420
EIUUUOEI
1113819
1120800
1130770
1133128
103172
1142475
85975
100354
1148995
1156120
1164942
63500
1172794
1178562
32841
1187251
1191507
1193807
1201490
1209366
1210274
EIUUUOEI
60784
99361
EIUUUOEI
1214394
OEEOAI
63874
66679
1211028
1212829
IAE
66679
74554
1188916
AUIUIIEEO
1172710
1181325
1191035
68157
85975
1193141
1196179
71723
1202961
1211279
1221010
99449
76042
1226625
65206
75591
1227111
IAAEO
62456
1216707
IAUEEEOEOA
UAAOAEIUI
1206814
1208928
EAIAAOE
1191273
1191282
63276
1192281
85975
67943
86821
1201561
1206718
OUU
1189230
82153
73864
EAAUOIEI
69888
74234
66679
1168350
100354
1173257
1179356
1179886
1180848
46157
1189882
79861
74554
UIOUUUEAAO
UAE
87319
113503
1167324
70166
1169023
56231
1171780
IE
1169709
88451
44422
80685
1172395
OI
83512
1145396
1155309
1159422
101314
51171
1161995
1167844
69403
1172562
1177003
1184471
1192640
132186
1193938
1200605
1206307
87319
43227
1207324
86100
1214416
1217405
1226417
AOAEU
1218938
IO
1213444
1216273
1222996
1231884
78827
1234079
1235930
115224
IO
1242962
31990
1242979
1249156
IA
1250676
70646
1250943
AAUUOIIIUA
1227155
99484
1235808
1244073
AAUUOIIIUA
1244090
1245788
56111
66026
59073
1247419
1253038
1257659
1259139
EIOAII
IOOUAOUE
1230944
1234021
1241275
1250729
1254178
1259676
1264287
57964
77592
1269309
72623
UEIAAUUU
106350
OEAIUAU
49992
120380
1222619
75591
48908
56231
1229893
OOUII
1229166
105982
68640
1231735
74115
1237655
51907
1244155
82486
AAOUEAO
88451
1243737
1251824
130526
1255999
1264765
AAOUEAO
27257
78567
1272664
70400
1276483
1277930
80685
EOOAUO
1278977
1281719
1289107
1290983
UII
128975
1277939
77620
1283873
1286368
1292275
1292501
1293638
1302825
UO
82251
1307462
1309115
1310868
1313762
IE
88613
115124
1310252
1319080
49416
78567
1328692
79359
1330211
1336599
64662
AUUAIOE
EIIEAE
1326147
1334170
57214
1338170
OE
1337236
38522
1346451
1349482
1357925
OE
100780
EUIOIIUIUA
UEIAAUUU
1332811
68804
OEIOEAAAI
1320144
IEIIIU
1292168
1301381
1302315
56231
1304085
1305605
1306923
1311690
1321463
83453
1325312
1331109
1340269
1345593
65443
1350951
1353429
50256
AIO
64239
87319
67592
1341549
1341894
65142
1350266
43227
1350830
EAOUAOUE
74115
1347902
1353224
AEIEIAIEA
1332560
1335163
69864
78931
1344275
1353751
1355484
EUOOOEOI
1330837
100970
EUEOUAE
95875
1315317
66113
1323972
79621
78679
AEIUAIUUU
70926
90111
49416
1314378
1323395
67466
1326940
EI
79074
85172
1305857
61420
1315179
1323270
1329853
76239
76042
1335260
UOO
49416
1328649
1334464
1341417
1345982
1352481
1358574
78032
AA
69524
63572
OIUIU
106290
51907
1326851
80866
71496
1329754
1337541
83386
72404
1338078
1346336
IAIEA
1342583
1344664
AAAIAOO
1335920
1343226
EUAUU
101314
1323937
80740
1324465
1325467
69864
72324
1325792
1330982
1339733
66026
OIAOUAEEAU
105799
OIAOUAEEAU
1317192
1326113
1333132
1334043
1336797
1343695
1349055
1356473
1363019
72623
EOU
93137
1347883
1351118
1359784
1368119
1372409
79359
1372577
EUEOIIO
58798
IAUEEEOEOA
1347542
1355679
1365058
1371714
48908
1377531
76239
51171
58798
1384112
113926
123830
1393359
1398001
1404034
86981
83250
1412758
77620
IOEA
72623
66895
IA
1372947
1382500
112037
1391508
1397652
1407340
99966
1411774
1420747
77870
1423488
87768
75658
75078
1425481
51907
61985
1430901
85739
62932
72623
OEI
OII
86821
1405238
1405580
1410921
1414315
1418624
78567
1427203
1436579
UII
1433968
1443591
AOEUA
AOEUA
1423895
UEEOAII
EUI
51907
1397127
EUI
1392535
1397705
UU
49100
73436
1375311
A
EIAEA
1344176
1349283
UOOOEIA
1340481
1341287
AI
1335945
OEEOAI
1332427
1341266
IOEA
IOEA
1319375
71735
76042
1328658
82486
1334150
1334874
AIAAOAUEOE
1319334
1327536
45308
1333285
1334600
1339191
120105
1340344
1345776
1346493
83481
AIAAOAUEOE
AI
104658
74742
45308
1342656
E
E
1315827
1325789
1333907
132500
1340110
1340123
78032
1346011
1350062
1352818
1359885
1362653
1367139
1371648
74115
1375355
1380386
OAIIUOUE
1364383
OEIAUEIUO
1350870
91444
108371
1355154
74115
1363724
1366491
120105
1366842
89597
1370039
IA
75658
1342423
101314
OIUIU
60784
69888
OIUIU
1338766
59810
1340681
UEAUUOE
67466
1330803
1334977
1337938
83415
1346962
1349773
OEAIUAU
IIEA
AUOOIUIUU
AUOOIUIUU
87779
89597
113843
IU
65550
AUEAOEOA
82486
1232130
132500
49710
1234350
1234498
1241974
1244569
AUEAOEOA
1243626
1251226
1252444
1254363
1262155
AUEAOEOA
1268253
1276692
29270
1281916
64538
66078
1282733
1290601
AUEAOEOA
AUEIEEE
1270593
UOEUOEAE
93602
101782
104658
1261100
UEAOOUEI
65909
UEOAOEUI
65422
120105
83647
98364
64522
1238711
1238725
UEOAOEUI
73520
1241981
1247177
132186
EUUOIUIA
1230107
1234105
1237454
1244713
1253116
76962
1254940
1259213
1264964
1269513
OI
1262908
34962
1272721
1273074
1281221
1290837
68674
1295008
86738
1295714
OI
73436
1298487
OIUIUIOOAU
IEAOEAE
O
1235272
1238832
115593
1242656
71055
O
1244381
IEEIEEAOI
1233079
122938
74306
85739
53825
AA
1208715
1216015
1218817
37226
73234
1218943
1223051
115486
IEOOOIEUAU
1213457
66078
1217824
75046
89513
1217881
67466
1222996
99378
1232742
OE
IOEOUEAO
1212241
IOEOUEAO
EAUEA
106350
1205661
1212233
UA
UA
1193337
89893
62355
EAOUAOUE
OIOOUI
1150190
IOOUAOUE
93423
1146991
IOOUAOUE
83386
98364
1155413
1157390
1165793
91258
1173579
AEIOIAOOO
1151793
61555
1160861
74115
1164565
1172073
66078
UEEOAII
1156264
1165669
1171701
1175763
1177378
UEEOAII
120048
1178613
1182475
1189747
110697
53731
1191223
1199692
EUEOIIO
83386
UAOEUIUA
1150013
1150325
33089
1151971
UU
1126556
AUAUE
68157
UAAOAEIUI
1104499
EUO
1098158
1102846
UOAI
1102514
1107488
1117120
UOAI
73282
1124235
79366
69524
69403
60784
89089
IIAUA
1119591
78679
1120659
1121405
1131182
1138425
87753
76295
1144585
1148174
1149923
87096
79889
1150076
83838
1151614
UEOUI
65693
1143633
116617
69524
94147
71907
79889
1149915
AAEOAUAIU
1146591
1154828
93910
110338
1159421
75216
OIIIEA
87270
1152221
64522
OIEOAOAI
1127164
1133130
1136069
62898
68702
135211
69561
1140369
1144706
1147401
1154996
OIEOAOAI
69524
101810
1153923
33089
70267
89820
1158480
1165188
1169503
1177397
83838
1186559
1187202
83838
1195580
1198929
1203299
OIEOAOAI
71055
83647
1189589
AUIEE
1173803
1175530
OEU
73113
1166527
1166656
53731
1174506
1177822
1179439
1182905
115486
83562
1191338
84091
1195205
OEEOAI
1178263
1179711
77677
103172
135211
1181255
40866
1184258
OEEOAI
71907
EUO
76121
107221
1184930
1193974
45308
84193
1199235
OEEOAI
1171333
AUIUEEEIAI
87160
1152764
1158344
AUIUEEEIAI
UEEAAA
1139331
UEEAAA
97811
103041
56964
66431
EIIEAE
27257
UEEAAA
AEAEAEAOE
1064038
1065054
1066070
79927
1067550
43227
1076004
EUOOOOUOEI
71737
1060568
1064960
1074833
1076856
1079512
64522
64522
62355
1083635
1084617
1090671
83838
87270
1091394
1092537
1095490
1098713
66869
IAAEO
1082653
79366
1085882
1088942
1089667
1097143
OOEEAEU
1093207
1096376
36002
1097337
89555
130526
68371
1099222
62498
1101832
43426
77860
85814
69515
IOEA
IEOOOIEUAU
1063060
43227
75046
130526
AIUOO
1043055
75658
1044159
1046117
53825
UOAI
1022064
60784
74281
1031638
1034208
1044193
1048497
69398
1055692
67823
OII
1041514
1042059
64282
1043454
UOO
1023795
1032192
1040013
OOIAE
39615
93602
OE
1029974
1033149
UIUA
1006498
1013524
1018814
1025003
IAI
IEOOOIEUAU
79861
985445
991612
997315
76959
999070
999241
1005179
1008764
132500
1010940
1011420
80623
OEO
998324
77860
106010
1005982
57597
1008834
EUOAUOOIO
1004323
1012720
83562
1018392
75046
100674
49100
1019630
87873
59776
1022229
71055
EUOAUOOIO
99169
1019047
76736
1026822
1032992
120340
1039984
108261
1043167
1043806
1045238
121553
OEEEAOU
1025832
1026422
99688
1030502
EEEO
1018546
1022136
91655
102041
AIAAOAUEOE
1019506
64847
1021904
134787
EIAEA
1012294
104136
1015009
76959
1023558
1032216
EIAEA
AOOE
1008017
EUEOIIO
1008235
1012770
49341
1020964
87971
59776
EEA
1018214
79970
EAU
998732
1000452
1006465
1012777
96002
1021421
EOOAUO
84091
EOOAUO
85814
IIUI
990200
82934
34461
992272
EUI
983654
992516
OIOOUI
971586
88755
66026
977506
74909
115224
103172
78827
65142
980134
984751
76959
87873
990144
132186
IAUO
981389
115224
984415
987522
994539
IAUO
999075
UUA
972811
EUI
116136
957136
960500
968050
972246
64282
UO
968618
970276
976484
982557
EUOAUOOIO
AAEUAUO
EAOOOEIE
915705
922018
926384
928250
931014
936908
145077
939384
83647
941946
96002
UAA
942838
36002
945411
950337
954839
961765
109908
94296
969866
978937
53731
AOOE
965828
975613
983488
110102
99103
993283
998138
1001091
1007465
1011515
1019107
1029060
70650
60942
1030280
1032524
1036908
UEAUUOE
74281
1030146
1035739
IUEAUEU
73113
1013369
94542
UEEUEEEAOE
992657
68423
998945
1004690
1014263
1022031
28074
132530
75046
1023027
OIIUAE
83775
1021844
EIOIAUOEA
95825
70650
96097
79927
87270
130526
76736
1009367
89875
110697
95843
78094
74701
EEI
111612
984954
84935
87195
89942
IU
IIOIIIOOIU
972095
IO
954118
96326
103041
962089
88119
79139
965408
EO
80132
945172
60664
947408
100194
145077
952669
959279
961251
971168
EO
968166
101324
968359
973949
87507
OO
78094
945978
947595
42635
954998
136693
964812
965365
975316
979683
979695
76736
110697
100194
981870
84368
OUII
962812
54986
AAEOAUAIU
963274
94296
971905
IAIEA
972022
974445
979961
983726
119940
108458
989968
51171
997157
999397
EOEOAEEUE
974695
UO
106110
OUUEIIIA
79927
936041
132186
EU
915208
923981
107221
924903
89942
54986
37624
931772
940202
106350
IA
80673
943832
EUOAUOOIO
83593
925257
931235
87341
941167
949908
956524
960710
EEI
69561
951223
960037
EAU
IU
AOIEEIOEA
71234
929494
58023
934631
AOIEEIOEA
53439
IEIIO
79328
913709
919014
923884
924207
87813
AUEAOEOA
AEIEIAIEA
63556
AEIEIAIEA
891982
115284
EOE
865261
119940
868747
869684
869868
877833
882697
890523
897808
903476
906529
909141
87446
AEAOOEIOAI
902319
131487
74019
908602
914486
919065
80375
921343
929868
89944
936441
936989
942412
943320
952880
958069
86256
965242
109828
AAEEEUIEO
EEUUEI
944233
944550
944730
949348
85464
950256
959980
966362
AUIUIIEEO
954947
UIUA
944353
IEOAEOI
932741
65328
936843
103530
IEOAEOI
935575
OEIOEAAAI
906084
911155
OEIOEAAAI
910689
AAAIAOO
EEA
EIU
109771
885025
87446
888057
EIU
OUUEIIIA
862402
89942
82428
OIAOUAEEAU
80629
IAUO
61643
824946
834714
841308
845684
851562
98448
74701
858615
864815
867963
102465
95449
98448
869945
870727
877266
75046
880490
UEOUI
865134
867017
109906
IOEAAUIUAI
847201
849407
79139
856335
858565
864469
77677
EIU
EIU
89894
853011
91655
861348
93736
869966
870681
62964
872422
72270
81722
OA
865547
61633
872085
113955
873800
877313
AOIEEIOEA
OUU
OUI
822091
824301
36002
829711
835612
UUUU
119833
UUUU
70144
824982
829285
838077
103530
843976
849236
854848
126821
864563
871256
876231
97648
118854
87956
92120
EEI
89894
EAAUOIEI
87813
54986
117141
79861
841373
843696
847535
I
837916
842814
843088
849801
UOAO
837154
98448
78380
843763
850506
858621
86256
67934
IEEEE
848105
850860
859560
107221
861714
866883
80132
869746
870142
871629
873124
UAAOAEIUI
856938
55604
865105
868926
78544
65142
OAIAEI
852827
862620
95691
869020
128956
92120
UOAO
847134
848864
57597
858758
61633
OOUII
99706
846245
847493
OIUIU
64232
107221
109906
77504
UIEIIAIOIO
814956
817080
820009
91866
825030
826946
832297
842223
124440
847872
136639
53825
852544
856896
856958
866425
869986
873954
EO
869743
871904
881416
881931
IOOUEAEAAO
856937
69887
862104
OUII
124440
UOAIAAEA
815306
IOEA
90265
821063
106155
827286
83365
831587
81722
836323
EIU
95652
808057
809877
813644
815604
817050
819786
825359
831665
74909
838104
EUA
816786
68141
825712
826741
831994
IIEUAAIEU
50038
816541
87319
824029
129925
830096
833349
840652
848795
88119
852618
859077
OIIUAE
91655
73669
95652
853455
111395
127304
862233
85069
67696
866679
AAEOAUAIU
859281
EA
102041
68280
839998
78544
848525
OUEOUUEA
826665
75046
95449
826824
833628
839469
82601
840351
840437
62622
146450
95627
60934
119884
848414
70144
856743
865919
OUEOUUEA
863952
94313
90089
873514
880226
883757
886620
894075
77819
70471
901437
906504
914501
915923
918516
89894
927532
928073
930015
87195
98203
934542
938726
947869
118669
948684
954448
962090
95825
971552
UA
956427
81722
IIAUA
931331
OIOIAAI
87319
108600
AIIOI
86654
886300
892564
898646
AUUAIOE
76756
37624
899904
909235
917326
926632
928457
933370
IOII
EUOAUOOIO
899795
900311
UOOOEIA
893181
91866
EEA
885314
145077
62622
EEA
888042
OUUEAU
888511
78855
AOEUA
873433
878245
74909
888194
83350
897058
900671
904149
EAI
902397
EAI
UUA
891705
AIIOI
876448
71379
884903
886187
EAU
886903
891885
UA
81269
84935
868541
UEEOAII
102624
109545
843981
87270
844757
849294
854486
862471
UIIIUEAIAE
854220
857424
39615
864505
IEOEEAIE
849904
852867
862297
68280
64739
871880
146450
878990
884752
80532
74832
EIU
871541
75046
77013
79167
879444
889259
EUOOOOUOEI
876059
881525
886483
EI
861306
864651
36002
83717
866806
870576
146450
876681
EOU
862508
73054
865155
100194
82448
109041
71379
866692
89894
78384
872734
OUUEAU
862143
EIAEA
UOAIAAEA
836168
78384
44013
844967
126598
845747
103785
848654
127095
853527
855655
855847
862955
135211
869663
870307
111388
873742
74937
882654
883848
884453
894428
895821
100194
904386
OOEEAEU
81251
904341
77799
78384
909913
914100
915336
917722
EAUIUU
912108
916911
118395
82428
108299
IEOEEAIE
136639
AEAEAEAOE
65328
889223
IE
EUI
867081
869530
70186
119884
101322
83602
877902
887605
891225
895722
78073
901342
EOUOAEAEUI
66431
89473
39615
892371
144949
902095
911117
113955
918251
118395
64734
127466
923184
109041
929305
68280
939201
944992
62328
96002
948863
950585
952948
958190
962582
968545
106551
977853
94524
977965
980716
77013
989748
73339
91172
996988
102041
82428
102580
1005087
OOUII
988393
37624
OUAEU
78380
47196
965242
82360
972281
EOEOAEEUE
962376
967856
977820
986259
990856
996759
1005639
1012263
IEOEEAIE
1015477
1021710
1021998
1024725
76968
1031815
1037963
1041307
1046332
1053833
76864
EUEOIIO
118518
OEI
74832
1020203
65328
37624
UIIIUEAIAE
102866
128263
63636
1004292
1013955
1015770
1019496
62051
1029225
IAUU
77013
1029093
61274
61322
1034145
1039310
1049063
IOO
1042971
1044155
1051262
1056318
A
61274
91381
105886
1043225
IOO
OUOIAI
AEOIIEEOOO
AEOIIEEOOO
1016741
1022165
EOOAUO
95128
1017443
71379
103785
1021403
AOUAAAA
82870
76756
999681
97324
1004848
1009306
1017519
99454
74021
98457
EEA
999951
147520
92507
1008126
1015540
IOII
1006907
1008450
1012825
1014508
1019972
91637
1022063
1026730
1029132
74021
99223
1038310
1038506
1047113
111612
92120
91302
1055702
UIUA
EIAEA
84206
1009437
80662
1011786
76736
1017133
1022982
119224
1024065
89473
1033294
1034613
127641
1036679
1038600
1044290
1046524
1055050
1055638
120657
1057063
97648
1065934
82564
66243
1072760
1073185
91771
1080513
OEAEE
IOII
1054674
IAE
95017
126089
EUOOOOUOEI
OOUUAEI
1001094
IE
IE
IE
37624
973718
976926
AOOE
64734
961132
AOOE
960330
969233
977049
EIEEIEEOEO
62328
139733
OIAOUAEEAU
934343
91473
939947
135922
948614
37624
95657
OEOEEIIAOU
922497
925871
87619
935814
94514
940840
EEEO
941257
944094
100712
950527
957763
EEEO
103586
964041
111612
93723
IO
948876
94514
UEUUIIII
115543
952425
954032
963584
UIOUUUEAAO
941966
944919
78073
UIOUUUEAAO
934789
IEEIEEAOI
927821
932847
73660
933009
139733
941276
OIOOUI
936714
942696
946260
946322
97826
946540
89162
956173
964062
965029
969253
82302
974650
71809
EOUOAEAEUI
952381
957204
964813
973359
93686
102866
IUIIEOEII
962621
964174
968320
969188
971999
IUIIEOEII
63023
112894
75046
978135
984768
109468
990871
994455
AAOUUIAO
991363
AAOUUIAO
IUIE
980668
983860
IOOUOEO
94828
989135
997987
999776
118375
1009265
1014604
IU
83365
98457
97324
103729
1018782
98091
1024614
95657
UOOOEIA
OOEEAEU
990990
IUIIEOEII
IUIIEOEII
108971
979631
988964
993353
999759
1008932
107377
1017654
1019988
100674
1027703
1031908
80728
1039639
1040231
1048023
1048310
UIEIIAIOIO
107377
1053061
1059144
1063424
1063711
1066096
1066625
1067188
1072065
1079711
1082683
1086461
UOIUUUE
EIOAII
1053458
1058269
120560
1060132
IAUEUAU
146026
135211
92187
135211
40793
99828
AEIOIAOOO
OE
1001240
1002685
142869
84168
1005666
1009795
AAAIAOO
981241
100674
122279
984747
AAIAI
977925
981703
86654
115392
62328
117045
99761
47196
988127
100415
127641
AAIAI
95128
94228
EU
EEOUII
953534
49512
IEIIIU
949410
953146
IEIIIU
AAIEOAIOEU
112803
948779
UEUUIIII
66243
118395
922883
927452
IU
EEAIUEUU
73660
883584
AEI
869321
88385
41267
877477
884298
884413
889216
OEEUUUOU
868247
874675
109482
879589
885224
OIOE
886741
UOAE
146026
877075
878407
82123
UEOUI
864495
87587
UU
74669
842721
843541
95657
852392
855465
856103
858095
867397
107377
870475
109724
OEEEAOU
EEAAEI
835799
845512
854018
857914
EEAAEI
860983
867165
UEUUIIII
OIOOUI
70558
UUA
821599
97624
64786
76736
95657
824404
826700
833613
839594
846842
855538
862524
IO
AOOOAIIA
IO
807670
817129
821184
EAIAAOE
798324
EAUEA
128567
82870
789825
92987
798350
97489
119503
116225
798840
95657
807614
OEEEAOU
96326
126598
798239
135854
803961
EUUOIUIA
796677
800862
152290
808153
70421
EAOOOEIE
783915
95657
EAOOOEIE
92472
UIEIIEUUOI
770923
778715
OUAEU
IEEEE
742442
745567
113197
OE
82884
IIUOUI
728642
99242
738088
63411
742499
745611
IIUOUI
78128
97648
743344
161375
49512
IAAEO
88385
100712
747018
756156
OIOIAAI
OEOEEIIAOU
OUOIAI
74669
703333
AAUUOIIIUA
EUEII
85371
672335
EUEII
669602
677338
91421
117727
78852
679677
683317
687405
134890
689004
690881
EEI
98886
OEO
647223
92472
653233
657379
659762
664672
670070
82870
676536
679190
88385
94828
EUIAAOA
59758
662019
78848
IEEEE
116903
658941
659069
AUIEE
655552
OEEUUUOU
661449
119503
663790
43395
93175
61340
88043
666798
670177
EIU
93175
84061
93919
668707
EA
646203
651587
658111
EA
92472
77005
120309
662848
665113
670030
138951
OUAEU
653609
655393
659190
152290
664036
672523
EUA
71470
673721
66243
UAU
88043
76968
77893
104966
51043
100712
651362
660801
143817
UAIOEAEEEO
643816
106651
94744
646860
654965
664070
UAAOAEIUI
645284
69429
100657
652433
74909
654798
661533
662565
103729
141338
664249
78104
666641
674459
UOAIAAEA
670628
678165
UOAI
109041
139264
101300
111127
OIUIU
638570
OA
120560
620973
625596
628317
79207
109828
638152
640848
61402
645780
650962
658631
91244
662012
EEUUEI
645673
135340
100674
112994
651186
76736
653304
663190
670727
OIUIU
669771
673755
675448
684834
686602
695805
86166
66392
702175
88073
708528
100403
86166
98373
109724
712306
OOIAE
97394
EAOOOEIE
97489
IEAOEAE
68102
656984
662802
88385
667330
92472
101749
676403
78183
89503
UOAO
658609
668231
672550
677052
677135
686132
UAOEUIUA
676520
684054
689287
68102
UUA
666781
UUUU
117534
653410
662747
665904
IIEA
647547
651907
658102
662606
73456
662740
672556
71775
83365
87587
120560
674551
137823
93175
679760
102082
689301
109724
697727
106222
74021
79207
703277
128832
708278
715609
85121
77815
724749
125591
730492
730903
738076
OUUEIIIA
712727
714075
78848
716170
720661
728046
734349
97489
126930
741329
UEIAAUUU
125591
731255
UUOO
91182
707063
120808
EOU
692573
UIIIUEAIAE
125104
78848
82123
82360
UAOEUIUA
669933
EIUUUOEI
668853
677858
99200
680768
686659
112894
687176
104767
137812
690442
691598
87587
694094
103586
698080
124969
IAUO
679147
IAUO
94828
AUIUEEEIAI
IOOAUEIEE
105407
640267
648333
656053
120901
659095
OIOIAAI
654757
656882
658219
105022
94828
94373
658238
160103
667466
670448
673279
679775
I
86166
115399
672168
135211
OEI
83365
OEI
AAOUUIAO
103940
98457
AAOUUIAO
635772
114443
643061
649169
76968
AEAEAEAOE
UEIAAUUU
126930
83488
614757
OIOIAAI
605221
611853
614193
74021
617071
626971
634477
124287
644362
649136
OIIUAE
635227
83488
88999
107731
643242
71470
88043
646683
651074
651864
53020
653069
AAIAI
109482
132387
648727
AAOUUIAO
OEEEAOU
624051
629387
636130
642171
EAIOUEEEII
97349
627991
IEEEE
98373
108687
132387
160103
606621
82560
OOUUAEI
592248
126257
600366
606037
607634
617575
107695
132387
OEEEAOU
84794
97489
100947
97394
596417
61274
603653
603856
OEEEAOU
606058
OUO
111541
85430
107755
113245
78836
593827
603314
608103
IOO
137812
148813
599401
603388
612008
112645
614252
122826
134890
620953
87511
UOO
120727
64043
611923
98373
619758
110932
624634
122264
634123
636497
638383
136933
647797
654927
EUI
652865
79438
90831
104582
660870
78836
86107
UU
97489
109545
110932
648707
650980
73683
149414
654246
656716
662206
OIAOUAEEAU
83365
646637
653274
OEIAUEIUO
151377
74019
627151
627483
630918
640072
649368
146026
652401
87840
91302
657748
661196
662541
OUU
644997
654077
660270
661637
IOOUAOUE
EUIOIIUIUA
EEI
611477
124416
616736
623246
99406
74909
112645
625785
626297
112055
632677
100880
82508
636405
83365
639421
642030
71470
649200
111127
649850
651689
657971
107038
661583
94373
106661
EAOUAOUE
135605
75431
634548
640623
642038
105889
97394
89503
AUOOIUIUU
620974
109482
107038
IOEUEUU
EUIAAOA
122264
571296
575420
577952
87587
105889
IAOE
100947
64043
76526
553870
OAIIUOUE
554428
564199
568770
OIUIU
EUUAUIOUEA
537696
545892
554311
42175
557286
77893
560747
570200
579289
580601
583645
AOUEIEA
567329
573941
79438
573957
583850
591742
594272
89503
595677
596382
100581
603403
612822
91182
83438
EUEII
AUIEE
103499
585220
585222
IAIEA
580862
582213
99923
EI
581921
588388
AEIEIAIEA
124287
OAOI
544963
108687
124287
549596
552183
557094
559973
125530
OEAIO
564751
AAEOAUAIU
77815
59896
OUUEAU
OUUEAU
161353
524360
105889
96900
532637
539220
149923
541711
100415
550418
557156
559570
94744
567957
573020
87589
161375
OEAEE
556901
98081
561574
567782
107755
569934
574558
577162
580355
587364
UAAOAEIUI
137588
IAUU
OUUEAU
530814
536331
545773
119063
114071
548724
550029
556531
562991
69429
570867
573827
579246
EUOOOOUOEI
575295
576722
104768
583202
592650
594947
604746
134890
613200
67315
120560
139264
615973
623521
624256
97076
624620
85371
87589
628495
634839
640560
649557
EUOOOOUOEI
IUOEUIUUO
638221
641629
73660
646578
62531
651730
657247
116430
AIIOI
662008
84036
105022
668782
107916
672612
681221
92472
OEEUUUOU
EUA
665547
665703
667380
122561
AUEAOEOA
653090
655548
663584
95140
669903
94516
674619
146026
97741
678512
121788
86327
679200
686059
O
105903
EUIOIIUIUA
85430
652314
146026
92463
AIAAOAUEOE
632162
633504
77455
638985
98814
644266
652154
158058
128953
656599
EIOIAUOEA
631052
636127
644783
122026
654695
664616
80472
161375
666274
127423
AAUUOIIIUA
665092
87511
127128
EUAUU
101137
113245
OEOEEIIAOU
645493
144884
OOUUAEI
622101
97489
626764
126701
116430
UOO
611124
618022
620909
628031
120560
637487
127128
107038
AUIEE
156590
126701
UUIAEEU
EUEII
585876
588042
589298
591272
593700
144875
598310
86327
605168
613893
73946
80957
614234
129510
106697
619022
625973
101606
630069
96900
636401
642608
649448
93321
UUO
143452
647860
117183
86022
87511
651912
656361
656904
662221
666899
676248
108735
UUO
64555
680215
682564
AEIEIAIEA
83300
163984
91860
669366
672848
OEIAUEIUO
646414
654089
OEIAUEIUO
92472
649315
651956
63354
656741
659235
665101
667920
670213
EAIOUEEEII
IIUI
IEIIO
625609
104152
OA
607747
OA
609968
EEAAEI
106228
90704
135217
116430
609898
113245
616407
120560
617754
OUOIAI
126701
AAIAI
89033
120309
615447
621867
98081
623053
624531
630296
79568
639078
IOOAUEIEE
622314
632221
152041
AEEUUOUU
134890
621224
627508
77893
142869
634446
70547
642832
647669
657641
159203
123001
662281
90446
669889
62531
99933
676506
101606
116705
123802
678013
103147
103499
124287
680224
OUUEAU
125986
103586
660795
662249
105270
670377
77893
125256
672059
76666
129607
675419
EAI
OOUUAEI
65533
634013
92472
UEEOAII
EUIAAOA
609198
618996
627501
EUIAAOA
107709
65241
133586
631548
85794
108687
77455
633899
641422
167863
650462
650958
IOEAAUIUAI
624367
629410
632931
634495
637851
91874
642025
128947
127423
125986
IOEOIO
EUO
615098
622688
116477
159758
116315
144884
124181
106543
107382
626563
631539
76721
635333
642962
645511
651803
63420
EUO
UEUEEEEUEA
647274
122445
654764
657111
OUAEU
88110
99933
84168
655441
116315
661098
116477
671094
117183
679261
91896
679992
685813
89033
687048
UIIIUEAIAE
686655
85090
690480
159758
691290
IEEIEEAOI
673617
144875
673772
UAAOAEIUI
658022
666633
92426
673472
679509
109824
104970
680293
131899
683658
683675
692755
UEEOAII
686918
IOUAOO
676594
680673
682042
111483
UEUEEEEUEA
668346
674068
676596
684510
691079
700753
704294
76968
707725
153330
AEAEAEAOE
700524
87921
116477
88110
707095
148813
714580
108455
719633
76721
729344
88669
103586
UOAE
724604
IIAUA
704873
706039
123802
710191
79240
712911
713592
716064
79336
88031
95598
149677
116394
122026
722760
IIEUAAIEU
695654
698277
103499
705853
712725
713747
719064
OIEOAOAI
710621
94130
145284
716769
104152
719143
108455
727902
92426
IOEOUEAO
704139
102407
90831
EIEEIEEOEO
691182
693981
694325
697930
702000
87921
84168
711136
90571
713887
UAOEUIUA
707280
708462
714487
723020
725831
732605
88669
741696
751614
107382
UUOO
134575
753631
AAAIAOO
746523
752537
140278
757818
759435
768248
770905
772135
777415
50762
130333
785456
793206
795924
UEEAAA
790615
793836
123802
797366
OIUUAE
87449
782155
127423
100947
125986
789824
797202
EOUOAEAEUI
127968
43195
116705
790679
794881
117899
803471
805237
814770
116705
819424
OUI
79384
801721
806645
107362
808509
817185
UII
796286
89033
94373
114718
IOOAUEIEE
777574
786359
793305
793980
108661
798478
799222
116394
805235
106578
811135
819610
120309
822307
829261
838548
841825
129510
UUOO
58023
816544
819490
828950
108192
IOEOIO
125635
109246
810622
90571
811816
95453
EEAIUEUU
793895
795904
104970
804895
UEAOOUEI
158753
93175
791749
798974
140782
803672
AOOE
AOOE
767138
108015
106140
94130
UUAUAU
746241
EAU
116670
741002
104600
746762
93321
747838
83865
152041
752586
EAU
118443
130866
AAEE
740677
741796
91334
119503
745909
95140
753398
144875
79177
EAOOOEIE
UEUEEEEUEA
119747
AAOIEIAA
707084
715817
140924
139785
717090
119158
725635
93321
731707
735436
UOIUUUE
719643
129510
OUAEU
693011
700166
105129
709917
714352
137565
720481
721413
148813
726051
733465
121774
736998
737200
745426
753582
144884
97247
129974
OEEUUUOU
748018
755194
761752
762932
764123
OOUUAEI
739070
115388
EUOOOOUOEI
732258
740187
EEAIUEUU
714379
121774
66760
115388
724257
727862
731175
736143
741008
741100
750453
758468
762679
770868
123608
89503
771892
113952
EUO
87921
751347
752174
97231
753883
110456
97247
754918
756451
123329
766448
157993
80434
78228
771285
776615
104600
781900
65241
IOOAUEIEE
OEU
108687
84168
UAOEUIUA
IAUO
732123
733067
93446
741780
750473
116705
67882
758024
77815
106543
760302
87511
769174
771418
775819
784669
793619
139226
124287
801838
UOAO
786808
796692
796717
103585
798626
806819
OEEEAOU
56628
783054
788962
138440
91874
AUUAIOE
125635
769590
774000
128814
79396
779485
86631
93446
784244
791623
795676
144487
800337
OIIIEA
790038
124181
790080
EEAIUEUU
107709
113169
107382
142037
782289
785618
791045
797889
798773
138440
808505
147335
144884
816392
77815
818092
EEAIUEUU
56833
UIEIIEUUOI
789748
UIEIIEUUOI
125635
EAI
761922
118991
766122
EAIAAOE
758375
96341
760934
763044
153218
767911
773343
123802
781886
87958
788661
795651
OEU
79177
OEU
125579
105129
99951
781741
80114
790089
UOIUUUE
120790
103499
116705
764074
131563
101222
80472
157993
773180
782270
782835
788982
792949
143002
96352
107382
793911
795294
801700
809063
91840
818881
821541
IUEAUEU
122065
823015
829484
830195
833341
80656
66760
838836
66760
844188
846662
129365
847738
849633
152041
859081
69409
868616
124287
870467
879691
881401
127965
116394
884387
884419
127968
891863
900693
IUEAUEU
106363
900120
80817
127868
95453
902082
909960
108401
113935
912582
918007
918474
UEAUUOE
156590
890118
890555
129510
125531
119388
894698
898050
IEAOEAE
A
130774
96352
869081
95203
869502
875508
884635
124287
103147
892681
AEAOOEIOAI
AAEUAUO
105280
862484
868646
OIUIU
859232
864489
99951
AIUOO
73984
864377
864456
866689
AIUOO
867263
876481
877128
93104
94373
94130
84278
886267
887881
111239
134448
101222
101003
OOEOE
138440
875208
880263
881922
889519
99951
894292
140542
EAI
EUEOIIO
841616
141978
IAUO
107729
829124
120167
832413
66022
834690
AEOIIEEOOO
815830
825625
IUAA
104018
106363
820810
125531
823955
824646
UAIOEAEEEO
805422
112667
141978
805978
IA
791680
142037
141197
791831
126817
121610
IA
AEAEAEAOE
773237
778689
787539
79336
133892
93446
OUUEIIIA
65260
119268
769594
771786
106531
100947
781748
OIIIEA
782285
OEEEAOU
UOOOEIA
735770
741862
99540
175787
749913
IEEIEEAOI
IEEIEEAOI
725418
731470
733474
128157
113935
742455
127868
135437
751986
761182
IOEOUEAO
81239
761253
763892
EUO
753889
759024
766174
774187
782733
789570
99951
793025
93515
794965
799161
AAOIEIAA
799183
89687
801722
802849
810978
815345
94373
817453
111465
136821
822153
824397
833142
121610
IUIIEOEII
AI
OAIIUOUE
IEOOOIEUAU
UA
127423
UA
111255
735539
79396
737931
OEEEAOU
731130
740604
740911
744043
EUOOOEOI
719872
EUOOOEOI
UEUEEEEUEA
OUUEIIIA
88834
99951
705787
710130
712518
123421
AO
UAOEUIUA
138860
OAUAOEOO
683831
693725
703405
UUIUOO
80472
138440
691601
115242
692763
697446
705664
708985
718957
728934
734740
744161
118956
753411
110117
756704
139226
762134
769294
777140
78237
EOUOAEAEUI
761255
761444
766986
775519
777406
779652
127311
787674
791181
AEIOIAOOO
782929
153218
112667
91343
142037
785084
789794
794247
798130
92602
EAI
93084
783886
125937
792454
794698
153218
UIEAAUAIIA
785466
UIEAAUAIIA
788512
789839
796739
121610
AOAEU
UOO
755726
EEI
739986
156590
746625
754035
109618
755924
760221
109769
115447
127968
163429
764524
772189
773586
127033
777241
147733
781533
781955
784979
790995
795662
798874
807540
815922
818091
826709
94130
831185
IO
830649
834514
841068
842200
79177
847452
853932
106323
OEO
106866
81502
107729
152034
UAAOAEIUI
152647
832480
UOAI
808287
809322
126301
140688
142037
809330
811578
815361
106363
823147
832707
835660
843064
102264
847220
109584
857161
83181
858528
IIUOUI
AAAIAOO
815255
147777
OUI
119489
115447
795071
804999
OUIAUOUO
785685
791371
125937
794233
AI
119158
769106
778972
102675
785729
101449
786800
106323
EEAIUEUU
OOUIEUA
92078
760106
115447
767270
79396
105872
64720
57505
772271
781844
782255
785608
793711
87511
104978
795524
100233
113154
802726
78992
807512
811991
154853
IUAA
124559
787620
796963
806182
815476
OEIAUEIUO
802841
810682
134414
152647
108052
80656
152034
820296
104978
127128
101449
89750
UIIIUEAIAE
77815
807829
OUUEIIIA
799882
804584
812201
123560
113154
132736
821098
100005
823750
831512
841462
842977
EEI
110387
840049
846579
114908
136721
852761
74928
95834
101677
859222
EEI
AUOOIUIUU
831399
151922
838710
124559
839682
AEAEAEAOE
830834
121776
836865
100233
132736
843301
851709
859204
UEEOAII
132736
150553
127813
EEIIUIEUEO
860877
862190
868107
873627
EUAAA
853005
107241
109333
857611
861175
870499
876832
882655
115388
891147
894974
896544
122909
900181
905204
EUAUU
904160
141197
EI
884111
892876
98316
EIOAII
EIOAII
127128
108015
UUO
137405
852046
80922
859008
861859
865994
74026
869291
874785
875023
117651
101449
78674
OII
873192
163984
66051
105886
OII
OII
131264
89750
122909
876722
94130
EO
869394
870528
879586
882891
109333
134181
883531
892121
116828
96054
901352
111616
905331
118956
110387
148654
EU
84168
EI
870685
120790
874295
883198
91840
888240
895639
897904
903669
66051
904026
908459
113790
918352
923539
927562
933646
943139
949938
952515
954263
963087
969470
112667
976628
984947
72766
991227
998641
126207
118528
EI
1000833
99247
144837
1005263
1010516
1011884
1012061
1014754
78992
1018008
69087
AUIUIIEEO
1011307
1020533
1024151
UOOOEIA
1000690
1003740
150884
1006629
1011160
EAIOUEEEII
1000120
85734
107265
1006258
1012824
1020894
1028825
1035023
1035883
1039565
1046087
OUU
1040224
1049972
111616
EUI
1041148
1044160
81502
57505
96012
EEAAEI
84077
150553
115388
IOOUEAEAAO
80922
79877
OUU
107382
968183
OAIIUOUE
960949
968134
147733
174480
99334
975393
981362
987080
991615
87656
106543
995153
1002273
105872
IOEUEUU
EIOAII
985495
136564
994517
88834
1003986
1011754
EAOUAOUE
120167
75090
993057
134909
1000579
1003200
1010556
AEOIIEEOOO
996835
AEOIIEEOOO
AOOOAIIA
IAUEEEOEOA
966821
96352
967087
970334
86987
115388
970982
147777
972455
979111
984636
128157
126207
987466
996834
1006093
108661
1010299
81135
1014033
1019907
1027975
1034899
119388
1039536
1043892
1048876
66051
1052560
1055190
1063368
IAUEEEOEOA
1064609
1064766
175787
1066397
127033
1072072
UAA
1073489
1081532
1088837
1098805
1099607
OA
77455
1104139
1109692
1112348
EIAEA
1087265
1090688
1093893
152034
1100739
116123
114165
AUAUE
IOOUEAEAAO
1094224
1095453
120783
I
127033
OUAEU
127574
1077386
1087116
1087214
EOE
EEAIUEUU
1039259
1039823
1048932
UAAOAEIUI
89750
1031369
95495
141636
100233
1035541
1041362
1045368
1054370
106531
1057763
UAAOAEIUI
1056231
1064827
1068340
178621
1071203
EOU
1054046
1055323
105566
1055964
168928
1056815
IEE
150062
1042119
163001
102424
IEOOOIEUAU
AIAAOAUEOE
AEIEIAIEA
128313
148674
UIEAAUAIIA
972658
976984
985698
OEAIUAU
145135
OEAIUAU
124802
89950
119388
984944
989250
AAOIEIAA
974203
977207
145928
981962
985551
126450
UUOO
974750
978795
148376
107330
127033
980738
988678
992082
1001750
1002638
1007197
1016646
79396
UEUUIIII
129229
1013253
1016931
130796
1025752
1032223
1033124
1041957
99478
1043707
AEOIIEEOOO
1040951
1046400
1049952
1057683
1059906
114165
1067315
1073591
105886
IEEEE
178621
94020
1069267
137785
1071524
IIOEUUAU
43195
1065030
1066171
1067179
1067871
145135
1077456
113328
1084916
1086747
1086751
IUIE
1065538
1066551
1075634
138600
137785
1077201
1083120
1087392
1092149
106578
1094455
1095488
1099821
100233
1101513
IOOUAOUE
1098009
1103224
78991
EOOAUO
97394
EUIOIIUIUA
77455
141978
159376
AOAEU
1040308
IEIIO
1032520
125888
1037029
125567
1041364
130271
147733
OIUIU
1026590
121610
1033466
1034814
OEA
1026425
OIUUAE
UUO
993784
171719
80472
108052
994791
1000873
1009308
1014120
1016983
142940
1022321
94020
100514
115694
1029774
1030301
1038568
UUO
EU
1034820
1043528
81939
177192
1043601
1048786
130692
1050474
1055572
AAUUOIIIUA
141903
127275
OIUIUIOOAU
124559
1023059
1029282
1031530
UAOEUIUA
1027823
1033669
1038582
143171
1039987
78991
UAOEUIUA
1045444
II
1031658
139736
1036396
79396
110329
1041249
1050958
OIUUAE
1044298
116670
UIIIUEAIAE
1020986
IUIIEOEII
AEIUAIUUU
998702
177192
115796
