5054
12625
AEO
0
11746
0
0
14411
20416
29685
32405
AEO
37606
0
5054
0
OAIOEIEOE
14752
0
0
0
22530
8030
0
30639
0
0
0
38527
47597
47759
0
53084
0
53639
0
0
59549
62969
69339
70856
78237
84668
94145
99367
100407
0
7571
105045
107392
7192
110573
0
UAOA
0
87623
92966
AEO
OAIOEIEOE
65114
66966
555
0
75699
0
79825
UAOA
0
16641
74597
83429
IEIEUEO
22560
IEOEUOIU
A
A
24577
0
28502
0
7298
12807
29945
AOUIUAA
19272
1040
24348
6370
24796
29042
0
34536
35786
IEOEUOIU
28372
37750
42910
50300
52914
19709
4638
55032
21529
0
0
56332
OOOOI
51221
60794
70455
0
4145
74285
1040
76466
IEIEUEO
84612
15908
85559
89271
21529
0
4638
0
AIEEUEEO
64757
71837
80740
0
448
83727
9378
0
86798
AOUIUAA
63096
0
71929
79687
89588
95572
OEU
EOAAAI
67987
AAI
73717
81309
8633
I
3914
79913
17484
OEUAU
UEEAA
21529
8982
44439
45072
46257
13113
AEO
38680
41655
49004
14211
51693
55323
58608
21529
66973
75918
82497
91159
11864
93931
101057
5984
OEUAU
11860
89599
AUOEEUIUA
65403
66162
68409
71201
29277
71894
11864
81527
UAOA
A
45073
AOUIUAA
19936
26245
IEEOE
18347
IEEOE
1889
OEUAU
4323
29277
13743
22385
15370
10792
21003
16415
29978
21956
IEIEUEO
34706
42684
18347
2566
27117
49620
49903
0
29277
IEIEUEO
OEUAU
8982
39257
13888
41447
43013
II
16089
3723
41030
33431
35546
26245
29277
10792
UOOAOIIAU
16118
20116
21498
26054
30515
OEUAU
9815
18927
24663
10792
IIA
9502
23279
24157
13002
16331
20099
25641
33166
28360
33939
0
38004
43940
45255
47439
AIOEUI
44255
44968
47004
52827
57750
63604
68222
69579
79003
0
84963
A
71245
71358
24279
AAI
10792
49980
11197
48081
51309
54963
28142
62824
34927
34927
28142
72475
76850
81461
15149
81786
28142
85022
2036
94674
UEEAA
48081
83642
AIOEUI
81084
84888
37231
4815
87235
92965
102614
105124
109938
115942
18825
34927
12553
24279
AIOEUI
117956
18630
118348
IAIAEIUUEO
OEUAU
69202
78701
80858
85202
28142
27450
92055
IAAEAAA
69154
76408
85121
89049
IEUO
75278
11546
IEEOE
11568
AIEEUEEO
25227
28208
AIEEUEEO
11568
25944
OOOOI
28142
29602
16260
25114
22826
26139
30189
A
9159
29602
28396
28208
36052
