4818
12776
OAUIIOEIO
1126
3558
5351
7778
UOAUAIEOEO
0
0
9089
12804
13717
0
0
16708
18989
0
IOEAA
0
0
0
23355
0
30232
32740
34756
42651
0
48110
48919
55656
63235
72451
78803
86658
0
94083
103972
113122
AEOUUO
94782
0
95575
95677
105284
108317
112240
0
OAOAOUEUI
89991
0
92183
0
0
2508
AAEUOOEAU
5731
75500
85418
86561
89537
7958
0
0
91949
0
94795
101247
IOEUUIIUU
78975
0
0
1793
81348
0
0
EIUO
72034
72438
AUAIU
58893
59204
67366
68295
UUIIEOE
UUIIEOE
OAU
IAEIUU
26047
0
27987
33612
40720
0
47635
0
52235
7958
0
0
60577
0
67212
IEEAIIUIEA
62986
67566
2427
75161
0
5010
OIIUAI
0
0
58486
67957
72859
0
81617
86945
8372
OE
73056
EEO
0
52212
IA
0
0
0
0
UAEUE
0
6418
5010
OIAAEAEAIA
OIAAEAEAIA
IUI
0
IUI
4578
13419
4600
OUEE
0
12546
OUEE
17624
24244
5731
27731
0
UUUAOUUAEA
15310
21112
0
29759
38803
47976
48307
0
0
0
50581
59068
66851
8342
0
67511
10818
UIIOEEA
0
60255
62591
64052
67538
IEIOEUEA
3972
64194
74130
83511
84036
0
OAOAOUEUI
OUUOII
39823
42553
43373
53163
1940
3372
57823
57888
66377
5010
74256
79511
87468
89912
92226
96214
97462
0
102
106697
OAOUEO
UAIO
72178
UAIO
UUIIEOE
0
8841
74154
EEOO
78317
78486
7154
7595
84624
13535
EEOO
85074
86472
88115
10493
94839
7154
0
98821
105402
113749
0
0
122497
5802
0
131608
132717
140213
143876
13535
8487
2730
UOOOE
OUUAAOA
0
96979
2508
OUUAAOA
IOEIAEEO
0
81252
83148
IEOUEIUE
0
8841
65578
73119
82426
0
5328
84595
85540
0
0
7609
11097
0
94187
UUIOEA
IOEIAEEO
90534
93180
IOEIAEEO
0
96105
97686
105844
114561
7588
6581
123560
7166
3372
123919
0
5802
129029
2373
138030
146945
154785
18155
331
156687
0
AEUOUAIUOE
138133
AEUOUAIUOE
0
139284
141594
149265
7609
151786
156186
102
1643
OOO
152604
157843
8487
158757
OAUA
137395
2976
3092
137497
142081
151418
158625
OIIUAI
2412
138049
142658
152062
155963
163574
163774
170916
172033
174323
178247
OIIUAI
IIUIOEOOA
153949
158105
167202
15179
0
168897
861
173110
0
173880
AO
149293
150675
160303
8487
7154
19740
164572
168828
172611
0
169
0
181343
AO
187768
197253
0
2991
204865
212641
17278
220741
2481
220878
AO
222371
13535
793
OA
1873
9307
0
IO
8487
205120
2444
0
17773
214813
214958
224469
231680
OUUOII
311
224234
8915
229794
233667
AEIUIIEAO
7257
0
230477
236694
7895
246375
0
0
252464
254205
8717
255083
0
260674
261861
267563
3731
UOAUAIEOEO
0
256916
258716
261276
UOAUAIEOEO
256576
UOAUAIEOEO
AI
236755
2481
245709
251301
IIUIOEOOA
UIAUAU
238413
239558
248456
255024
256452
IAEE
809
251029
254206
OUUOII
OAOUEO
223917
0
232956
241410
0
0
244611
245784
251264
253026
9936
5328
258496
13351
5450
260979
4874
9453
0
6452
269526
271165
280332
UUAEI
23712
267545
277117
280946
OIIUAI
279845
289568
660
0
5328
0
3923
291093
12543
OA
281393
291001
7334
295763
7840
4874
UIAUAU
266521
276147
281555
2508
4660
0
285233
287397
13916
7334
294650
EE
285644
EEO
7541
279180
288761
294459
298565
0
306466
0
UUIIEOE
IAEIUU
OAOAOO
13535
278124
282774
283197
0
2976
292761
302378
307140
309391
2276
317666
IOEAUA
AIEIOII
290030
12189
8021
290362
OIIE
280816
8841
19096
288323
0
297711
302732
IUAEIUUEA
222
295100
299105
OUAEIOA
289726
AOUUAEA
278487
282159
283241
945
290671
OAIAEIUOE
269038
270900
277971
15769
11137
281453
284806
0
287840
290046
297182
304951
IIII
0
5010
11188
EAAUAUEE
285874
289843
UOUU
272438
281651
281994
283488
0
331
5062
290866
293090
4457
301625
308454
IEOUEIUE
EUEUEOAAUO
EOOIEAIO
257935
945
258995
10626
UAUEAOEU
261698
268476
UAUEAOEU
272364
9404
273795
AUEIAUOI
18400
269423
279318
280291
9607
8419
19913
289090
296769
299845
660
302277
305808
IOOIOI
UUIOEA
9350
0
278001
278556
285032
AAEUOOEAU
2432
280248
282396
287892
288877
OUIIAUIEAU
266713
0
268299
34767
OIAAEAEAIA
250531
259526
266847
12543
8372
276427
E
UOAUAIEOEO
253889
9936
15253
12093
255039
262123
263353
OAOUEO
240885
9404
5062
IIUIOEOOA
15179
16737
AUI
200292
EOOIEAIO
195093
200854
1757
0
207550
207785
211461
212160
13351
15446
221135
9394
227269
8704
234387
240805
240849
AOEIUIUUA
0
0
463
219909
220664
223465
228506
IOAI
207458
6138
213736
14482
214677
219280
28333
12440
17811
221451
230978
239723
13022
240684
IOEAA
227998
12731
233758
241745
4457
244694
246421
256053
263494
IEOIEIEA
236738
0
26124
246690
250559
12543
255178
256505
8487
259435
3873
2481
263169
273012
277552
102
5062
21766
IEOUEIUE
259668
5535
261881
15446
263083
18623
IUE
23358
255127
12443
OAUA
230010
235406
239694
IUI
230782
27593
236279
UUOOA
18060
235409
243447
9342
247575
251498
256126
260321
269259
272152
280782
37326
21766
284886
AEUEIIUEOO
289189
3901
AAAE
4902
272212
279914
AIEIOII
102
5002
274860
IA
32532
OAUIIOEIO
233612
236579
16023
34767
238224
247338
8725
248130
251302
257633
262540
0
262919
4460
19110
271146
275912
2976
2508
278259
284723
292323
299516
300290
15446
10626
0
306371
313370
13491
9394
17999
321228
4833
331020
339099
32532
9753
345598
351921
IU
349111
353984
358625
OI
12443
352326
361865
365400
IOEAA
351757
EE
334140
5419
338391
EE
7840
9530
337970
EAAUAUEE
330060
26124
7378
339710
0
345125
349225
356657
365540
AEUEIIUEOO
344772
350498
356913
363688
22519
371310
8186
11427
13409
373689
6889
19172
10448
32532
IUE
5802
374761
378867
16023
382567
9951
388408
394149
20544
11845
9951
8186
400297
402077
411186
417523
8487
EUEUEOAAUO
416173
416338
420471
428978
17341
429064
8487
EUEAAA
8186
9951
UAAIEUA
404521
409326
414306
421836
8313
428857
437645
442259
443840
9039
9530
453114
13577
456392
458933
460307
463520
464214
26124
9394
OAOAOO
16449
440818
450265
UOIOOU
19629
428112
AO
IEOUEIUE
I
AEOUUO
392043
4460
392066
397889
402361
4628
UUIIEOE
392115
23655
IEEUUEAE
381176
14231
389602
390957
AAAE
379988
381552
34754
8186
41430
6138
14625
UOIOOU
369920
371993
18475
OAOAAOOE
374660
12160
4510
OAUA
359740
22399
18664
369440
372017
44078
374320
377958
8725
12440
7378
386282
393070
10269
34754
IUEAO
15952
384590
390041
18664
10269
9018
398274
403738
8726
19954
404600
410024
412223
AO
399527
400428
4584
405589
415317
8717
422473
EO
EUEUEOAAUO
378681
IEOIEIEA
IUAEIUUEA
16813
22399
369685
373707
381038
382968
390080
396824
9479
406402
IEOUEIUE
11427
UIAUAU
19954
360420
368485
A
362101
363663
19388
366681
19172
366977
368148
EUI
354591
363569
9753
14452
13577
4510
364759
13317
EE
18270
340263
6147
346194
348751
348867
358828
362773
23773
16942
8487
366318
UEEUA
12661
352832
0
18160
36610
13409
35503
353722
355995
357955
15120
EUEIAOOAI
23773
19172
353209
UAOIAUA
351382
360156
364268
364892
AOUUAEA
UAIO
6147
322119
323134
24964
EAIOI
40123
326582
331838
IIII
308059
313621
22870
321659
322392
41430
329048
2903
337823
344514
24567
350433
9280
352441
354163
UAIO
332969
341902
OEEEOUE
UUUAOUUAEA
3731
13741
312756
322292
IOEUUIIUU
28884
304790
EAAAU
290085
10269
26294
EAAAU
293007
295311
13491
298535
15507
306103
10281
12482
309437
23358
319336
327934
AEUOUAIUOE
325089
331467
AIEIOII
14448
330087
332508
341679
18160
350156
11391
UAAIEUA
8725
AOUUAEA
313372
319733
326675
UUUAOUUAEA
300260
26294
3873
310241
319992
326300
IOAI
26294
OUU
12867
303506
303526
19954
OAOAAOOE
299786
301086
308883
314463
17103
320162
326311
327937
330843
334673
28022
336609
345009
29051
351470
358867
9018
361964
OUOAAIE
17456
2903
IOEAA
34842
16434
22686
11044
339126
26294
18049
15489
340152
4510
OUU
UAAIEUA
A
311663
321426
AIAOUOIA
35423
A
13101
25275
290253
298474
301485
302559
29906
13741
307354
UAAIEUA
288098
UAOIAUA
AI
239603
243014
244286
246663
253241
254502
AI
33414
1202
EEOO
236226
8186
240230
250157
253547
259328
22738
26294
23598
264172
264293
272640
276949
276985
29363
283309
288279
291856
11826
0
54834
6415
296742
304628
5002
IIII
OIIUAI
9018
272360
UIAUAU
250552
254028
255070
IOEAA
29906
29051
236462
19468
246409
247235
247929
28818
257384
32523
7835
263191
273158
273761
281287
289591
OUUOII
OOAAOE
258265
265035
OUAEIOA
266848
3731
276635
12012
278866
33977
283791
285650
56367
287943
296145
28750
306125
20970
19468
309210
319037
UOIOOU
305876
41812
310686
29776
314679
33414
318152
28750
IOEIAEEO
311327
311963
IOEIAEEO
314610
AOEIUIUUA
U
291347
296773
302395
17104
19741
19741
309959
318783
9100
20495
322672
11044
10269
330530
17787
AAEUOOEAU
19468
303396
26662
312789
315457
12372
56367
319244
328208
337886
16434
UAUEAOEU
318817
325107
7835
326114
32559
UAUEAOEU
9018
321771
326347
22870
19092
334764
32435
41395
IEOIEIEA
315027
322323
331089
24964
15253
3095
UOIOOU
29906
27593
333239
15934
334167
AOEIUIUUA
23860
310422
312900
313552
319705
328295
328489
22602
6527
332168
19311
7835
12016
19954
334478
335110
342471
10493
348078
9100
352907
359366
21064
364731
AOEIUIUUA
366470
374412
376081
383909
393749
400480
5002
406993
410514
AEUEIIUEOO
396524
IUOO
376280
380903
40849
385451
27593
20647
386622
30467
395266
12661
13741
I
33414
57061
5519
393180
402074
403222
408387
408487
417311
419707
EAAAU
26662
401536
19529
UAIOEAI
UUEE
357564
32559
15306
360290
362711
367472
40782
9100
376453
26492
AIEOEEAAIE
35423
375645
385435
389672
31148
394603
15239
399829
30659
407523
413997
420116
41089
AUU
32817
15370
408543
AUU
12016
IOEIAEEO
394233
22399
404097
16434
44201
17787
411674
418800
425292
432549
AAIAEIEEE
428062
27593
1202
431723
431799
437242
AAIAEIEEE
440066
OIIE
40782
48792
421710
UOIEU
19311
21064
14727
413860
423317
47261
41814
430622
6527
UEEUA
416265
424277
430166
432396
433584
41760
442272
UOUU
19468
19157
6857
AI
432409
14969
26662
433997
437641
442816
451825
AI
40849
15049
451859
457730
461064
14969
466180
470200
OOO
12012
21064
32817
448259
22614
31995
451698
2481
458006
461585
44201
462762
33045
471484
477471
484513
AUI
13858
19954
15306
11308
18270
485263
18360
490339
499790
503471
33045
513409
515464
UOIEU
AUAIU
479871
479890
488557
19380
492495
11308
I
41760
481211
32945
18360
IEOUEIUE
478684
15049
487640
56939
57061
UUEE
478444
486331
21653
29363
UEE
481474
487134
55860
11899
27154
IOEAA
29236
475732
15306
17691
476575
479411
483552
41395
485525
488881
63376
IIAAAUEUE
11899
41635
AEAIOOI
IAU
17691
430849
EEOO
14138
419578
423962
429204
OOO
413157
25223
67554
413696
46153
OOUII
414883
14482
63376
420231
427440
427813
31447
OOUII
56939
45635
435545
OOUII
22384
432685
441803
443194
451772
456790
OOUII
14482
465271
474963
AAEUOOEAU
18818
465335
10493
470946
28962
477052
484150
488398
10006
33707
495050
7869
13741
UOIEU
18360
490898
42719
498325
OI
479498
21653
484497
48792
40123
494223
9161
19963
503800
IEOIEIEA
499729
509066
31283
518380
521724
9100
33707
524583
527450
530994
UOUA
521387
15049
41635
529844
OAOAAOOE
518881
522481
529788
531980
EAAUAUEE
45281
OAOAOUEUI
IAEE
485250
491010
EUEUEOAAUO
475760
66005
I
464037
22614
473112
OE
450819
12661
21157
452714
459381
OA
24277
28818
18386
453364
40217
15253
458894
40217
459009
51297
460876
17375
AEIUIIEAO
454541
457245
AUI
458595
463402
13741
463462
49754
56939
AUU
8148
436350
41089
439013
40254
447100
E
447305
452442
453601
458773
66441
459053
11308
17375
24277
22384
23366
467468
470898
478420
OAOAOUEUI
449396
452599
454132
456318
461889
467328
E
UUIOEA
22372
15253
OIIUAI
439229
442872
448438
22614
41089
21157
OEEEOUE
432239
EAAUAUEE
17123
430796
431605
42525
24506
35544
21125
434815
437574
AUI
23903
416791
33707
418221
IOEAA
417478
419143
421014
UUIOEA
410532
UUEE
19954
395750
405573
17993
31423
UUEE
409961
13741
411436
421226
425852
426426
IUAEIUUEA
22399
66534
18508
EEIEEA
385904
393440
398124
15253
UUUAOUUAEA
384652
23903
392642
395008
397830
401768
405295
14086
AEOUUO
397676
405914
415447
47511
UIO
404028
409382
41542
417579
422076
49584
19954
23903
431062
29874
437690
UAIO
38452
418950
422582
23366
18508
431558
441071
446086
448971
18386
26173
450065
456118
460431
461868
469114
38752
32169
AAIAEIEEE
452366
457414
461494
463990
472324
477434
35864
484388
493357
498983
505076
49584
27593
AOUUAEA
33611
504518
14671
511921
15253
13492
519376
524175
17787
528684
19157
40254
530497
540077
541436
545112
552961
558941
0
566004
OAIAEIUOE
66534
IEEAIIUIEA
529600
531856
539454
50125
IOEIAEEO
542129
IOEIAEEO
AUU
521171
526752
38920
EAIAAA
505421
506171
509631
O
30308
67554
UUAEI
IIAAAUEUE
OUIOEU
35149
UOIEU
437915
440641
442579
23903
451979
455868
456319
OOUII
435349
30411
13929
442102
IUOO
428491
430515
431131
UEEI
429224
437890
29776
13918
46699
441170
444681
454428
IEIOEUEA
442362
447288
35149
O
25243
425996
429459
435357
O
7869
EEO
415400
36596
417919
46720
418495
53321
38928
35864
IO
OEEEOUE
392083
392224
IU
388775
390798
394349
25470
EUI
391030
O
372341
72515
381296
40719
25223
AOEIUIUUA
357045
366152
374644
AEAIOOI
369288
18386
372482
381672
383692
385687
388212
391431
32169
E
31208
11247
EUI
22115
367769
IIAAAUEUE
67554
347352
27467
0
348501
72515
350140
350777
UAOIAUA
28232
345992
44201
IEEUUEAE
36828
323770
331505
EEIEEA
333017
337322
16855
45397
38506
341037
343380
353285
355589
359118
363560
364055
369662
16434
24277
372897
12514
373169
379105
EEIEEA
384903
IEEUUEAE
30308
U
366394
33393
372317
376929
385826
O
360293
27593
UAOIAUA
23826
UAOIAUA
46918
UAOIAUA
335704
OEIEOEOAAU
41905
28704
AUI
15306
UAOIAUA
56843
274663
IOOIOI
27593
EAIOI
29874
54309
UEEI
213145
45703
IIUIOEOOA
48686
18386
42640
22657
40762
205446
46699
210282
UEEI
188010
191174
IIEOU
187646
33850
IIEOU
194753
195181
53663
199430
43691
200942
53321
206910
207341
212805
UAEUE
197401
OAOUEO
AOEIUIUUA
EAAAU
183064
183285
192904
22574
67554
194545
AO
15306
54147
196072
24277
205002
33311
214114
12514
33707
AO
217145
57937
21945
224972
225723
OUIIAUIEAU
12012
230822
236307
245403
17920
248721
17461
256243
258297
263264
33707
28425
269853
276971
41794
284883
288881
289059
297095
IOEAUA
276101
281088
45703
36793
286649
286703
286773
291550
295735
301715
35809
309416
41794
23903
17920
56185
28425
IUE
EEIEEA
IOIOEUIIEA
256092
262631
272442
276263
278753
45200
OAOAOO
254776
IOOIOI
42521
13175
247755
17691
255082
45397
261963
41794
24135
262151
46656
39433
264832
265750
269543
45315
271081
18038
UUAEI
275415
277813
282036
284584
286273
24135
OAOUEO
261149
268217
UUOEIIAOIE
259676
261912
33850
33977
262327
268163
45360
E
246976
250268
54309
28043
EUI
36828
247247
IOAI
22373
234891
237939
32157
26317
28428
35540
238261
241173
251131
11216
24135
252572
258354
27115
263770
32157
271360
278310
43813
288286
61262
33460
36870
288535
291239
33839
UOOOE
UOIUI
271579
277864
40663
UE
283258
61262
47511
24277
23903
13606
289640
297829
32918
301211
OUUOII
291401
26173
299513
305482
308841
56843
61262
311774
EAO
288530
298314
25585
57203
305819
309674
26173
OUIIAUIEAU
OOO
286194
13220
289887
297712
26173
46020
28428
304642
314232
314760
60148
39433
20575
315015
EIIIAEUAAA
290778
33109
UOOOE
273618
277211
IA
OI
12012
273263
277967
20027
282332
EAO
258350
265566
271817
278859
32169
284388
EAO
0
290469
AEAIOOI
57654
272092
278552
OAIAEIUOE
33776
13606
23163
46712
280432
289495
297044
IAU
284965
287179
41592
296929
43813
302617
303209
32576
EI
285774
288330
295100
300652
303558
312523
IEOIEIEA
EAIAAA
16434
16040
23903
EE
272024
IUOO
244675
28043
17920
252406
259919
AOEIUIUUA
OUUOII
UUOEIIAOIE
62519
UOAUAIEOEO
197643
198979
204382
EEO
191599
200807
IIUIOEOOA
177485
IUAEIUUEA
IUAEIUUEA
162024
171457
177360
22218
17920
12514
185892
17920
58524
58524
22960
187992
UUOOA
17920
187126
OUAEIOA
OUAEIOA
181474
187858
OUAEIOA
44919
UE
40539
157747
166403
39433
41672
175309
45687
26812
180941
57390
45369
185575
9806
IEEIUEOA
22399
AUU
146147
88208
147419
22373
153142
47054
159867
43055
169360
176026
180259
26374
OUOAAIE
160763
161477
42286
162707
166267
IUAEIUUEA
148622
149051
155026
160998
IUI
145099
9806
EAAAU
AUEIAUOI
40693
105397
110678
OAOUEO
40663
AUAIU
78858
33839
24135
83115
54994
35481
90202
99003
35481
108446
62121
113839
56539
44512
53749
117245
125954
133387
139418
34325
142417
41672
AAOAIEIEO
122413
129753
54147
137697
31049
145956
AAEUOOEAU
50550
128071
129754
53426
24277
134404
44507
144251
47511
46020
24135
144577
150255
160159
AAOAIEIEO
A
35481
AUEIAUOI
112131
118121
128079
UIAUAU
124287
126787
128461
23903
130369
49342
138603
147274
156078
EUEUEOAAUO
EUEUEOAAUO
146856
25279
153668
161504
26927
168418
170422
32708
44507
33776
78858
41959
172802
EAIOI
45369
147163
153596
163513
54994
52153
64938
36828
168735
32157
AO
AO
48961
22960
138875
78858
55692
142026
88850
53426
145946
147486
148973
156124
156140
165748
49342
175005
175776
184496
OUUAAOA
171747
175037
175377
32790
IIAIAOOIEU
153777
AAAE
138141
139327
140534
148395
153656
37198
161511
36828
165287
174163
180790
188416
33441
195286
33839
198036
202623
EEIEEA
50039
181518
189254
31386
O
AEUEIIUEOO
154091
158415
166594
170114
36828
48961
177477
31832
49342
185458
20039
54994
189089
192892
199980
203746
211384
217431
31832
219262
221975
231834
51363
235188
240431
249016
256751
IA
251075
257345
257494
265701
41361
41672
56236
43163
273618
43972
278300
22670
281876
AAIIAIUU
72357
OAOAOO
261110
49225
33441
270665
37080
277614
OAOAOO
20039
275108
284830
285967
292281
62121
301174
305173
306941
313750
316457
325048
331414
332307
47892
60690
32790
336248
339714
341633
342598
IUEAO
34507
47892
335104
34507
46052
344729
AEUOUAIUOE
41672
39674
46020
339343
347204
347546
51363
49729
UOIUI
328701
50473
328824
OIAAEAEAIA
318068
28043
64938
42728
49407
56826
325611
46198
OUEE
72357
56826
315344
316936
EUI
298022
29405
49729
304896
306838
315835
319627
43163
324949
333761
50936
342666
343217
345005
345665
55765
353071
49342
359633
56826
367564
368468
372484
IUOO
346382
56590
349095
OIAAEAEAIA
353767
26134
OIAAEAEAIA
OUU
350232
350456
355606
76265
361016
UAUEAOEU
342730
UAUEAOEU
AOEIUIUUA
82233
335726
35710
64097
344295
31116
346675
AIAOUOIA
50278
AOEIUIUUA
40539
317263
326874
336828
342233
67470
41726
OAOAOO
336867
344711
OAOAOO
52153
80277
89968
352575
357658
364661
371189
375726
377908
382515
386832
387035
36024
395970
396087
403374
412202
418854
422024
428717
431723
438432
438629
32568
440491
IAEIUU
440961
442710
449893
453348
460306
464262
470116
477940
71014
480318
45369
483330
33839
493175
44452
501600
501683
33776
47476
46198
504659
41726
509992
516250
522665
524615
47892
529285
62853
531012
69931
62259
531479
78858
535189
56912
EAIAIUAEOI
534579
536211
539876
544197
551180
553519
558981
561814
EUI
556802
EUI
562407
45369
566983
572197
577348
OOUII
59144
565872
569499
64144
576169
582739
583012
0
84115
583306
585067
590118
42534
64938
598903
605415
612073
619172
43978
36828
628150
OIIUAI
613366
56826
47696
38253
620032
620830
625619
13920
630486
50278
29405
632306
639674
33839
29405
26134
23903
640749
644264
36080
37198
32708
80947
654106
658351
OIIUAI
38253
653336
654993
658520
IEEAIIUIEA
657664
660936
72224
664562
668965
676496
681951
688681
696457
706238
715586
IEEAIIUIEA
713924
714190
723386
726729
732189
42229
734344
735500
65149
52745
741912
747043
754040
756733
758935
768458
31116
OI
56933
762948
20863
766357
769543
775387
13920
785098
53426
786945
787689
790428
799730
40896
OAIEAOIEAA
775548
62259
781024
62743
50936
787917
AOEIUIUUA
774217
EUIEAUUE
764878
764985
769174
769500
771198
44738
50278
778951
53087
57679
41981
784795
32157
OAU
59647
780976
24135
46712
72220
AAIAEIEEE
89968
EAAUAUEE
EUEAAA
743070
743171
744578
753355
761531
770125
774420
IIEOU
41726
775030
AEIUIIEAO
749694
755724
EUI
760481
AUU
37154
89968
50936
51712
748954
50674
89968
751344
32708
752670
EIUO
41726
746594
752663
73074
753791
759893
761079
33812
50936
OUIIAUIEAU
AII
52733
732583
741504
57496
AII
744764
746966
748809
757673
47511
762118
UAAIEUA
AOEIUIUUA
64728
749584
57614
57496
29970
758831
UIO
IUE
723192
724855
731911
IUE
UOOOE
719196
AUEIAUOI
698780
698887
701168
88474
705387
56590
71874
713694
69931
721269
EUI
64728
72224
715362
716363
AAIAEIEEE
67403
0
57192
718761
62121
724558
AEAIOOI
723027
56826
732373
738291
740504
749106
64144
752048
755789
756173
758495
766156
48621
50473
768974
773114
777482
UIOA
775487
OUUOII
IOEAA
AUEIAUOI
723183
25923
UOIEU
32790
61540
32568
57192
UEEI
53805
705877
707144
46712
715651
42229
717569
725466
50278
36828
728343
730714
97151
53805
UOIEU
715296
717842
40539
727655
60690
734782
44522
736276
72357
36828
63801
736425
OAOAOO
84545
53805
733522
62121
UUUAOUUAEA
728658
69931
62121
735990
52582
41751
741378
58553
OUEE
53026
29970
717869
727236
735567
50674
60690
11216
78584
IUE
46712
729474
72357
731901
740551
740649
72224
742570
84598
747156
29128
42229
84545
752233
IO
24329
56912
EUEUEOAAUO
IEEIUEOA
697695
701566
706687
707321
707690
709041
717165
724924
59621
725064
23903
731015
734021
736185
742959
22946
67403
752410
70695
63801
OUOAAIE
37080
738231
45359
742220
751846
754231
758600
762038
UIAUAU
27956
746879
753368
759209
768743
776248
776696
EEOO
773238
57192
70695
70695
5028
73074
778216
20706
785076
794359
82440
32790
803051
43978
803650
30707
59621
EEOO
32790
812775
EEIEEA
814023
817889
821441
57566
823473
41726
EEIEEA
59647
37523
23903
824444
44205
825161
67403
828621
34725
830570
832759
46743
66215
42812
839721
77672
848955
UUUAOUUAEA
11216
845644
66817
850812
62940
53306
EAIAAA
EAIAAA
59621
48659
OAOUEO
IUI
771973
773459
OE
753209
33776
62451
OE
733592
739163
744694
748306
84598
749614
758897
764783
768502
27813
770293
52545
779642
49179
34725
AEUOUAIUOE
764391
771094
UE
72917
751324
757592
759749
64097
56590
766564
71874
UEEI
74654
762452
768639
72489
773870
778765
72220
787292
30707
794300
43163
797768
OUIIAUIEAU
60744
798106
803776
808608
IAEE
8543
805880
OAUA
789144
796688
89922
803668
807287
812785
AOUUAEA
UUIIEOE
796319
41361
799693
804135
804324
62644
84811
811677
27956
815311
822811
823407
77263
UIAUAU
52545
822472
827109
834109
OUUAAOA
827675
78828
74731
29128
46377
44715
832388
53805
53184
17547
41361
837953
48656
838584
IEEUUEAE
76380
841201
77324
48893
845455
48621
50674
AIEOEEAAIE
845872
855533
857619
858964
859591
70915
78828
867614
870572
877190
48992
877880
56590
UUEE
859442
38810
84811
82440
862555
50674
869018
869493
84598
26927
875919
884453
45687
OAIEAOIEAA
873045
EAAAU
66817
862553
863807
EAAAU
853387
861029
UAEUE
848514
852804
IOOIOI
851101
102845
857197
861198
864598
78584
866462
866618
873410
882825
883638
EIUO
880975
885863
895093
904125
64728
78858
907184
914865
78858
919814
62868
923563
928874
937656
945161
63801
954135
56692
960404
44715
965336
967395
IE
38810
946151
36828
949564
949638
956676
82440
966392
46743
60643
975947
73571
977535
983790
73571
103964
984498
988012
AEUOUAIUOE
52545
OIAAEAEAIA
957538
OAOAAOOE
64728
937592
944742
OAIEAOIEAA
922176
931297
60236
933506
938400
944302
50138
53306
IEOIEIEA
48621
950534
959144
967710
37116
976643
985090
52545
43804
992138
41751
EAO
985869
986102
992172
77370
993665
37116
994083
994601
53184
IOOIOI
986826
AUAIU
UOIOOU
AAEUOOEAU
962625
971404
66817
63801
976476
50138
68213
985234
994700
1000096
67338
1002968
38810
1010624
51720
28092
1016400
1022903
1023580
49207
15306
1024656
29970
UUOEIIAOIE
1006913
1008841
34904
UUOEIIAOIE
56692
1009107
1014366
1015243
55190
63559
1015926
1016522
71461
UOIEU
55140
57192
995001
73235
1001391
E
29902
55140
44841
36828
37116
983882
73235
12668
IIII
69547
974435
37935
38046
43978
50138
28289
IIII
974299
980818
IIII
IA
84811
979671
79339
29877
985593
994415
998998
1008688
1016678
1022136
55190
OUIOEU
IAEI
48555
IAEI
IO
968721
976936
UOIEU
961168
963926
964386
OEEEOUE
EAIAIUAEOI
83112
60643
926505
61354
86016
927925
935237
EUIEAUUE
44841
922340
929744
938003
938899
EUIEAUUE
79279
IEEIUEOA
924397
36062
932177
101202
60236
78226
941817
951042
955097
78226
68681
57566
OIIUAI
39813
61650
27813
945159
78584
954521
39254
963011
967580
57537
969158
A
UEEUA
61650
939488
940883
77370
942173
48570
944665
61650
944799
947100
950183
957799
965448
79139
972695
70111
979264
44715
41361
985582
UUIOEA
967931
973314
981949
IIUIOEOOA
963902
964875
969830
42141
78584
973638
980178
985282
988747
39813
49328
60236
997280
72768
1004302
1009192
71912
70252
1014960
42141
43804
100093
1022018
1023038
1031594
1041549
1047773
1054074
AAIIAIUU
102200
IUE
1011855
85173
EI
46934
1008466
1010739
100093
1016997
EI
1021345
57449
1021951
1025882
49555
1028682
AEAIOOI
1021429
1025532
1030781
I
1013356
1016997
1026764
61471
1029192
1036831
50201
1044157
AUAIU
57192
70111
1041187
1042983
1044287
79134
1049357
42581
1050035
IEOIEIEA
1047277
IOOIOI
57537
1045830
28289
1052405
51175
38942
44550
AUI
1044977
1052046
39254
1058539
71912
1061742
54638
1067961
38046
50201
1069092
1078384
70252
42330
1086980
1090924
57537
65214
1099783
1107666
1113104
1120153
1125792
1129425
EAIOI
1118866
1124190
AEUEIIUEOO
1118425
1122278
AEUEIIUEOO
1126879
1129229
1133857
UOIOOU
1121642
1129943
1137910
AOUUAEA
1137438
57537
1146029
UOAUAIEOEO
U
46934
1134976
1143822
1145362
1154154
1156399
U
44278
EAO
1144512
61272
EAO
1137829
38375
1143817
63119
109132
28289
1149999
1157645
81736
60643
70957
1158341
1163966
1165607
1174759
1174911
1175536
44709
1184860
1191195
1192302
UAIO
97168
57566
49328
65380
UAIO
1189042
1193277
60236
24562
1193449
1194446
1198327
1203711
1209168
EIUO
68213
UUIIEOE
1192814
1201007
1209776
UEE
1200606
1209993
AIEOEEAAIE
IEOIEIEA
EUEAAA
1138659
72357
UEEUA
46850
1138173
1139088
OIIUAI
1124705
1125297
1131587
1136041
66986
83112
UOAUAIEOEO
IIEOU
UAIO
1114264
70169
1117207
1117836
41361
55140
1122467
1131274
68213
1137784
1143202
39254
1143339
62666
1146401
AEOUUO
1140488
1146967
65380
17547
61043
1149879
1157122
1165446
62731
1175308
41795
73959
91665
1177118
57192
44709
1178757
AIEIOII
64498
EUI
71318
EAIAIUAEOI
1132596
71912
102699
1139058
1146659
83061
1155348
1159946
74989
1163125
102200
1172888
46850
1173459
1173648
1181249
1182042
81951
1191466
EUEUEOAAUO
1188957
65380
1193387
1199472
1207280
78942
1216029
1217513
1220510
1221924
EUEUEOAAUO
EUEUEOAAUO
61329
102200
1216159
AEIUIIEAO
1200680
1208528
70615
1210606
UEEUA
86064
1192021
1200692
48375
UAUEAOEU
86064
1205948
41795
1210977
1215859
112347
62587
79279
IO
1197364
IOOIOI
1201487
OUIIAUIEAU
1173689
81180
OE
79279
1157046
1165196
90228
EEO
96815
71090
74337
74370
1165787
1167241
84509
1174347
79134
1176777
103960
53984
1181672
1189230
1191775
1193241
1194378
1200640
70629
57537
58561
48826
1204285
UIOA
1199422
1205410
69642
IO
1185677
1190764
IO
1190432
51720
OAIAEIUOE
1184866
1185423
46850
81180
65071
1191396
IUAEIUUEA
27813
1177399
46377
83478
62264
1182403
1186220
1195157
IEOUEIUE
1174117
103960
1180891
65380
56523
1182784
1185991
43506
1192541
28092
24757
1201887
62666
1207213
53984
1216936
80312
OUEE
1199643
1206924
68681
1214781
1221470
1225673
1229705
1230381
1238439
1245121
UAAIEUA
57991
1229118
50201
28092
112347
1238090
1244309
1247660
38793
UEE
1228367
UAEUE
78365
60542
1211337
1213777
49328
1216720
UAEUE
1215386
1223953
102200
1231935
UUIIEOE
1216603
1219454
28289
1220992
OUOAAIE
1202195
1208726
91629
91629
1215682
1219145
68392
1223750
AUAIU
26399
1207667
EIIIAEUAAA
1196008
1198861
87512
1204084
1205934
75555
1212008
AAAE
1200114
1202997
1204281
66186
1212337
68392
1218718
1222180
1226024
41776
48826
1232258
1232518
1234476
1239938
1249338
87512
24562
1257471
AI
1232328
1238966
83112
21447
70615
79419
83595
106281
1239350
112347
1239445
24562
46377
62160
1248090
58015
1255640
1259307
1268513
1274467
1277833
1282716
AEAIOOI
1260477
1269011
1278465
1287171
IUEAO
EIIIAEUAAA
1244766
1248295
1257397
AAAE
66985
1246767
UAIOEAI
74989
1225625
1226056
68381
57963
79134
1230782
86092
1239771
91665
106281
71297
93064
38793
53390
1241652
58561
1247062
OE
OOO
1215042
70315
1217809
1222308
1230867
IUAEIUUEA
1226981
74479
1230144
93064
1239950
1246545
1254434
46935
96976
1257662
1260131
1261149
1267848
1275753
EUI
IUOO
1262143
79134
57991
68068
1268571
74763
AEIUIIEAO
1248149
73571
1258048
1261116
IEIOEUEA
43013
71297
OIIE
UOIOOU
68212
1215544
OE
1193960
1202991
87512
1206436
1207107
1207817
1217603
1224956
46934
1230629
1238623
76537
1242268
56078
1250479
1259362
1259564
1265425
UOIUI
60507
1245520
50542
85888
1245886
UOIUI
1248414
1252189
1252580
1257415
53390
1262823
1264997
1267911
1269458
1275246
1282782
1285515
62264
EEOO
1293542
53850
69642
1294087
1302829
1306339
51175
1313048
1313485
1321548
1323862
EEOO
1324197
1324758
1326381
1329875
74933
104292
1339677
1343156
70366
1352254
1358351
1359731
1367177
1376830
48345
1384660
1391355
68392
31631
67551
1392095
84866
1398778
1407335
84538
44617
1409721
1418326
UEEUA
1407451
EAIAAA
1385451
43013
1387924
1391463
1391576
1400434
73571
71954
55190
1409130
1417955
66976
44278
41361
1426793
1434763
1436378
86004
73560
1440600
1449876
1451708
1456262
1465331
1469105
1475715
1480423
1484303
1488774
EUI
74933
86092
1490913
1499916
AEAIOOI
1479690
1485666
49555
87512
1493160
34974
1498497
1502122
IEEAIIUIEA
1497842
44278
1505543
UE
90995
118530
90063
1481853
1488819
93264
1497934
OIIUAI
1489637
UUIOEA
1468502
1469572
1471352
66976
1475184
57991
1475936
1479669
1489306
EEO
1472583
102851
IIUIOEOOA
53390
83272
97540
1459299
41361
1466813
66976
59449
1476548
1485800
OUAEIOA
AAIAEIEEE
102851
1454365
1462210
1462940
1470124
83002
80928
68362
1475547
68352
1485212
95431
1487876
1494288
OEEEOUE
138902
1473936
83272
1478380
48805
1480797
78333
EAIAAA
48345
1466151
53850
68820
1473882
1477071
21447
84866
59604
73571
60389
92778
1480275
1485605
1494978
104566
1498235
1505107
1511153
77814
1515728
61043
74524
1525565
95431
46450
60138
1534539
1542442
OA
53390
1536464
OUEE
72741
1524709
1533684
IAEIUU
1509866
72805
1516438
1525043
AAIAEIEEE
1519088
1528981
34974
138902
1537605
UAEUE
74479
59449
1515425
1522991
73571
1532668
1533537
72975
82003
1538860
61043
1544912
68068
1552125
1553969
86092
1555512
48826
68681
1559059
IOEIAEEO
29827
UOAUAIEOEO
59122
1539859
118530
92778
51959
1542816
1546214
1553560
1562136
1563301
104566
1570244
AIEOEEAAIE
1558881
54399
IUOO
87452
1557842
72805
EAIAAA
1549224
68681
69856
71090
1558646
90877
UEEUA
1555807
67735
83913
1564220
59449
1572636
30707
1572664
68068
48051
1578266
66976
IOIOEUIIEA
1578303
83595
21712
1580966
1585745
1590043
IAEI
21712
66976
83595
1577879
83002
1578071
1585279
1592974
118530
1601233
60389
82003
1607307
IUI
1603099
1610439
1611378
1619536
89322
1621165
1623242
83913
94262
1632619
1632623
1637610
1638269
UOIUI
1635026
84866
1643533
1648500
1657094
57152
51959
72975
1662562
OOUII
67113
OAOAOUEUI
28092
104566
81194
69856
72945
1627047
1629717
1635231
1644016
1647151
1652425
1652468
85559
1654501
68820
1661905
1668770
47941
IOEAA
83595
AIAOUOIA
61043
28092
1626950
58561
87608
70615
1632406
84049
83913
UAAIEUA
58859
83061
71111
89322
75866
83913
1628215
1633160
49264
1637428
1646041
1649234
1653033
1660940
AAIIAIUU
1654108
51238
IO
92423
1654043
IUEAO
UIIOEEA
51238
70035
AUEIAUOI
OUIO
1590972
1595280
55645
87944
64827
1595391
1602460
1610878
IUE
59687
1598585
1606649
99925
UAOIAUA
120103
1598256
95964
48805
1599726
1606342
110954
1609784
IIEOU
102646
IIEOU
17547
1600848
AIEIOII
70035
1601911
17547
1604457
1605359
1605378
75687
1612206
AAIIAIUU
1608254
58859
41361
104566
1612555
1617916
UUOEIIAOIE
IIOII
72945
1580059
1585006
83002
83061
1591132
100414
1595068
1602486
81194
83002
89099
54399
83595
1608932
1614370
IEIOEUEA
1615433
84156
UUOOA
1601954
OEIEOEOAAU
1581934
21712
1590096
1599978
95431
1607796
55645
1616443
1620516
1622377
1624723
1631113
75866
1639571
1644893
1654147
1663252
OOO
1657269
1663748
1671645
1674732
OOO
1681564
83002
AIAOUOIA
84896
76238
1672552
1680379
76238
71651
1680452
1684931
1690562
AIAOUOIA
71297
51238
84896
128603
1689171
71297
1697196
1706611
60643
1713867
30435
1721581
72975
42822
AUAIU
68827
65071
1722573
1728854
1734591
1743112
1752470
1755971
1759553
72975
EO
UUOEIIAOIE
1727050
1733131
75542
80231
1740912
1747135
87452
1753123
1756102
1765826
70035
1774756
1784551
1785337
27813
58859
1785735
1786103
51175
EAO
1775548
1780277
51175
1781047
1788924
1794612
UEEUUE
1781285
OUUAAOA
OUUAAOA
1777430
87944
1779686
1781991
55068
49348
1791899
1796538
93373
83913
1801827
93373
1808292
1817105
70035
1826845
1827002
92438
1828815
1830801
94955
1832239
21712
1833838
1836520
1844920
1852837
41361
1858519
OUUOII
84896
75687
1864794
1868752
OUUOII
30435
1870568
1876473
1881549
84883
UOAUAIEOEO
53132
1879297
54783
1879499
1879621
60643
1879715
74952
1888373
OUU
UOIUI
75687
1861350
1864944
103813
1874279
80758
93083
1878367
59947
1882632
104074
1888837
1897043
1902779
71090
64044
33644
1912601
1915185
1919747
1921260
1925569
82910
146008
110954
84883
111274
85504
57777
1930753
81198
1937179
1940904
EI
1913247
1919391
30032
1921484
73571
110459
1921849
1926747
1931021
41361
58004
73337
IU
1911133
1912191
UEE
77814
IIUIOEOOA
1888033
AAIAEIEEE
OAOAOUEUI
1871315
1875753
OE
1846294
81194
1846708
1849406
AEOUUO
120103
54783
83913
1823341
65090
1832730
64827
92841
AEOUUO
1837170
51959
27457
AEOUUO
1841839
42822
63615
1844385
AUAIU
1835758
66409
1842148
UOUU
75866
UOUU
1838647
71297
75687
1842713
74479
76565
82787
89779
49264
39021
1847486
47941
1849129
48274
1852769
1856935
AIEOEEAAIE
1854879
100715
84937
77814
63293
1863749
1870782
97540
120103
72359
1870801
89322
82787
IIAAAUEUE
1847715
54758
1857686
68820
1865662
63615
73241
84937
1866330
1869028
EIIIAEUAAA
AAEUOOEAU
48274
64827
1835184
1840451
1844328
1845336
84937
1846908
1847706
1848979
73241
78884
UE
1841563
1850330
IUE
IUEAO
1813413
114675
1818581
1822762
1824900
1828719
55645
IUE
1804289
IUE
69856
74590
1812215
IAEI
1805908
OUAEIOA
75687
IUAEIUUEA
86264
81154
68220
1794192
UOAUAIEOEO
1786804
75687
1792873
33644
UAEUE
1783578
72359
1788458
65255
1789866
1797219
1798111
41361
1799038
74479
39021
OAU
97694
75542
58561
77814
1787313
1797163
O
O
1785698
AAAE
UOOOE
1764626
1766627
55502
21712
68220
1769791
1776415
1780651
UEE
1777750
78884
1783023
IAU
42822
1781322
77481
89831
1783271
UAOIAUA
100851
1760824
49727
EOOIEAIO
92999
EOOIEAIO
77481
78824
1744624
1744730
74795
1747903
27457
AEUOUAIUOE
1744050
1751512
AEUOUAIUOE
80758
AUI
1748297
1755890
1764190
AAOAIEIEO
1750491
1754862
110459
89831
21712
1763611
A
1756166
1757059
64044
1762569
59312
104074
77814
1769239
1769822
1772091
1775110
88162
1777361
1781228
1785970
74492
53552
1792390
AIEOEEAAIE
1774648
57777
1783066
AII
UAIO
1753888
87608
1757431
1760463
1769517
O
1745297
1747691
89322
1748197
AO
95198
102211
UAOIAUA
1719063
1724810
1728446
1737931
1737942
UAOIAUA
1737319
77675
EEO
1721218
1730576
81154
1734007
1737305
69856
103853
1738758
50605
1742958
1747195
EIIIAEUAAA
IOEIAEEO
75542
1728984
1738374
IUE
1720627
1722779
92767
UAAIEUA
1703558
1705501
63293
53132
1709121
1714785
49727
OAUIIOEIO
65724
68712
89903
OAUIIOEIO
UE
1685892
70175
1689884
109009
91181
UAUEAOEU
1671425
1672354
1672371
1682063
92767
EIUO
1664754
1672323
1682269
27457
84876
96474
1690510
IUEAO
63293
1674905
50787
58561
113034
1682266
1683794
109605
1693115
87608
83061
1697443
1707027
IUEAO
77103
1710245
IUEAO
1706408
92767
1709945
55303
1710961
67551
1718097
OA
1698184
94057
1699706
97694
1707375
1711198
OUOAAIE
1705349
1713406
1721321
1723227
1726313
1732518
80865
86560
146008
70090
74524
AO
84876
27457
1732823
115135
1739624
111991
1743342
101312
1748578
53132
1754573
88151
UOAUAIEOEO
1756006
OUEE
1736958
112311
1743387
113034
OAOAOUEUI
98878
1735028
92767
1743533
UOAUAIEOEO
98878
87944
86702
1743689
1751372
1760244
83913
85559
77814
1763618
1772591
1772823
1773405
69856
1783359
91181
1792735
50605
82739
91181
103487
132678
1798684
1804441
101312
1814388
58561
1819826
74524
1820586
1823890
1829108
137234
OUU
100851
1800796
1808521
1818187
67551
82220
1820170
1823991
OAOAAOOE
86702
1800985
1802224
97694
73241
1809518
1817218
1824662
1829496
1837855
58004
84316
1840669
1844308
72359
AO
1850679
1857800
1860808
1869072
1869447
1870543
E
111883
E
99253
1871808
1872090
1873369
1880918
89322
1883532
1886685
65724
AAIIAIUU
113123
1873696
1879115
1880937
1887047
1889714
96474
1899609
85153
1905293
1911957
1919843
79597
53132
62417
84491
82910
99333
1924767
UUEE
1921765
1922106
1926591
42560
69856
1934889
1943737
OE
1931391
1932986
1939636
1946549
64476
1955860
1963633
57777
98515
UOOOE
76966
EEO
99333
1940108
1940367
1942881
90503
85335
EEO
1950416
49727
1953340
IUOO
76393
55303
IUEAO
1907883
IUEAO
1913296
1918596
108344
1922716
77675
1922920
AOEIUIUUA
93164
1915662
1924204
1929261
1934544
1935812
1935965
OUU
97223
1919990
1926234
1932303
1939847
83061
77675
58561
1944244
1944867
38534
OUU
60699
IIAAAUEUE
1935034
97223
111287
1938856
1948287
IIEOU
87608
57777
1930704
UEEUUE
105348
133480
1910748
1914113
86093
1917799
1922377
EOOIEAIO
1909141
76966
1912384
1921318
1930557
OAU
1917870
1922733
92999
1925598
81857
1935439
1944865
1952834
88849
1962145
1964323
1969417
UEE
1947708
71111
1948120
1954650
1963072
75515
50869
1967841
1971399
EAAUAUEE
1964429
49388
1965377
57628
1973500
86093
1977159
AEUOUAIUOE
1958616
1968110
1969343
89912
53552
1972043
1973068
1979506
IEEIUEOA
111991
1962297
1962651
86093
85153
1963522
UEEUA
1951140
111287
99333
92999
1958823
1961508
1962689
57786
108840
1965508
95195
1968236
100934
1974511
UOIOOU
1965673
1974942
IAU
1953809
OUEE
52057
70090
1941773
1949561
59998
1958348
1961962
1970427
1972248
74524
IUAEIUUEA
1958635
88849
1961438
1970230
1972686
81338
OUU
1950941
1956657
1957942
1966569
63442
1970827
1979671
1988903
84602
1991956
85335
UUOEIIAOIE
1993221
113034
1999012
2004780
IIAIAOOIEU
27457
1983068
1983294
1988325
IUAEIUUEA
1963979
62417
1970236
85153
67668
104482
OAIAEIUOE
111287
1958101
58561
1959174
93164
OAOAOUEUI
1941451
1944623
40110
1945866
1949522
1954273
125611
1959818
OAOAOO
89300
1938658
1939635
1948853
81411
1956061
1956933
1964751
92579
82220
99795
71096
EO
1964772
OUIIAUIEAU
93173
57777
1945617
1950391
1954876
64476
47037
1955557
IEOIEIEA
1941924
1948115
1949419
91373
1953042
OUIOEU
1940226
85153
70880
IOEAA
1927728
1935121
87488
1939205
50605
56139
1947614
1956540
93943
1965747
IAEI
95195
119966
1952522
1956280
1959383
1965538
IAEI
IIAAAUEUE
21712
1958571
1966231
EEO
1957257
59245
155896
67668
101415
EAIOI
1935676
82559
120316
1937550
1939006
1942204
92526
1944930
EAIOI
1945178
1951806
38534
EAIOI
1958296
59245
1959367
UAUEAOEU
UAUEAOEU
1950630
78824
IUI
1929424
1934176
1935970
57422
1938061
1938461
1942124
1945987
1952708
1956051
69629
OUOAAIE
1933891
1935533
77814
OUOAAIE
111883
82220
1936447
89912
1941903
OAUA
OUIOEU
68570
106086
1935866
1937832
1938595
IIUIOEOOA
113034
82559
1934708
1937856
1947675
1953461
1953603
87488
1961970
120316
83900
93791
121340
76791
1971842
1978722
1985433
85153
1985694
EAAAU
84316
1965013
1972373
1977161
58316
85987
EEIEEA
89493
1972833
131973
1982603
1987971
102756
1992494
2001374
92579
77481
OEEEOUE
IIAIAOOIEU
120316
1977502
1977739
93544
1987573
79919
73335
1992281
127210
85153
UOUU
1982561
1988195
1990353
46416
91877
OEIEOEOAAU
1977432
1978092
1982219
1984723
1985856
1995181
1997397
1999898
2000530
IEEUUEAE
1974371
91846
1982564
1986156
85987
1986829
87488
1993657
1995253
OAIEAOIEAA
OUU
111287
1962209
147029
UOIOOU
79622
99333
1949700
1954130
91267
98515
1963707
73335
73871
95537
UIOA
1951553
111669
83900
1959171
1968334
1970297
1979650
100808
1987151
103646
1997149
UUIOEA
1988046
1995326
OE
1995388
AAIAEIEEE
1982273
1991167
1993345
1998572
2006138
111287
84024
95390
2006352
47037
2009377
124977
2013133
78824
EAAUAUEE
101415
89642
93544
138837
1992120
1999800
IOIOEUIIEA
IEIOEUEA
63475
82397
1968874
95461
1974978
1978056
1982755
84847
1984616
I
65274
1964426
1966904
66757
125089
96785
93544
1974350
1977032
89214
125089
1982431
78780
1986204
93544
120226
59245
O
AUU
105512
1959624
74053
111669
1963769
125920
1973153
1977772
1980191
1987269
UIIOEEA
97821
OOAAOE
OUIO
1943746
1947120
1948551
UAOIAUA
66757
1934111
83900
111669
46416
UUOOA
1923375
UOAUAIEOEO
IOEAA
1888561
89214
103609
1890688
1893245
103609
1898647
52247
83310
IEIOEUEA
120226
97821
UOAUAIEOEO
105512
1855629
1861352
1861651
OOUII
1850146
1852812
1855583
1856695
120434
127210
1863181
1865606
76791
86093
1870536
UEEUUE
1847463
1853176
IIUIOEOOA
146333
1833560
75717
91267
87828
78780
1841780
94223
1848077
EAO
1832130
1835200
95390
77440
1838728
1848606
EAO
UAAIEUA
IOEUUIIUU
1813178
85987
E
1802318
121340
IIEOU
1787027
OOUII
1771827
1780270
1784417
1791989
1797348
1803252
1811390
77481
OOUII
UUAEI
1801862
1810818
1818984
1819874
1827599
1836034
1842934
1847206
OAOAOO
1838743
IU
1836012
88687
1836148
1845901
85477
OAOAAOOE
IAU
127441
1817082
1826497
97924
1832605
1833403
1834075
1836222
105115
IAU
1834560
1841711
81843
1845472
134669
1854231
OUOAAIE
1840730
1847167
83310
1854586
155959
1855364
1859169
1867940
IOEUUIIUU
1868066
91429
1870943
59395
1875510
29609
1879994
115747
IOEUUIIUU
1879830
1884474
AII
98535
107297
AEUOUAIUOE
77481
83516
125195
1841309
128625
1851087
1857870
1858478
IIUIOEOOA
IIUIOEOOA
104135
125982
1841127
1842587
115836
1843611
1847530
EAAUAUEE
1840292
1842408
1846495
117957
59395
1849436
1852110
1852226
1857549
1864811
1865278
1874195
1878616
125982
E
E
70090
107767
1866330
1875623
1879618
138837
107767
1886103
98535
IEOIEIEA
EUI
100773
IIOII
1842899
125783
EE
100773
UOIOOU
1826291
1835013
UOIOOU
1840668
IIAAAUEUE
115017
1830978
1837908
93179
1840794
106060
1846955
1855714
IIAAAUEUE
1849163
88687
1854983
104674
50052
130745
63423
EAAAU
50052
1839004
1845433
87828
1847125
77481
1849866
1856214
1858635
104135
IOEUUIIUU
1842472
1842794
1844972
1854570
1854668
1857525
1858283
1867491
132098
1872210
AOUUAEA
1857405
IAU
IEEAIIUIEA
60866
1821721
1830383
77481
1836120
52247
1841685
IUEAO
107767
1833390
1834839
1841661
IUEAO
92751
IIAIAOOIEU
52247
IEIOEUEA
1797492
1799379
132340
78230
110583
84364
114927
IEIOEUEA
1799858
111780
1808198
123695
54917
1816972
UUEE
1810125
1819504
72663
1824594
1833558
1838143
IA
1835671
EEOO
1830812
1837371
94260
111669
AEIUIIEAO
1815725
72967
1819146
1823941
1824561
1832776
1839826
85477
108492
91429
EEIEEA
EEIEEA
146239
1815825
59395
60455
1824678
1828812
93654
106060
1833376
1836656
121340
1841395
1843240
111780
1847218
62308
137473
1856105
127691
1862946
94990
EEIEEA
67516
54917
IIAAAUEUE
1847450
93938
106060
91608
1851157
98816
1860283
72967
1865911
132303
130652
1874350
1879863
1881676
98515
1883981
1889786
1899028
102756
121594
81014
IEOIEIEA
1877492
91609
67516
EUIEAUUE
1872806
1873469
AUAIU
132340
EUEUEOAAUO
76989
109529
1857072
1866531
1871466
63710
148553
97654
UOAUAIEOEO
1860797
1867452
1869085
1870176
AAOAIEIEO
AAOAIEIEO
AUEIAUOI
IU
1831602
1835822
1835958
1844294
1849720
1855411
IE
1839982
1844955
147029
1849991
1851067
1852329
1861640
OUIOEU
96480
OUIOEU
52247
1842356
128560
122853
1847801
80181
1855472
1859466
OAIEAOIEAA
1844124
62308
97654
1851849
110554
UIIOEEA
1839007
1840074
1844393
70851
EUEAAA
1839825
1849293
IOEIAEEO
IEEAIIUIEA
81389
1803577
93179
IIOII
1789552
80259
88973
104683
107844
1793440
1799996
1802488
1811059
84482
1820275
67725
1824356
1829796
1836565
1844711
IA
1825367
1828471
1831164
1835487
1839290
1846767
104683
84482
AIEOEEAAIE
1842046
1848181
UUEE
1838888
106060
1843211
90384
1848637
IOEUUIIUU
AIEIOII
1819687
1825894
1826033
78230
1828236
1832013
OEEEOUE
1817200
1821516
70851
AIEOEEAAIE
1823898
1831114
EEOO
49388
89489
1814929
112049
1819091
65964
AII
1814837
1823209
1830308
1838676
UOOOE
1816011
110760
1821373
UUUAOUUAEA
1800048
1806952
114396
1809175
AIEIOII
AOUUAEA
111727
1770584
110817
1772314
1781779
1790231
65245
1790527
1792313
121594
137129
1796267
1801246
130652
117041
UE
IEIOEUEA
OAIAEIUOE
UIIOEEA
OAUA
96298
94260
121594
1733976
1734706
121382
1739940
EEO
95000
EUEIAOOAI
103306
148801
1722256
1728562
102756
103306
1731952
1733307
IU
1715679
104447
IE
107170
98057
1707828
1708692
1710381
1713719
IE
1714932
64507
108715
1716895
1718759
1719800
91137
1726618
57248
1728627
1733730
1733803
1735422
122494
134582
1741125
1744074
1745310
118107
1752463
EEIEEA
122364
106060
1754879
104827
105092
UOOOE
94990
UOIUI
110105
104827
1724656
UOOOE
34827
112049
1718633
1727397
1727975
OI
1718938
IEOIEIEA
IEEAIIUIEA
OAUIIOEIO
1674551
UEEUUE
84332
1667980
1676659
122375
94508
72663
91208
1684008
1684011
1687576
93179
1693429
94223
1693480
1701381
1709570
UUIOEA
42829
1686909
173537
1689842
86782
67951
106060
1699471
OEEEOUE
112049
UOIOOU
OUIIAUIEAU
1665776
1674403
1677437
1684282
1687468
1693898
138003
65245
120447
1702278
1705157
IIOII
OUUOII
102655
80761
102655
1667243
1675327
116394
122364
104683
1677027
1685027
120150
1693859
1703821
1706600
1711949
1715290
1718699
1728673
1736670
OAU
1724148
1725541
94357
72663
112049
95461
127199
1730958
1731184
1738951
117041
OAUA
UOIOOU
132340
130652
1696121
1697146
93179
65245
OIAAEAEAIA
1683789
67878
UE
126568
131171
1688106
UE
1692856
EIIIAEUAAA
AEOUUO
67532
93179
AEOUUO
69766
106060
IEOIEIEA
84569
106085
1628672
175133
1638578
115256
1639123
1648078
127210
1656038
1662218
1666082
IAU
1660456
112775
101149
97924
1668545
1671556
UOOOE
1661777
148276
114231
1667175
1676325
106085
OUEE
76026
67106
EUEUEOAAUO
1666517
87630
120150
1672542
1676438
104827
UUUAOUUAEA
1665271
92162
1668860
166624
86984
1671499
65964
1679402
76026
80761
102756
AAOAIEIEO
77349
1659118
UUUAOUUAEA
1656988
1665273
138212
70096
117957
1671711
123731
1673255
80259
1674422
1683340
119252
1684254
IOEIAEEO
73839
106060
1678548
122119
1687734
1697054
EUEAAA
1678196
91208
130652
1679660
1685225
104827
102771
1688683
UEEUA
AUU
1657740
UEEUA
105841
1658928
1664773
139630
1667197
1675053
UEE
139522
101149
1645338
1647469
OUUAAOA
92886
1623909
1626684
97846
117049
110554
1633029
50351
1641093
1646638
79947
1651168
125781
AAIIAIUU
1635089
111780
1640289
UUOOA
1624141
1627252
1631292
1637972
1638086
94508
89873
1639613
1640261
1641854
1646445
1651361
1657945
138003
83942
IUI
91137
94603
1645344
1653209
1659423
121382
69069
1661411
1663579
1663940
1672892
1675434
1677181
1681542
1689831
124533
1692741
86782
IUI
1700404
1704061
99767
110131
120967
124533
1707246
1708768
77349
107705
95339
1710459
1716365
1720966
75168
1726375
1732967
122119
1741564
1750014
1750254
104683
135592
1751248
1752111
91137
1756401
95000
1764963
1769566
IUI
148651
166624
IEEIUEOA
1752548
100773
AUAIU
1752557
70096
1758533
1763537
OA
1746101
1754870
101212
1757612
1759770
113075
1766827
105841
91137
101212
1775328
1779525
1781385
107705
1789181
OUIOEU
OOAAOE
1748429
110554
1753893
1755991
UOUU
1740067
84304
1740549
EAAUAUEE
77349
1724677
1732044
1739934
126502
1743878
1751827
117957
115412
67951
117559
1761647
IUEAO
1751153
92495
1759205
117957
147376
1765658
OOO
OUIOEU
EOOIEAIO
1754998
101212
1755768
1763113
1772547
1781779
1789951
98347
1797705
AUI
140294
44580
69069
1781649
1788003
1793592
150406
106060
IIAIAOOIEU
97798
117923
1764350
1765660
1767938
1771572
124533
1780125
99247
OAIEAOIEAA
1757089
1763514
1767586
1770350
1778803
102528
1787278
1787935
1788124
126568
1797506
1806381
92495
155222
121382
1813380
130878
104436
UUOOA
1800880
UUOOA
133751
1804634
166624
UUOOA
121003
AAAE
1796460
1796772
130912
1798797
95000
106085
123265
1805270
1810660
127218
UUAEI
UAAIEUA
1791986
1800606
133587
1802408
1809568
IAEI
1786021
1791846
1798465
1805063
1810533
1813644
1823360
1830119
1836226
1837750
91137
126502
107836
133751
1845897
1854606
131681
1860528
1862332
EIUO
131007
70096
1861981
1863879
1871389
69131
OAOUEO
1859501
UAEUE
1841546
IUEAO
UUIOEA
1819886
52247
1824449
UUIOEA
1830694
EUEIAOOAI
1807880
AUEIAUOI
1784925
1791156
158613
99786
94357
1798596
102528
97798
86782
126052
UOUU
1778903
1788783
AAAE
1771297
UEEUUE
OAUA
UIAUAU
120806
1747346
1748247
124855
1748758
185697
1748857
73010
UIAUAU
50317
166624
1753714
1755748
1756589
1758196
122962
1759279
AAIIAIUU
AAIAEIEEE
1737096
115412
UAIOEAI
87189
1724267
1727188
1729596
130152
117606
AEIUIIEAO
92495
119252
108247
1724011
134582
1731751
123187
1736543
122395
95000
AEIUIIEAO
UUAEI
1724939
1734316
1736558
85930
UUAEI
1733955
122962
1739876
140568
1743798
AOEIUIUUA
97551
1722778
1730003
1734950
1742289
U
1736090
1742730
151219
1748379
99634
127067
1754398
1758457
IEOUEIUE
120806
1737745
130912
1738302
1744391
1749501
1750436
105509
83942
1758996
1764940
1769990
1775485
1784157
1789388
1799020
90853
IUEAO
69131
123763
134066
1779533
81953
123252
1788216
1793123
98433
88296
124819
1799887
U
86782
114535
1791289
1796641
1798351
139522
123187
1802406
IAEE
1777193
1782839
1789439
1797340
107075
1802163
1808925
108247
108626
EUEIAOOAI
1801398
EUEIAOOAI
1801904
114491
115848
1811317
OAU
1805074
1808891
1814047
1818507
105893
AIAOUOIA
OUUOII
135592
OAU
161538
1799915
1802687
120806
148651
95339
1811711
1815935
1816593
1821903
79947
92167
85930
90464
1830054
127210
1836845
139233
1846760
1855200
89873
1861402
86782
105893
126823
IOEAA
123252
104244
1846411
123187
1849788
1850720
UAEUE
1840984
1843288
1851239
1856669
1860685
1869856
1873799
163174
101212
1876996
IOAI
115222
1867748
1877264
1877528
1880884
1882290
1886455
122395
1896086
114256
AIEOEEAAIE
1891260
UOUA
1888620
1892025
IUAEIUUEA
I
1864699
1873830
1882976
1885336
OAU
139233
AIAOUOIA
98468
EOOIEAIO
AEOUUO
1847387
108247
OAUIIOEIO
1849420
112755
EI
139755
IUEAO
1817851
1819344
1829008
IOEAA
EAO
UOAUAIEOEO
1783196
56702
1787655
134841
87189
121764
IUE
112775
1774323
1774491
IUEAO
1771275
1771793
1780732
1788669
99786
1791058
107075
73200
1800034
142618
161538
1805645
1815282
99632
112755
79947
121455
98347
1823683
AEAIOOI
156382
1830619
1831894
138003
114715
1833035
AEAIOOI
IEOIEIEA
52081
121768
1807615
1807654
1811317
129038
131375
1813152
1819514
57831
1821273
1827421
126704
1836587
1842756
120132
1852353
1861965
76032
1870970
1872747
AIAOUOIA
1859853
1864257
98433
1866038
1869169
EAIOI
135592
75803
1863798
1870051
75803
135755
1875256
1884580
58924
UUIIEOE
IOEAA
108247
133751
AEAIOOI
1837274
101709
1839279
129038
OOO
123750
IUOO
112775
UOIOOU
IUAEIUUEA
1785035
1791511
1793882
114491
1800067
1807745
121764
1813867
1819234
79733
1820067
1820635
1821390
1825381
1826257
1828346
1836503
1836586
1838419
127112
78507
101709
1839391
125764
1849201
81761
120132
135364
1857002
UE
135364
124855
EIIIAEUAAA
127067
97705
1817953
56702
195921
1818252
101384
1819263
1824990
OI
99632
1821684
1827247
1828100
1831713
100935
127218
1832825
146334
1841705
1844051
101379
1849492
1854196
1858536
1866209
108247
127218
1867378
EI
90738
99577
UOUA
1822491
99634
1823123
UOAUAIEOEO
1821839
1828588
1833474
1838479
1847612
1852436
1859493
105208
121455
113431
1867865
136324
1877308
1887232
AUI
1875268
135364
1876219
160393
1876606
1878689
105945
97045
1881540
142618
115553
1886223
1891510
1892417
1896155
1901200
1906833
126052
1909167
EO
86782
IIOII
1881958
1884890
1885032
1889340
1891182
143261
92393
132734
EI
185697
1870962
EIUO
108247
116544
107421
125764
EIUO
73200
1863808
1872404
1875432
1883230
EUEAAA
119413
1873360
OUU
57831
IEIOEUEA
115164
IIAIAOOIEU
EEIEEA
1816806
1820434
139233
1824698
103458
1829952
109209
1831595
1831909
EE
1828806
110898
1837391
1840959
139233
129146
1849528
138887
1851369
1856100
113431
144815
1860081
56702
1864512
1866919
OEEEOUE
127940
113424
1853068
1855318
1860335
OUEE
1838034
1846553
1849293
120013
123750
1852680
1860340
108489
126704
1869529
1878006
IIAIAOOIEU
1860690
85930
1863311
73200
111063
OUEE
1847442
1850218
1851892
1855702
139233
1857204
1865893
104244
IE
81761
129702
132714
1845509
1855295
1858992
1863561
1863908
1864295
112775
125764
UUOOA
1850750
76032
1854954
1864362
1872291
1874447
1875555
144901
1885375
127074
1885711
1889707
1896952
111536
180168
1906511
145121
76032
1914898
1917569
138003
1917598
131897
145121
1923667
1927807
IIII
101569
141123
IOAI
1891835
146334
1894059
1898185
EI
IIAAAUEUE
190756
OUOAAIE
165665
123409
86917
UAEUE
110085
96227
EUEUEOAAUO
190756
1831858
1840091
96227
1847551
1857387
1862632
190756
1872628
1876909
131435
1886559
EUEUEOAAUO
1887044
63382
IOEUUIIUU
164417
AO
143261
1882150
1888297
UOUA
87189
180168
1873317
114715
111536
UUUAOUUAEA
1852790
149793
1858582
1861683
1864996
123187
1866072
1872377
1877153
165665
1881745
1889930
118689
AUU
1878584
113285
1880070
1882594
1890903
1892008
1892777
107235
1896273
1897802
IIEOU
146334
133761
125764
145101
1888001
1889352
1898335
1907974
190756
1910657
1914998
1917515
1920212
1925430
1926394
132734
1929437
OAUIIOEIO
EAAAU
EE
1859362
IEEUUEAE
180168
123750
1842946
1844064
57831
1853553
90738
1857647
1865769
138572
1871489
144629
1873653
148092
122103
117339
115756
1875133
IEEUUEAE
1882395
94195
OUEE
185697
1884616
1890349
1892957
1893323
1903133
1911589
OUEE
1912979
1918412
1920834
120658
146334
1929297
1932864
1936678
IEIOEUEA
1934704
1940673
EUIEAUUE
1917759
121581
AAOAIEIEO
1897128
1906563
1909098
1917032
112162
86917
1920080
73010
1927719
1929514
121157
1933313
IOEUUIIUU
1913303
1919849
76605
IOEUUIIUU
1922243
1925372
125864
UEEUUE
1906591
125864
1915752
1920949
1924304
1925393
146334
118563
1926819
1935010
1940406
1944216
1952623
104152
1955403
1963890
1967439
UEEUUE
129759
1974465
1977622
152879
AIEIOII
107912
58924
1961426
1965046
AOEIUIUUA
1944549
1945319
1949645
UUUAOUUAEA
1930004
1934765
1941030
OUUAAOA
180168
1936788
1940989
57479
119789
1942472
1949748
1953522
1954740
UIAUAU
1943111
198039
1950620
1960401
126520
1966483
78227
57831
1968633
1972594
1981337
UEEUA
109209
OEEEOUE
OEEEOUE
1968985
118563
1969812
133741
158613
1976794
IEIOEUEA
163680
1965583
114715
1972913
1978322
1987733
146334
139335
1991819
1992006
1994422
2003789
2006474
151859
2010355
2013972
99556
2017846
AIAOUOIA
113285
2023831
87918
116708
AIAOUOIA
2028995
2031793
2032073
2040908
2047986
139207
2056454
2061752
87918
IOEAA
145101
IO
2039099
2039727
2046127
2048232
IO
OI
2027683
2036515
2037562
2045453
2050578
OI
2051548
2051609
2054212
UOUA
154530
108489
79277
2056956
133713
I
2058441
104152
OE
2051868
2055635
IUE
2039097
2039916
2044551
2045171
58924
UAOIAUA
140616
2030616
EI
2011401
113285
2016726
127809
2026131
108222
2035488
2037280
2040493
145121
114715
2045168
99247
78480
2045459
2055240
2057238
2057354
2057656
2062356
UIIOEEA
136329
172662
2047021
78227
OAU
138572
2023680
2030552
151320
2035776
2042583
158577
2046777
123187
2051543
2057053
2064098
2071572
2077179
108222
AEIUIIEAO
OUIO
2028108
123750
2037261
2041423
76605
2041947
2042609
2045190
2052584
2053232
2061003
2061027
2065568
2071103
2077126
144629
2082334
148092
2090154
IIAAAUEUE
2077385
2077736
119400
2087631
IIEOU
136329
2084616
2091688
OAIAEIUOE
2071807
152319
2073896
123187
2081736
OUIIAUIEAU
OUIOEU
IAEE
2038410
2046382
2049955
2053964
2063102
2072421
145101
165459
2081279
2082549
2088265
100984
101360
120814
2093357
151266
123136
2093901
114187
2098157
106170
114187
2104899
EUEAAA
153820
2090272
85732
164039
2098467
114491
2101079
2107984
2113717
2121374
2126980
179402
151859
57479
78227
2133766
2143235
120423
2152157
152424
2161329
2164691
2165896
2173143
2177304
2178575
196402
2187758
95819
2188253
2192931
196402
2194735
110068
2203653
2208545
2210700
2213930
2223304
79277
2232691
OAOUEO
123136
147213
2217639
106170
2220805
OE
57831
EI
2195023
2202491
2207988
163680
106170
154530
123136
2212358
142689
168555
2221455
IOOIOI
IOEUUIIUU
2201682
142689
IE
2189344
139522
2189407
UUIOEA
135674
IUEAO
142689
2168137
EAIOI
2155031
2162807
2171192
2176089
2179845
130215
2185784
2189237
2197800
2198451
105208
2203164
2205468
112365
121612
2208727
153820
IOEUUIIUU
185697
109542
2206797
114187
121581
120755
2210020
2216076
2221075
133621
121547
112699
2225680
2227451
2230065
2236680
2241380
120806
2243472
2251150
2259755
153820
123136
123750
2269650
74626
131624
2271413
2273866
2281639
2284871
136152
2289622
EEIEEA
UAOIAUA
2263714
2272338
140814
2275266
111536
IAEIUU
2268561
2270799
2276723
151859
2283041
UIO
EIIIAEUAAA
2246163
2248698
2249274
2251925
157028
2256124
94195
146458
112365
2260304
110085
2262847
2263194
166727
2264613
2270858
2271264
2280271
2280514
116905
2288134
2290748
81637
UOIOOU
130998
2279509
UUEE
2254059
2254709
2258210
2266080
2266823
57479
2272915
104238
AEOUUO
2260933
2270142
2270811
2276859
138623
130401
2281092
2281972
EI
98178
2262278
117487
76605
2272113
145376
2272889
2278431
2284947
105208
150640
137710
58924
2288727
2295518
182241
139878
2299384
96355
140082
OUOAAIE
134730
2288510
144563
114820
175486
131624
2293072
2295380
2304739
2312326
135674
140616
127040
137710
IUOO
2289349
145376
137710
2296007
OI
2293132
2300894
96355
2308010
2316786
146926
2324351
132568
2326003
2326529
2330633
2334136
2339468
OUIO
127915
145101
120423
UUIIEOE
128060
146401
2305113
2309798
110085
2319350
2326805
132568
2336319
114491
2338834
2346831
2347446
2356639
2363795
133293
2366589
2376242
IIAIAOOIEU
158577
176273
2358634
2359472
2362200
162945
2370121
110596
IE
71072
2369317
IOEAA
127809
2371388
2373099
95477
2373356
2376754
EAO
2360888
2368234
2375609
2382962
110596
2386122
2386653
158613
2389426
2397208
2406666
78227
2409314
2411146
2419576
114187
2426162
UOIEU
2416715
IUAEIUUEA
159332
UIIOEEA
2380522
156537
2384806
2389919
2391770
105208
2392138
IOEUUIIUU
154419
2386615
140616
2393675
95477
UEE
2388569
2397227
AEAIOOI
2402109
76688
EE
2398593
2404887
2408618
112544
2413217
2417680
164039
UIIOEEA
2398644
2408411
2416488
2421916
2422059
63272
2427113
OIAAEAEAIA
2406961
2409342
124631
2417707
2421691
IOOIOI
2412433
2414460
140814
89207
2419722
173014
2419982
2424585
2425891
118503
79080
2426920
154419
140895
2433375
120273
2434981
2444489
2452642
156537
IEOUEIUE
166727
2443554
2444022
IUOO
2445224
2447208
96094
95819
2447527
146718
2456222
114359
2464211
166276
2468178
129156
2470193
123260
AAOAIEIEO
94195
166727
2472316
2475422
UOIUI
IOOIOI
158944
89485
2435555
139777
2442591
128378
146718
2450643
OUU
116905
2441434
2449189
2451712
82169
2455746
2460079
OAOAOO
2452943
197748
2458973
2466506
2475357
146718
145121
2475741
160344
158944
2481321
197748
2484617
2489777
OAOAOO
130998
2493072
IOEIAEEO
2471971
146458
2481901
2484464
2493196
AUI
2478403
95477
E
108646
181049
140025
121612
U
2460990
193423
144563
2470842
UAEUE
2462725
EAO
130020
129298
157028
98650
2461197
146401
159315
2470501
140814
2478229
89485
68317
2486250
2492990
2496001
OIIUAI
2487034
AUEIAUOI
198596
2484177
2494127
2498857
UEE
2482459
2484157
138623
2487525
2495262
2504733
103599
UIO
2500981
2506033
165547
2509299
104152
2514849
2518782
2520523
135674
2523410
98650
2528793
117695
2530098
165547
2530666
2539167
153706
2548576
2556353
AI
136152
2558446
146609
UUOOA
96094
UAIO
110606
2536315
UAIO
OAIAEIUOE
2511575
2520721
IOEIAEEO
2493199
2501046
IOEIAEEO
98567
AEIUIIEAO
142347
108570
2474412
2481296
OOO
2464088
2473573
2474286
2483143
162835
133993
2485055
2486539
2489728
2493012
162459
E
2477407
2479661
2487741
OE
2482219
116708
2487419
OUUAAOA
140663
158613
135199
2480789
2485435
2487435
AAIIAIUU
2467034
2476268
134730
135100
2476727
121256
2481918
2483914
126752
2486184
2490422
109080
2500197
2503036
125874
2512958
2520025
2525550
131966
147954
141201
2526201
2534443
2536393
2538046
2545092
2553985
2558294
2563736
2566305
OOAAOE
2558501
2566214
77506
OAOUEO
2563409
2570638
2572543
2579046
162459
2583023
OUOAAIE
104152
2586223
2593299
2597010
UAEUE
UUUAOUUAEA
2572313
128004
IEEAIIUIEA
UOAUAIEOEO
2548681
58924
2550312
2556651
2559936
2568732
2572364
2576190
2584502
135199
2588748
2589585
2598238
95477
2605819
116708
UOAUAIEOEO
UOAUAIEOEO
148768
71072
2601691
2602349
2610469
2612581
2616435
157394
119010
AI
129760
199891
2615825
2624295
EAIAIUAEOI
198596
120273
2595335
162036
2603138
2611196
EI
UAIO
2581809
2588826
2596320
UAEUE
2588774
159315
2598123
114369
OUUAAOA
158944
158613
2579799
137166
2589272
2593788
143932
2601360
162835
2605587
2605828
2607081
2614225
124597
165156
163675
130714
2619310
2622912
EOOIEAIO
2600775
2609960
130714
2615316
116883
2621305
2628861
195777
2636649
160636
116883
2646422
2650376
EAO
AI
2642663
93522
2642770
2647659
2653144
2657796
2665969
2667564
128004
140986
124631
2675419
2679167
148507
OUEE
UOIOOU
2669728
UIO
121667
EI
132295
2635927
2641940
156447
2645770
2654320
132295
2657645
133773
2663893
2667574
2670297
141201
123048
UOOOE
128207
OIIUAI
2647605
UEEUA
79194
UOIOOU
2615360
2623705
2631907
UUOOA
163952
120520
OAOAOUEUI
2615959
2617556
2623213
156959
124311
2627493
190810
146458
109572
2627834
116883
2634398
148507
2635271
166727
2640407
2649400
2653090
2662186
159315
112571
2669717
163214
108570
2670832
2676555
2684845
OAOAOUEUI
120520
OAIEAOIEAA
2684029
2686701
IOEUUIIUU
215486
2682570
2684177
2687503
2687521
136451
149820
2694894
IIII
2687834
130588
145419
176341
188221
2696000
2701155
124597
171890
190810
2702453
2704649
2711180
103599
IUI
OIIE
122330
IAEIUU
166727
2686643
AUU
143932
110606
2671053
2675175
2682123
IAEI
2684527
2684811
EAO
121667
105208
2674785
104152
2676961
124311
EAO
171890
IAEIUU
2653740
OUUOII
105450
77506
2642657
EUEUEOAAUO
2634497
UEEUUE
2639826
156447
104152
2641871
2647262
2653762
104152
142689
164923
AEOUUO
2640658
2644661
2645143
2646256
2652379
2654011
2655237
2664112
85355
163869
2666276
2673099
186067
160574
2678306
126597
2687151
136069
161305
2692969
136197
2695501
140103
2699432
2701189
2702485
103482
2710737
166600
2719133
AEOUUO
2719656
OAOAOUEUI
2717755
162036
2719081
2727394
140025
2731119
2736997
2742312
2748969
2750695
2760333
2762501
AEIUIIEAO
2754778
188221
193423
158944
112571
149820
2760709
2763912
2769995
172077
2773586
2781127
115473
2787903
2796059
158443
163214
101312
2801977
2808415
133993
IUE
2784733
199625
2793296
2795620
2800595
2807697
2812224
126597
OUU
2791413
OUU
2792392
2793294
2797299
2805973
58924
144582
IOIOEUIIEA
104110
IOIOEUIIEA
134646
110802
2780783
2781705
163214
2782611
UOAUAIEOEO
IE
114626
2756893
115473
2766182
2772317
2775820
2778642
O
158443
164850
A
2759354
EAIOI
105450
2764967
2773385
154046
103482
143932
2777515
OAIEAOIEAA
OUOAAIE
142642
2735139
156447
2743182
139167
2752371
2759623
OAOAOUEUI
140051
2763345
UIAUAU
UUIOEA
2724646
2729600
2730559
UUAEI
2702559
205368
2708843
2711791
2714840
UEEUA
IIII
2687549
UUOEIIAOIE
209826
2678386
109340
2681547
139167
2689638
159315
154586
2696164
172035
58924
AAOAIEIEO
OOAAOE
190676
136152
89485
2653995
OOUII
IUE
2635619
130588
2644043
165156
215486
125056
AAIAEIEEE
2638790
166710
EAO
OAOAAOOE
145292
2607381
2609431
93757
2609746
2617296
2626312
EIUO
UAIOEAI
2586012
121667
101307
126223
109340
141453
65360
167316
141318
2590386
2598939
117865
2602266
2604446
2607176
209826
165716
OAOAOUEUI
129466
EAO
EAO
UOOOE
129466
2548597
190676
2553483
181703
144245
AEUEIIUEOO
120736
141318
2540157
2547999
136816
OUOAAIE
161305
169412
2538983
2548904
2557006
2566915
149453
172035
2569461
174567
AIEIOII
181703
169412
170208
130588
2560126
2562059
2566587
2575194
2576489
124597
2582317
2591795
UIO
150637
OE
116588
IOIOEUIIEA
122330
2537674
2539073
104152
2545654
2553160
188221
117865
2560050
2562423
IOIOEUIIEA
OAOAAOOE
UAIO
139777
2508754
2515417
2524518
150692
2525094
129407
132776
110432
192372
2526369
2531004
162036
164709
OOO
2522122
2522231
109114
2532132
195777
EI
176341
2506664
2511371
2517500
2519783
204048
163699
AEOUUO
139777
150692
2501057
2502603
2506252
145419
2514895
135100
160302
IU
2514185
IOOIOI
2503297
2510399
2514775
2519351
2527203
123358
2533770
2537941
145705
116588
2539677
2544158
160302
140231
2544887
2549416
2554503
93757
2563395
199686
77506
2567098
2574749
140753
176341
164923
2575544
2582554
2586359
188221
137356
2593500
204048
190676
170163
2599371
A
146286
141453
EEO
215486
143496
AUU
136816
168498
137356
2545455
125331
IAEE
2520345
2528286
2529232
2533419
142642
188221
2542174
174567
OUEE
2529043
130764
2531825
2541678
2547435
170197
93757
2552687
2559206
OOAAOE
109114
2550548
2557597
161305
119326
127624
2566221
UOOOE
IEOUEIUE
2532099
158602
2533382
EAO
2527816
2530018
136152
UIIOEEA
EIUO
2506856
OOUII
2489533
140231
149446
OOUII
2492160
157950
176341
162036
2501365
UAOIAUA
2497103
119326
2499635
2499680
141806
2501753
176353
UAOIAUA
135193
134340
140996
125003
2509982
2510667
2513536
2514424
145974
206587
2520236
2523171
EOOIEAIO
2508389
2514628
125331
OUIIAUIEAU
2502236
206303
148522
IOEUUIIUU
126223
195777
82169
2477734
77506
2479513
199686
2489297
IOEUUIIUU
175258
2488999
2489550
2490866
2491799
148736
IOEUUIIUU
2494700
2497471
176341
164923
IA
2483289
UIAUAU
2473034
IAEI
190810
175928
2454452
66010
UUEE
2433919
2440343
170163
2440901
141806
2450785
2458540
2458803
2459999
2465766
175258
77506
2468056
EAAAU
2448464
171774
149281
2448671
174446
181703
EOOIEAIO
2431717
125260
177054
2438691
166764
140025
2440288
2446903
164923
2456814
77506
2458545
2467023
AIEOEEAAIE
2451120
OUU
125260
136609
58924
127624
2426847
2435059
2441979
UUEE
2424565
170163
121369
161649
2434303
149080
132552
132776
153235
2440163
UUEE
152608
2437829
2444851
152125
152586
2450515
2458542
156036
2460615
160291
188221
138973
2461388
2469420
2478935
2483159
171860
2487630
2487777
176341
2496112
132552
2497051
IUAEIUUEA
2488935
118037
150236
UOIEU
2491305
115855
2495295
2503462
UOOOE
2491049
2499439
2507480
2517029
2526996
2527563
149281
I
66010
2511291
2517987
2520525
2527546
2532821
2537878
EUEUEOAAUO
2534823
2541873
174567
2551161
2553956
UUUAOUUAEA
2529791
120426
2531771
169937
138404
181703
125260
2536596
2537607
E
2522589
OUU
2505945
2512296
2516699
OUU
224493
2520933
2529098
2535251
165455
2543898
2546625
EUEIAOOAI
140301
114384
58924
EUEIAOOAI
122439
58924
175438
58924
2521356
EUEIAOOAI
144213
2525891
AI
165933
2504744
195980
2511939
2516825
116883
2522978
165933
2532884
2533717
137696
187939
2535928
204579
134460
179526
136609
IIII
104471
2524214
2526170
2535151
160291
OAOAOUEUI
121382
UUEE
2511622
IUEAO
2503546
121369
119243
115219
OE
2492761
2497784
2500890
2506703
2512980
2513971
178767
2517641
152608
190810
221115
2523501
EIUO
142716
171774
2494947
123532
2500955
2508682
2513946
IEIOEUEA
187939
146846
EAIAAA
152782
2483133
IUEAO
139336
OIIE
AIEIOII
2436667
211429
199686
2445429
2452825
2453871
2462266
OEIEOEOAAU
123358
2437610
150320
125331
2444351
165155
2453587
AII
2438049
116588
2440921
2445859
2452285
164923
2460565
2468679
2472297
2475790
211429
164673
125260
2479875
2485425
IOIOEUIIEA
2458304
OIIUAI
137476
132603
2455010
2455726
2455910
OIIUAI
2459914
58924
AII
150236
2449670
2452795
216812
2458487
2465615
2470865
119242
2474495
EE
82892
164673
150320
221526
2469109
2470205
171774
2475947
2482888
2489965
119242
184170
2496201
128019
2502185
2504281
168476
2508401
172686
187939
2509543
2518485
2520559
AAOAIEIEO
2493702
2502487
2510138
AAOAIEIEO
2513678
2522814
152782
2524645
181703
IU
232221
EAIAIUAEOI
164016
179526
2514788
162089
2518980
2526461
136629
130872
178992
2527370
188107
2529382
2531807
104471
2538611
EAIAIUAEOI
132603
143875
2545504
149080
2553400
2562272
119243
153421
184170
206573
216534
EAIAIUAEOI
2566050
2575448
128019
164537
UIO
154163
UIO
2573227
128019
153950
2580129
2580959
2586354
2588353
2590183
182304
IUEAO
2584769
2585019
OIAAEAEAIA
2581216
2587534
144609
2595106
2595255
2603361
125260
119326
188107
2603497
2608658
2616745
2621652
108569
2630851
2640340
2642640
177054
161837
OAIAEIUOE
2632653
182304
UEE
2623980
2632096
148349
EO
175445
UEEI
2590368
2595832
157168
2596775
136816
UEEI
2597993
2599819
2601399
158855
2605352
2613742
2619103
2621777
114998
2625090
146846
2626020
2630436
174957
2631435
2640999
O
O
2637316
115855
2641328
182304
2643008
2647818
IEOUEIUE
2625174
180605
IIAAAUEUE
2622183
2628648
2634044
2636435
2643003
151753
2651432
132235
169183
169511
2657785
2666141
2668970
2677261
2686834
2695115
119243
2698370
AIEIOII
132235
115855
103522
142716
165155
182200
2674840
UOIEU
95290
2675633
2683392
181703
188107
2690244
UE
150096
2676980
2681456
2683501
188221
152257
2689380
179001
119309
2697788
2706947
133017
OOAAOE
2702237
2705132
UUUAOUUAEA
2684533
2691868
2695670
161837
196252
199686
2703810
144609
95290
2708717
2711303
2718806
136339
UUUAOUUAEA
166764
2715797
2720356
2723028
IOIOEUIIEA
151312
2713812
185395
184829
IOIOEUIIEA
152257
2716243
OUIIAUIEAU
OOO
2680686
2682241
2690303
2697374
2699431
UEEUA
2680367
161675
2686008
2694973
130405
202104
2697607
2699122
2706568
U
AEOUUO
169511
116588
IUE
152115
2679158
2687529
2688436
IAEE
2675655
2685414
IAEE
159819
159819
UUIOEA
191334
UUIOEA
2678885
168239
2688582
166764
69276
179001
169511
2689924
142215
136629
2694621
2696106
2696288
UOOOE
2693231
EIIIAEUAAA
2673123
196252
153807
137476
2676681
108569
2684085
2689799
107499
2696559
188319
171749
163645
UUOEIIAOIE
A
2664569
150145
184170
2669499
AUI
2665597
2665623
AUI
IUOO
166554
164211
2647362
2656464
UAOIAUA
AO
180806
138404
UAEUE
191178
2593598
2596699
UAIOEAI
2602854
2607349
2608391
2614844
AIEIOII
2608599
153421
2611971
123280
140991
2618036
UOAUAIEOEO
EIIIAEUAAA
IOAI
148349
2576995
2586177
2592917
146846
132235
140991
2599970
2607802
171421
2615773
2615918
2621009
2621662
2625638
OUIIAUIEAU
104471
EUEUEOAAUO
175915
2608703
EUEUEOAAUO
2609624
2616428
69276
156333
132017
EUEUEOAAUO
156333
139453
IUE
2600093
116588
2606314
130405
139453
135643
2606714
2615393
EIUO
112509
IIAAAUEUE
AEIUIIEAO
2589156
138980
2593946
2595862
EUI
2593404
2598071
AII
2579035
130405
2584277
171572
2584663
2593904
177287
2603577
2608688
UE
IO
2577807
2583996
2587055
130405
152257
188174
AAIIAIUU
2587467
IUI
2560070
IUI
2567995
2577472
118107
2579989
2585423
2588270
135523
172193
2596046
148349
2600973
2603103
OAUA
2595195
143411
OAUA
2597765
2604037
UOIEU
2581072
139183
IIAAAUEUE
152193
2571639
116588
2581469
2584520
144386
2592737
2596672
121348
2600481
148349
2606594
OUOAAIE
2582573
2586257
2593838
2599010
2602740
2611535
153387
177547
2619462
2626342
2629809
OUAEIOA
85659
173578
2615898
2620341
141896
2622361
188319
166764
2625530
187166
191178
2634652
OI
143655
2614949
208818
2615881
2619568
2627157
2631390
2632575
121868
OAOAOO
2615467
2617671
2624681
2631329
2637922
OAOAOO
2640792
167812
OAOAOO
2640657
2645526
2652044
2656955
171279
2663793
IUI
152608
150145
2652884
2655618
2661013
2670123
2675968
2683113
126820
2684319
190818
UIO
EUEIAOOAI
IO
93345
2646013
2646992
2652048
2657615
230007
146406
170469
UEEUA
2655626
2661960
EUEAAA
171279
2640954
UOOOE
UEEUUE
169339
2619460
UUIOEA
2609723
2612494
IO
2612317
EAIOI
100098
2594202
OAUA
OAUA
200325
193307
2569211
2577260
188221
2579931
2589837
2598326
2605403
2605765
2613508
2615652
2618205
2626972
2628398
93345
EAIAIUAEOI
2607468
152115
OUIO
2607237
2614177
2615502
171279
2617789
171279
UEEUUE
58924
131744
2600574
114384
2608828
2610901
156798
2620205
2623961
160067
UOIEU
2613167
2619185
OUUAAOA
2612436
200325
2616591
144386
193307
2621977
101646
2629321
2638126
OUUAAOA
179526
IAEI
UUAEI
2626880
UUIIEOE
2615414
124918
2616877
2617060
2621454
2625098
AUU
175189
AEOUUO
2594065
146846
2601149
IEOIEIEA
UIO
2563722
172193
149987
188221
85659
2571570
170468
2573292
2578027
2580434
2587279
169356
IOIOEUIIEA
2566144
2566471
IIII
IIUIOEOOA
UEEI
153497
2512424
165981
216534
IAEIUU
OAUIIOEIO
132976
2497828
2500552
2501908
2502428
2503001
2506387
2514567
179810
176474
2517616
2524588
IOEIAEEO
IOEIAEEO
2525280
123358
2534681
187291
IOEIAEEO
2533090
2535469
EAIAIUAEOI
2524722
124643
2533256
138879
AUAIU
EAO
195127
2494422
194176
2496487
160067
2505721
2515431
2522734
201620
2527811
189319
EAO
AAAE
2502196
160067
188174
2510875
156424
131467
2519933
156963
2520809
201131
2523789
110201
174974
120964
114384
101769
2527717
2534917
2542617
2548798
AAAE
EIUO
2521714
2529507
2531769
2537066
153497
EAAAU
EUEUEOAAUO
2499841
2500481
2501816
177224
2503563
2503988
2509141
180785
2519105
128476
159970
2521935
2522948
2529022
2536478
2539619
2542749
2547351
2556187
2565455
EUEUEOAAUO
2570114
EUEUEOAAUO
EE
2562833
2566164
2569502
2572594
2582138
177287
2589364
2590000
199635
2590127
139183
180785
2593838
2602205
152583
231701
140301
195127
EAIAAA
2598514
UAIO
EUI
2559806
EO
2542497
2543900
2553627
2561123
2562751
134547
2565392
2571375
2573531
2579903
191053
201131
157449
EIUO
2582673
2583120
IIAAAUEUE
IOIOEUIIEA
2552149
IEOUEIUE
143041
2526656
2532994
UEEI
2525131
2525969
2527846
2531434
174965
185293
2535010
188174
119097
234957
189989
2537345
188482
2537724
174965
115625
160813
2546219
2551614
2558843
2563032
2566972
116986
2567128
2571039
150747
I
2565185
2568593
2578427
2583472
136101
125945
2589664
2598323
126051
2607576
114384
136248
2610590
188631
2613148
2616998
2622718
101769
I
2621450
160145
159810
I
215671
190818
2623447
254229
2629070
187050
I
2628802
2638510
189493
2645152
120964
2648434
2658304
2660962
171572
IOAI
160145
139446
2650735
2660165
2664141
AUU
192714
2656865
101769
149987
144386
138387
2660614
150747
2668719
A
2666181
2673135
2677890
103596
2684023
199938
2686427
199635
190594
2695054
2704892
254229
164479
188631
2709110
134716
2710579
2717587
2724223
2731219
193307
2733878
IUE
188107
EI
2706277
142415
2710369
168022
137859
2717570
EAIAAA
2704472
AEIUIIEAO
234570
179673
174965
2687684
2692754
2701354
189989
2701618
2711136
2719756
2724193
2729381
194936
2736133
2738315
2747986
2755564
2760943
2770375
143041
OIAAEAEAIA
2754021
OEEEOUE
132824
OIIUAI
136248
2743803
188482
2744094
2748220
2751364
171075
195353
2759670
2763469
132560
AIEIOII
2746663
164479
2751680
2755434
AUU
132824
197291
2746233
156795
254229
2753190
2761939
2767113
2768991
2770971
AUU
215959
IAEI
2738297
153497
190594
156474
2747564
2752455
177350
2754976
207653
189319
58924
215671
A
2745906
2747080
153387
2757072
2759281
194936
188174
192279
175044
2763952
132560
OOO
2761061
2766009
AUU
EIUO
137393
2746715
EIUO
IAU
201134
101769
2752136
171075
OUUAAOA
2736500
2743692
AEUOUAIUOE
136248
2740513
2748538
2749919
2754706
AEUOUAIUOE
234570
2760164
2764518
AIEOEEAAIE
2756395
2756845
153497
2758081
OUIO
UAAIEUA
162656
156205
AUEIAUOI
191373
2710277
2710938
215587
188631
2717571
2721617
178064
188174
2729110
181282
2735214
2737973
OAOAAOOE
2721653
2729225
2730636
2732198
119097
187050
2736832
IIEOU
201134
2736197
104496
194936
2742792
2750097
156838
E
207653
2732473
205291
2735353
2740796
2745244
UUIIEOE
2729589
196892
2730375
2730936
2733161
168341
OAUIIOEIO
2713991
UAIO
2710219
UOUA
2691963
198031
2694708
168050
IAEE
2688331
2692046
2693668
201620
EO
126820
192279
2667322
E
IAU
112871
129726
2641479
134547
166957
2651035
2657154
2657676
168341
228708
EO
185837
2653090
AO
2643386
UAOIAUA
OAOUEO
137240
2601049
OAOUEO
AEAIOOI
189063
EAIOI
171023
2553383
2559339
2564522
201850
194367
197571
183670
2572697
EAO
2552682
2553629
159688
2556399
UOIEU
2539958
2546317
2552237
201620
2553293
2559195
193307
2566736
2569347
AAEUOOEAU
165985
2557649
156963
2567519
2568639
2577040
IOAI
2561470
2569075
201850
196892
UIO
199100
2545234
2553814
2555460
2559873
2569200
2578067
2582717
217361
2588116
EOOIEAIO
228708
190035
U
2561322
UIIOEEA
2562821
132824
201850
2567085
2575005
2578434
185863
OAIEAOIEAA
OUIIAUIEAU
2534953
2542088
2542689
2543685
168341
2543885
2547300
2551679
2555951
2562481
2563220
179985
2568430
AUI
IOEUUIIUU
2531171
2538984
OUU
AI
2506990
180017
2513968
IUAEIUUEA
2495958
2505618
2509668
2509987
160737
164410
2511028
2513073
2517237
UOUU
166908
197571
115625
153049
AOEIUIUUA
IU
138879
158793
188308
2447619
2449756
234535
IU
156354
AUEIAUOI
153568
2440450
2448772
2457652
2462750
143430
136248
UIAUAU
2455882
2460722
IEEUUEAE
2446939
OEIEOEOAAU
2427968
2432516
2433862
58924
IOEAA
2419714
IUEAO
2393948
2395480
193695
140216
181703
OUIIAUIEAU
148744
2391414
UUOEIIAOIE
2371525
2377828
IIAAAUEUE
2375688
2377821
2382889
184857
2382964
2383570
190580
178324
2386944
2393060
2401445
2405939
2407432
IEOUEIUE
126820
157909
2391572
2396464
236870
UUIIEOE
2391102
2397681
272572
2400341
2401085
UOIOOU
159688
2386266
2390660
2396782
2397205
2404606
169273
UAUEAOEU
2398574
2404171
236617
202757
2405293
135013
2409397
202109
2414365
178393
2422109
182610
EAIAAA
2403416
2409685
2413810
140659
IUI
135013
2407918
121513
193695
163911
2410892
2413324
2418179
IEEIUEOA
147020
2407499
2409470
IU
183670
2386295
203430
2389433
115625
2394618
EEO
237843
2376642
2383312
135013
2383584
2387080
150154
138940
2396632
2398829
158559
2403213
126820
IAEI
2384750
2394621
205682
2397581
167286
2398504
2404689
IU
2401956
203430
2410476
2416168
2421272
2430383
165493
163911
2434999
IEEIUEOA
190324
165493
O
2423901
2430114
2435848
2437325
2441701
2449044
2456526
O
204098
190324
2453720
IUAEIUUEA
2435025
2442472
204042
IEEIUEOA
165493
193873
2440011
182030
2444769
IE
178064
2428529
IUI
152316
163388
IUI
2424726
2426431
204025
2433242
2436896
2442861
147559
166561
108991
IOAI
195108
2436351
90091
2440178
167431
2448719
2456471
2464683
2473423
UOAUAIEOEO
2475654
178393
2480913
2481680
195108
148744
UOAUAIEOEO
2474256
205875
170021
212482
2478244
2478457
2487650
2496486
2503031
175279
2503582
2505775
2509421
193340
90091
2516437
2519777
2523152
140659
237899
2525986
2532474
208849
2538319
172223
185698
177995
172118
2547263
208849
163911
2553274
UOAUAIEOEO
159688
203840
2552677
2554080
2557886
2566856
2568279
215843
2569057
2576280
EAO
2557917
218033
2559901
AAEUOOEAU
140216
AEUOUAIUOE
OA
2514175
2522331
UIIOEEA
2512955
2520387
186729
UIIOEEA
OUOAAIE
2502732
202012
2505307
IO
2483666
2486062
2487059
2489759
2492996
163388
2493694
190324
2497165
EAIAAA
UOUU
2477138
2484502
2487865
2491186
EEIEEA
2481263
179150
182030
2489364
2491158
2494341
2503993
157037
2513217
157037
192563
166561
2522297
166064
2527625
2535312
2542679
IAEIUU
138879
166064
121666
2548639
142411
115625
2555326
217881
197571
2560201
143289
182493
IOEUUIIUU
186171
2558955
2567305
146603
144374
228708
2573352
E
2572406
2578734
182030
169815
197489
OIIE
243940
217218
168774
2560026
2560167
2569984
2571197
2572572
OEEEOUE
AAIAEIEEE
201620
2544587
UUOEIIAOIE
157249
218033
179150
193779
IUEAO
2507387
2513947
2518531
2520630
90091
2520968
2525442
2530315
217881
2531500
2537536
EAO
165985
2509203
2514797
2517204
EAO
IOAI
2496820
129554
278844
2502344
175292
UUIOEA
2486692
AAAE
2492226
2494349
180766
2501048
UIAUAU
204361
2489614
157037
2496525
196261
2498026
2504265
2509287
190029
2510039
138004
2511756
2520177
2523147
209669
2524693
157743
2531640
157743
UIAUAU
205628
2530338
2538109
2538159
2538200
203840
2546358
165447
2546372
177287
2555762
UIAUAU
2564085
2568098
EAAAU
AEAIOOI
159633
2552846
2557041
2565665
IOEIAEEO
EAAAU
2543383
AEAIOOI
IIAIAOOIEU
2531080
IIAAAUEUE
2522724
EUEUEOAAUO
2522041
184401
UAUEAOEU
158559
2521627
2522503
145764
2527621
AEUOUAIUOE
2505563
2511495
2517338
2523508
2524237
202012
185147
2525545
2531566
159633
2539255
2545948
OAUIIOEIO
151519
2539418
2546876
185147
235223
172629
2553117
172629
208328
199891
193695
2555893
2558892
2561838
OAU
250795
215145
204361
2546403
182610
210800
200843
206059
IEEIUEOA
OOAAOE
2530626
212776
2537117
160650
AEIUIIEAO
212776
178393
AII
58924
188792
AAEUOOEAU
137911
2482607
225140
2485065
140659
AII
2474116
2480856
2484989
2485149
2490407
2499356
140659
2500047
2502010
EAAAU
225618
188466
158559
UOUU
2483621
2490683
2496039
234172
191781
178393
IIAIAOOIEU
2481710
205119
175292
IAEIUU
2463205
IUE
215145
2462505
UUIIEOE
2443350
182074
2450373
2453554
163911
154506
2458924
2463180
UUIIEOE
2469730
2472216
2482046
IOEUUIIUU
2460223
2464755
2467519
134317
2473629
177287
OAUA
190035
OAUA
204025
2464517
2470735
2480138
2483618
215145
2484857
2493631
2496217
2499808
2503992
2508627
2517625
166849
2517767
239220
EEIEEA
196261
212787
174223
2503671
2507654
OUOAAIE
2490607
141676
190977
2493315
2496712
OIIUAI
177287
2491713
2494133
2495208
2497309
2506432
2515686
147559
175366
IIEOU
2507452
182074
2514331
EUI
2513714
2521522
164028
2522459
190977
178064
EEIEEA
2505065
143289
2508369
210460
EEIEEA
2508608
95168
IOEUUIIUU
2489956
2494207
189132
2504131
250795
EIIIAEUAAA
202137
2483498
112786
2487554
2495116
2502396
2502842
211688
205628
2505602
2513313
2516121
253941
EIIIAEUAAA
IAEE
231085
211734
AUAIU
2476453
119140
172118
2485699
2492885
213347
212787
2493398
182578
OAOAOO
2480256
194938
2481378
2487699
AUU
OAUA
AAIIAIUU
UUAEI
AAIAEIEEE
EUEUEOAAUO
235223
2405780
2407133
2412922
182578
185147
2421937
2424607
192009
2430797
2434156
176944
IUAEIUUEA
2434295
IEIOEUEA
213503
2431454
233411
2437822
202049
IEIOEUEA
2411906
2414337
189090
204646
IEIOEUEA
2413848
2420149
2422543
161081
2430955
199373
2431513
UUOEIIAOIE
UUOEIIAOIE
2437257
2438320
UOIOOU
AUAIU
2398672
2404512
2409857
205415
2410022
2416370
161081
2419776
2425975
2435479
2436344
202049
205628
2440276
2446594
2449264
2458459
258850
2459901
2461182
212787
176882
2469657
EUI
2449297
2456228
IEOUEIUE
180328
2458394
IOIOEUIIEA
2434435
2442890
AAOAIEIEO
189888
2435384
203820
EAIAAA
IOEIAEEO
162872
UIOA
2414074
2415558
2415680
2421317
137911
136954
177287
2428341
134424
2435110
2436644
206109
AAOAIEIEO
174233
2436909
2441495
2446904
2447265
UOIEU
253799
2443540
2449802
2457240
2458128
2458336
2464854
2473847
UOUA
187551
193695
163053
175366
142643
2466637
124289
213177
2473994
2481673
137249
196261
UOUA
2476506
112786
2482464
2486506
IAU
2480709
2481692
2484196
2489904
177287
EEIEEA
2478035
2478371
2483114
193695
2492699
2496998
AIEOEEAAIE
2484495
203172
225282
2491796
2493227
165605
EAIAAA
192009
2471161
2472855
2474790
2480494
175366
201500
185643
OUU
2482958
IIUIOEOOA
AIEIOII
211987
2441737
2451624
2454899
2460654
OAIEAOIEAA
204646
2455195
163911
2463401
137708
2467068
2469743
AEUEIIUEOO
2450392
2454527
185643
200465
256799
190580
2462017
2468520
150651
134424
2472877
2475203
134424
143289
2480100
2489056
149560
210011
EUIEAUUE
2485545
OOAAOE
UAEUE
2453052
2460229
UAEUE
2465329
OOUII
256799
2460812
2463022
193695
182610
2463567
2463792
2471830
186051
IO
2454737
IO
238395
200717
2458181
2461591
UEEI
238395
2459223
2459492
211688
165902
2461097
AUU
2464210
2466188
2470867
2472504
AEUOUAIUOE
166849
2457029
2466588
2474231
2477413
UOIEU
150254
IIUIOEOOA
210011
2447717
2451557
222456
2453305
204646
OIIUAI
2439554
2444710
2451005
165605
2452332
2453618
2455809
2459953
2464112
2472760
2478847
2484504
182288
2487958
2495541
165574
2495983
2504989
2510027
2517438
2521005
2521980
2530305
2535045
210800
2536725
190580
2543035
165574
OUAEIOA
2533002
OUAEIOA
2531148
218856
2534412
2541141
2546922
AIEOEEAAIE
UUUAOUUAEA
165605
208993
212754
2527380
2528905
183048
196731
2536647
AAIAEIEEE
2528381
219852
UEEUUE
143289
203430
2524810
175624
IEEUUEAE
2506205
192442
213177
2512679
2513751
2521057
161081
206435
2526749
176882
2530667
2535040
UIO
149560
OE
208993
2510428
2519594
2522997
203430
2530240
191766
203430
2531112
2540600
216629
2541893
141295
2551581
IO
2530960
137708
2531833
176571
2533237
2540403
2540798
UOIOOU
193695
2531260
124479
176571
170914
262247
2536408
168605
2538000
206435
2538035
168987
2544279
E
211961
2536030
2545741
2549493
2554085
2554195
2555895
2563765
2566849
142594
229421
IEEAIIUIEA
2564908
2570427
UOOOE
2560923
239498
2562031
2565391
2568195
182288
UOIEU
2542738
2550361
2554764
2556399
2565025
OUEE
242629
UAEUE
2515438
2518435
208993
260254
2526139
189132
158184
2532013
2532016
2534002
IUE
2510497
165642
2511590
IOEAUA
190580
2506442
2513055
2516522
224981
239498
2518055
UAOIAUA
204646
2512380
2521118
136954
UAOIAUA
2521470
150238
2525094
200843
EI
112786
OUU
2491953
2501177
2510280
143313
IUEAO
205734
207770
2498577
2507658
2513640
EIUO
2510138
203430
2518523
208410
213810
2522854
2532605
2540418
2543394
EIUO
187657
2548261
2554812
212078
169908
2558856
245623
EIUO
2557684
2567273
158999
EIUO
144330
146644
2568969
2572037
207852
243865
2574236
2574677
2582935
2586839
2589519
161663
251025
2593311
IUI
UAAIEUA
2563852
187657
OI
UOIEU
229421
204472
2534779
160790
221914
189809
UAIO
OAUA
2509798
215452
199542
2517406
215253
144659
OI
239498
2507005
2514340
177502
2516240
2520918
2521831
2523309
2528900
IA
2529910
290370
2539455
2545143
IA
215419
180810
215253
208410
2544721
IUEAO
EEO
2505504
UUIOEA
126540
IUI
206154
189090
2470592
162012
2476656
2479954
2488172
189132
168987
169455
251025
169455
230774
2494004
2501605
163623
189132
162012
163623
2504881
2513949
2517906
2524731
OAU
2512216
2520903
2528074
2532210
179596
290370
IUEAO
126540
2533027
AEUOUAIUOE
2514697
261827
2524234
2533424
186051
251176
2537155
2537870
2544527
AUU
146855
2528431
2535125
144659
199691
OAOAOO
EEO
2525714
2528196
158184
213381
2537498
IOEIAEEO
246086
180314
246048
2529477
2532497
AOUUAEA
206154
196261
229010
IOOIOI
219680
218426
EEO
2471024
2471698
2477582
2484959
290370
2490502
2491204
2497102
146855
269434
2499480
2504990
OAIAEIUOE
2489420
2497854
215882
2507840
IOEAUA
UUOOA
2474692
261827
190089
2478493
2487455
2492270
2492433
183152
2497112
258850
2506468
2516314
2517512
UUOOA
239409
2513175
2518665
2525288
2529624
2537519
2542507
2549941
173312
2550002
AOUUAEA
2528195
167616
162948
2530106
2533750
2537666
205139
2542165
2543874
2544930
2549956
2552388
2561488
180810
2569393
229421
2577370
2585915
2587490
2590714
208328
183378
206154
OAIAEIUOE
2581408
2589605
2598587
IEIOEUEA
183378
IIEOU
2580799
OUIO
EEO
2532454
149560
251176
2540157
OI
IOEAA
137790
UEE
212860
2493099
OAOAOUEUI
OAOAOUEUI
2473894
2475467
183152
2479704
219242
2482822
EUI
2469011
OE
2459501
2460621
2469716
2479136
2481779
2485010
2485382
2492008
271264
2496217
2504845
2512314
2517054
2525697
166987
175043
2530729
246753
142202
2532216
186956
IOOIOI
176146
2521853
UEEI
IEOUEIUE
180766
2480479
EEIEEA
2479625
2488553
2490087
215419
2495144
2503138
2503923
OIIUAI
176146
UOIEU
2462714
274911
2470721
AAIAEIEEE
2457595
EE
2435474
2442825
299340
207658
2449184
2451392
2453290
2453942
134523
190742
UAEUE
UAEUE
2425998
158073
246753
2429911
2436931
2442698
2442824
208748
2445104
2453800
197383
2462973
2463271
2469256
2477591
2477885
243444
IEOUEIUE
2473251
2481065
2489583
180766
OAOAAOOE
2475384
176146
158601
UAIOEAI
215101
161753
2452646
2458070
240775
2463679
2473498
E
209267
2460708
264907
149560
233277
2464173
212020
2469780
2471559
212919
2473012
2477081
212919
2480456
150101
233189
2482182
2485917
248480
OEIEOEOAAU
2474063
2476061
2476661
216790
2479742
2480740
EUEUEOAAUO
2472304
OOO
2460964
2465406
242818
2470269
2476034
2481340
2489028
2493144
AI
200690
225824
2486312
2490793
166987
172842
2499404
2505800
2511285
258850
236728
2514540
2523390
233093
211200
2532440
2538850
2542407
264907
189176
160790
2546302
150101
2555561
2555800
2560720
2562970
2570248
183152
EOOIEAIO
2561564
2569928
166198
2575536
205628
OOUII
OIIE
2522616
156608
2527363
2530383
251176
219242
229421
2538489
2543525
176464
190994
2548658
2549626
2555761
2565467
200690
2572912
217929
215882
2573700
2582204
2589048
IIII
178862
2584919
168987
EE
2584322
2592762
2598579
EUEIAOOAI
2595880
IUI
217929
2580409
2586508
2592401
AAEUOOEAU
264907
225824
UOIUI
153598
218856
2558140
2558214
258850
144343
EUEIAOOAI
2560901
2562025
2565245
2569863
2573945
UIIOEEA
2551546
AAEUOOEAU
2526316
221551
211200
229312
207342
UOUU
I
218582
2490990
2492536
2502227
166349
2509673
2516635
177454
2517555
2523990
2528535
201623
166198
217930
I
2529859
2533584
2539416
270907
2548755
2553572
2560717
2565883
2569002
2570802
230823
2580273
IUEAO
2584702
2591052
184201
240092
2597334
IUEAO
164005
2599722
UAIOEAI
2582591
2591635
2598123
A
2592999
81075
2600411
233093
2608417
258850
167384
2609647
2610087
2611812
2617457
152711
2617941
204231
EUEIAOOAI
2596174
221928
156608
214546
236104
2603744
2607526
2612487
UUEE
167741
2583861
214899
2588736
2597090
2597896
204351
207342
251176
202111
169455
2599427
2600076
UAEUE
107605
UUOEIIAOIE
2568209
160807
2577551
IUI
2564360
156608
160807
216265
2569205
2578912
246125
2579570
225518
193689
2584878
IUI
OUU
2568176
2577477
2580282
UOUA
2569439
IOAI
AAAE
EAAAU
2524403
229076
242818
258981
250181
2531413
EUEIAOOAI
258981
204877
2506186
2515063
231868
166349
2521156
2527339
241746
198116
2528494
2528960
2529153
2537986
2541818
181235
2551377
2560117
216214
2564209
2570057
2570494
2577724
171612
2585262
AOUUAEA
UOOOE
244172
UAUEAOEU
2529472
UAIOEAI
209850
2501451
217523
2505166
188019
OEIEOEOAAU
2477380
2487028
228202
2495881
227145
2505256
206528
2507046
2516922
233277
2519786
2521096
187996
2523776
I
2518225
2522174
2529636
2532204
2542170
2542413
2551944
OAU
IOEUUIIUU
116107
174241
168506
IOEUUIIUU
2515960
EUIEAUUE
198553
2494684
E
2475692
130459
187996
2485332
231343
2489767
2491244
2492504
2492989
174241
2497092
2501363
2507662
2512815
2519577
2520758
2525064
231343
188019
166349
168506
2533977
2541273
OOAAOE
2531531
2537854
217953
2546376
251176
2546464
81075
2554560
2559697
2560751
2561265
2566704
2573833
2579663
2586367
2589424
2589689
229412
2594574
2598741
250064
181235
2603579
218091
UOUA
232125
2598639
209850
195245
IIAAAUEUE
2586653
184201
2592002
232843
2592029
2593022
242818
2596361
232024
204361
159339
2597373
IAEI
2588188
2592399
OUIOEU
2569382
2575866
2584044
2591091
OAIEAOIEAA
OAIEAOIEAA
2575182
206528
2581040
2585286
232125
2587669
2593048
2598577
2603418
163367
199206
2612919
2617235
2626148
UUOEIIAOIE
2612620
2617641
2623163
2623275
227971
2627837
170078
2637178
182246
2639069
233277
IOOIOI
2636244
258981
168075
IE
2616844
199206
111170
2625951
210263
2635812
244565
2645238
2648571
251705
2653861
2654747
193252
2662960
2666371
166987
2669770
2679612
EAIOI
EAIOI
2673501
2679273
IEEUUEAE
IEOIEIEA
2653482
2656856
IEEAIIUIEA
AIEOEEAAIE
2632424
209850
2634901
2639778
2639824
OUOAAIE
263338
237152
2623554
2625484
2628164
2633023
164253
204862
2637323
217531
2639164
2647771
2649051
163367
231174
2656996
171987
221928
2658549
287880
EI
UAOIAUA
226958
152046
2618995
253960
2628469
2631294
2635720
246125
180791
2643534
2651865
164005
144343
OUIIAUIEAU
2628290
164253
235750
2629722
235930
UUEE
2625912
2626773
2632449
212062
2633171
186956
239210
242486
213246
230295
2635236
2635699
2636470
2639584
2643436
2646698
2651447
2659934
2664882
184303
199096
152046
2674678
168075
264487
2675451
193252
2676871
E
240468
IIOII
2634626
259594
2643159
235930
UEEI
220925
2625056
2626725
2631388
199206
2631647
277330
2637329
158910
2638206
OOO
266557
UUIIEOE
2599168
2605637
248480
2609368
158133
2613499
248480
176309
OOO
2606141
180791
2615836
158910
2620995
267919
175568
2629641
228359
173712
2634833
2641012
2641732
OA
186956
244823
177455
2619244
206528
OA
2627432
2634879
2644707
2650695
2654687
UIIOEEA
2651950
206687
168345
2652763
2655483
IEEAIIUIEA
2644429
2647260
2656762
242099
2662649
2663473
2670837
143630
206528
230295
2678483
2684709
2690228
213645
OUIOEU
2677828
169455
204862
2684632
163367
144343
2692696
OIIUAI
2693990
OAIEAOIEAA
2686086
2689542
209850
2698546
2708377
2712613
270907
177454
2719446
2724544
2733792
2736719
2745121
