0
3104
6857
14375
0
EAE
EAE
0
EAE
6411
12293
17775
27530
0
29176
38030
0
40353
7250
47533
0
51188
EA
47675
51241
0
0
0
55064
OOIOIOEAU
0
0
0
0
7518
0
0
AEIOAOEAAI
36532
43353
A
31908
0
37270
44210
51429
56206
56525
65094
72612
0
0
AEIOAOEAAI
EEUUEEII
0
36312
40065
OIUUEUUEA
35154
43964
49296
59025
0
0
60948
62207
63870
0
72200
0
0
OOIOIOEAU
67787
0
0
0
76080
85627
91870
OOIOIOEAU
0
5882
97469
0
106935
113293
122674
131166
138753
146829
152360
0
156074
0
0
164704
174587
IUIU
0
IA
0
159787
169349
173310
178237
0
0
179400
179579
187668
195459
203733
0
11418
208623
215123
216104
0
0
0
216709
219073
219215
225744
234352
239583
241600
0
242173
2323
248284
252684
0
259840
263262
266923
273630
276572
0
IU
274546
0
0
280779
287435
5882
0
296144
AEO
0
0
AEO
288367
295535
OE
EEAUA
0
287506
291996
0
300784
EUUIIEA
0
UUUUIEA
288490
296683
305989
0
IOOOIA
301143
301148
309495
310685
0
2323
0
317436
OAUEEEA
296728
305711
310839
318624
0
0
IU
UAUIOOAUOA
275617
277390
OAA
267141
1646
268892
0
UAUIA
0
6143
6940
269491
0
UAUIA
269601
276712
281106
282477
2022
9883
287454
292863
6243
EIOU
8630
274112
0
278879
5332
280032
280775
280859
288898
0
291409
0
0
0
11418
0
0
297597
UUEIOOU
281495
0
0
0
0
284978
0
AUOEEA
7219
14339
260511
9116
261140
262008
7791
IOUIIAEIOI
252920
OOIOIOEAU
243187
252870
0
0
0
AAEAEA
225928
233128
235785
0
243127
0
OEAUOE
228332
EUEAOUOOAI
0
208699
9544
218611
UEUE
0
12850
204648
209074
0
0
7219
212770
217115
0
14339
IEEAEIIEE
AOUEE
8293
OIEOUAOAAI
0
EEOOO
0
9883
145138
4890
9083
6940
9541
0
150630
IEAOUUOE
EI
7219
146507
153300
0
154965
IO
6940
132181
19643
4767
136517
14402
140854
AEUU
119835
0
127376
132390
138451
140905
5362
150733
156436
7785
159536
162546
0
9466
166196
868
0
13411
EIEAUUIEIA
160785
6500
161584
171128
6358
5128
20751
175057
182651
7180
IIUUU
4991
161808
3377
170029
AUIA
0
167967
1751
19169
171026
175565
IEEAEIIEE
21213
160874
16480
23200
23200
IUI
0
138718
143669
144732
148798
157820
166290
173069
IUI
7180
16333
175677
178304
181332
191056
194553
8068
0
0
202468
0
211011
214175
221157
221363
229850
319
231301
232867
16142
OEAUOE
6259
22393
0
5128
0
221484
319
229247
4977
8492
EIOAOOIA
215905
22416
UOOEIUUOA
UOOEIUUOA
UUAU
5128
192549
201514
AIU
OAOIUEAAOO
3907
188232
194349
0
4211
0
201699
20887
7203
207233
209617
216535
224054
AOUEE
208066
210131
214666
EAE
IAIEEEOUEO
182265
UUEIOOU
0
1190
184985
629
189087
IA
181929
187113
9685
0
196854
5128
202887
211370
0
6440
214311
IA
7219
25421
189167
195403
UE
IIUUU
171403
173484
173717
175095
UUAU
171157
179651
181724
185283
192114
198371
206263
12539
7156
208732
10147
213890
218628
228604
232516
19747
7594
238502
9466
241130
25689
3277
245994
21394
246637
EUEAOUOOAI
245228
253972
256210
IOUOIE
16514
253071
3823
IUI
244611
245833
246770
27735
21294
251562
0
254582
6061
264299
271906
272839
278907
285747
292997
24635
EEAIOUE
0
280563
0
284673
285549
294999
7763
EAE
268257
10448
274107
OAAUOO
256447
259806
0
9771
12486
IUAU
6852
238393
246567
249809
3497
7203
253939
258153
261173
IUAOOEIU
259165
6940
267447
269579
1190
IUEIIIIIU
27019
0
15636
268529
276169
OOIOIOEAU
9675
4951
12831
17830
EAAAA
245652
9571
UIEAIE
13125
245541
3277
250160
250778
253212
256152
10448
OAA
12694
248758
19370
OAA
255082
0
262101
0
269850
9544
OAA
0
274699
284687
UE
6061
UUEIOOU
UUEIOOU
267093
OOOUIIEUI
17008
243285
15238
21213
OOOUIIEUI
7219
UEAUAEIEA
AAEAEA
218610
17008
227782
9355
228928
238734
246565
250365
252589
IU
237568
9883
242247
250099
252336
257505
258103
32771
UIEAIE
254437
36353
UEUE
239640
18665
243762
22661
7156
EIEOIEA
223220
231246
6061
238477
245377
16333
252733
12764
IUAU
237031
11037
246420
254111
UUI
8315
OEAUOE
13707
0
1163
215991
142
223528
232772
22465
237522
2065
AUIA
AUIA
IAIIEOA
188430
17008
193507
0
198174
11037
198676
5882
7446
3277
204362
204412
205308
205743
215682
7592
225439
2065
20887
232883
OAOIUEAAOO
5850
IUAU
218386
UUAU
AOUEE
197524
205272
209191
11418
17830
AOUEE
214654
216663
3989
222641
EAE
222585
226220
235043
235151
237103
238850
10352
7592
239639
243485
248172
249277
AIAEIEI
10934
236141
240799
241667
244626
245092
27819
25531
UUI
IUEIIIIIU
OAOIUEAAOO
3912
233033
242444
246546
250592
260312
3989
269243
UUOIAOA
257024
262807
16976
269152
7156
12694
8113
276644
UEUE
AOAOEIU
EIOAOOIA
0
IIUIU
240144
6763
243428
246343
248086
254744
IO
245230
36641
252674
262377
265640
UUEAUEUAAA
14363
249044
9467
249683
23264
UAUIA
IEUOOEIE
210087
210481
14787
218526
226190
0
230331
11712
237799
242589
248849
UEA
249289
252577
261635
267848
273879
UEA
273824
279041
280361
14324
IUEIIIIIU
IUIU
UIIAEEAAO
36641
247860
12699
253918
254456
262903
270061
16431
EAAAA
0
253998
4345
259434
261047
267973
9768
272771
280545
288565
297280
302150
35107
308702
22466
317914
322151
10008
7763
13179
UUAU
0
23742
317899
UAAUE
314802
320174
11270
OEIUOUU
4345
598
300783
13179
303243
307508
312070
21714
315347
316453
15215
5409
320058
9768
11037
5534
325544
334149
OEIUOUU
339724
0
340098
342464
350486
354227
354331
360811
365153
370243
377136
385655
392970
UUUUIEA
AOEIUO
381445
382775
383618
390655
UEUAIUOIU
375460
376810
14664
15266
11712
32771
385405
OOIOIOEAU
EIOO
7592
346341
355276
14363
356688
358997
39622
361276
9887
364868
AEIOAUA
AEIOAUA
359130
365482
370195
378923
UUUUIEA
UUUUIEA
12694
374758
22466
31186
142
25531
382408
UUUUIEA
24370
386136
395909
24370
16142
0
9768
400022
EUEAOUOOAI
395146
399938
OIAUAEEEU
382899
392240
400874
408512
412318
420412
425313
16801
430007
142
14324
OAA
16682
33427
IUOUAEIE
415607
421762
E
410547
12245
411735
13179
417215
418338
420845
424916
429731
I
418829
9466
9883
OUIUO
OAOIIOAAI
381688
IEEAEIIEE
9768
369740
373874
IIIUAUA
378726
7446
OAU
352553
32771
22465
357695
357859
360111
361779
370323
379629
OAU
0
22237
OAU
379695
13403
389310
397077
7763
12234
398987
405870
408641
OAOIUEAAOO
28528
390758
12694
397603
399840
AOUEE
389559
396957
13775
405801
407458
16089
14658
7592
AEIOAUA
403656
406658
408292
409657
418958
425078
430825
11070
437400
EIEUIA
43668
35313
440445
16976
5534
OAA
15264
421950
424055
424849
AIAEIEI
19494
419445
429233
438297
445371
447910
451140
460865
17008
IUIU
14843
32771
11712
5409
442097
451258
58838
452064
459922
14324
EAE
444503
447008
453771
462604
21200
469244
16702
472342
22561
477804
485682
491655
8246
29660
498258
504281
29872
1320
UAUIA
491623
UUEIOOU
0
472966
16230
479706
487378
EIOU
33840
UE
16142
464208
470687
UUUUIEA
470194
471424
471596
12234
474577
478738
35262
13497
48217
15783
24370
480591
OUIUO
458671
9294
465591
32371
14843
472470
474178
478194
479026
OUIUO
AIAEIEI
AOEIUO
436195
444964
17104
41839
14658
445732
446886
450157
7763
451614
451819
456059
12928
OAUIOUUA
14426
9771
453132
IUOUAEIE
3989
33427
448258
457425
IIUUU
9768
9771
OEOIU
EIEOIEA
21037
408201
410812
AAI
411541
415084
418802
423522
9467
425109
5409
27353
435080
440791
449563
9294
UEUE
UUOIAOA
19356
433396
434839
437573
439647
439755
447592
455503
462618
IEUOOEIE
442706
452679
AEUU
UIOUA
UUAU
395971
402918
EAE
396155
394
IEAOUUOE
379517
386323
393229
396616
37140
398514
400627
IEAOUUOE
36842
142
404145
406497
409851
417447
419447
16181
421970
IAIEEEOUEO
33799
22960
416302
416453
416518
14363
E
400517
409622
413994
18628
AOEIUO
IOUOIE
0
386166
395117
402867
17621
29099
408760
408902
18068
410403
412673
15818
17022
418613
427158
432487
433109
441614
31207
449487
452851
43668
461268
OOIOIOEAU
UEA
425849
430998
35313
18835
438555
OAAI
44206
18395
435330
32308
437292
444755
449437
454984
461621
463211
466357
471130
474305
12996
480606
25531
36842
487348
487398
496195
502370
507409
394
18247
510709
25753
18628
512943
518236
10382
520288
529389
535456
544328
41305
12694
544499
41305
553511
34388
UAAUE
541615
546747
550064
17022
11703
23264
557685
UIOUA
554887
15818
558663
558911
568052
29099
16230
20384
32308
576047
IOOOIA
UEA
UIOUA
522655
IAIIEOA
511372
512389
520574
522597
UOIAII
507087
IUOUAEIE
0
500143
509950
16472
511484
38780
9883
515195
523108
527384
535457
541131
544260
14363
551413
20384
AOUEE
548723
550895
5409
33231
560319
EI
17955
22164
21597
38780
546781
OAUIOUUA
22164
14840
8246
522865
531062
21597
23327
537856
546613
15635
556428
557525
27870
48318
18247
563526
UEAUAEIEA
19494
48667
554417
561810
568538
571604
579151
22164
581848
16418
39635
UAAUE
574283
583413
591021
18535
142
IO
IOUIIAEIOI
37569
29306
24101
IUAU
29306
32308
533446
11762
19439
536019
541565
34100
545073
549780
43772
IIUIU
534007
OUOIOAOUEU
7592
23574
IUOUAEIE
UIOIE
496505
501041
EEUEIIEUUE
27862
499397
33096
17262
15541
2255
500240
501020
24101
510710
515599
515965
27027
38225
18809
518758
521119
22465
526256
533168
540621
IOOOIA
IOOOIA
526170
OIUUEUUEA
EIOAOOIA
11703
32771
33064
485232
UE
475362
477481
477889
EIUUUOI
UUEIOOU
446264
450077
452864
15926
457243
15926
31240
458664
OUA
432416
AUEIUAI
420211
420853
427542
430535
33943
EIOU
435558
440118
446684
453034
26373
457848
IAIIEOA
33096
460065
22164
464439
471462
477223
483141
486557
496242
502031
32308
16702
510442
513517
515689
UIEAIE
OOIOIOEAU
8203
EIOO
456342
465476
17563
EIIEOAAAOA
452931
454200
76000
27031
UEA
442019
15926
446795
38225
12398
8203
449327
457436
IUEIIIIIU
EIOO
AUEIUAI
403889
405382
413435
40913
413984
19170
422568
428229
19154
428375
432164
432368
437993
444110
OAA
415222
IEEAEIIEE
397114
23564
IEEAEIIEE
399911
31131
403084
408984
414073
22671
416886
AUIEIIUAE
400740
19494
27998
401356
408401
53625
417891
418887
AUIEIIUAE
15019
424338
427203
12010
IEAOUUOE
426216
431673
19170
IEAOUUOE
IUIU
415909
40905
422651
427226
432266
EEIIOEEEO
34100
17356
33064
420336
428502
19170
24170
24101
430090
432665
441313
OUOIOAOUEU
426397
32716
433280
435688
441825
19170
37140
IA
436981
443960
446523
448308
452234
454621
460155
464346
28893
464899
473954
UIOEAA
463707
469127
475822
53625
482703
486002
494341
502121
54693
506171
508852
515927
EA
491911
491933
501863
19439
507324
515275
38172
IOOOIA
33828
24989
41211
IOOOIA
42140
12235
EIUUUOI
18514
504603
33720
505158
22164
18114
509319
18809
517421
19494
24134
24101
522492
526482
528070
50767
UUOI
509877
EAAAA
499820
37775
EAAAA
500971
508835
512269
514862
517665
523488
523512
22465
527882
532194
31546
22465
AAEAEA
525134
530853
28893
IIUUU
517122
53106
522995
523455
12694
IIUUU
531174
535700
24989
541928
33720
541945
52200
543232
546535
22465
549751
EIEUIA
26373
15287
525180
UUOIAOA
16653
512209
518025
EEUEIIEUUE
499801
24509
508554
EEUEIIEUUE
AAI
AAI
37727
EEAIOUE
493053
I
490335
498829
504452
32702
31546
EEAIOUE
18514
29964
480773
489252
497774
29964
12983
UEUAIUOIU
483702
491910
499632
503744
56336
22752
17174
42140
510021
516145
526088
527694
42002
49477
33126
532164
18719
19042
541768
17807
24059
UIOIE
AEUU
509705
511100
IA
27471
29306
491827
18809
19154
44720
54512
39282
32702
28893
31546
IAIIEOA
27998
23379
19397
475922
478649
486821
488118
27998
30110
23804
492846
42092
39345
28706
OEOIU
UE
484491
32174
490389
491233
496516
501963
OAA
502679
UIEAIE
23804
33736
OUOIOAOUEU
481735
IIUUU
454474
458325
IEEAEIIEE
450315
IAIEEEOUEO
440788
441901
32702
446444
446584
448850
EAOOIO
32702
AIU
56618
UAE
411990
419882
34830
429120
437477
26149
446530
450207
450347
13290
UAE
452773
32005
453122
453553
456609
465358
48202
IUOUAEIE
49477
IUOUAEIE
442353
448910
27564
43781
22318
454256
460295
462966
AEO
19042
45794
IIIAUIEII
434432
AEUU
EAE
399439
56260
404565
411427
414595
AIU
397423
17174
47897
IU
37303
37303
22164
EAE
18130
EUAI
OOOUIIEUI
EIEAUUIEIA
OIEOUAOAAI
308198
311008
320861
330656
332712
333588
38358
337883
OEEAAEAEEO
74098
324495
324601
327093
330516
UAUIA
323141
32443
31546
330994
339699
38358
26285
346912
44057
348707
31546
30650
26472
24611
31682
OAAI
341749
18831
346281
27564
AIU
EIOUEE
328818
42894
EIOUEE
39345
28069
322579
49883
42894
44720
51723
42140
332002
332843
OIEOUAOAAI
OIEOUAOAAI
307030
307570
E
303940
312663
AEIOAOEAAI
UUUUIEA
282158
UUUUIEA
289185
298629
298968
305163
OUIUO
68790
287448
E
288785
51723
297625
39951
305166
307734
313767
31085
320789
327032
IOUOIE
313935
316556
320957
325227
331661
336624
67596
59424
28901
49883
EA
307811
42140
316325
320300
OIUUEUUEA
UEA
EEUUEEII
EUEAOUOOAI
283081
4291
292291
49283
297920
304455
22004
39951
43186
307328
44720
308677
42793
53560
315816
321919
326090
35392
23402
329606
38194
46375
334095
48875
337375
AUOEEA
IUAU
292909
301314
304073
60527
EA
35112
26690
282003
52772
283443
67596
38499
40653
33736
26285
292899
299848
54413
304545
309410
316087
OAU
315657
323804
52772
326715
UEO
43450
321804
326077
AUEIUAI
49283
318184
OIEAAE
297168
298571
306129
313109
317432
43595
326481
32702
74098
33790
25175
334358
340678
AEUU
EAE
UAAUE
AUEIUAI
43595
44849
285942
68196
AEIOAOEAAI
283676
285584
26690
17743
286953
289731
291079
IOOOIA
E
51892
26690
45794
28588
252272
40653
26666
37899
259062
262170
IUIU
IO
EUAI
EIEOIEA
208025
208466
212380
22752
215934
219998
220425
221741
60044
IEAOUUOE
223143
EUAI
EIOUEE
213489
219605
19132
227975
237952
44272
239490
241853
UAE
48875
33809
233285
53350
235538
18831
244607
245425
19458
59424
247881
251891
252486
261174
36225
270045
33100
279911
288804
291583
43961
301312
303524
310433
318156
322061
23704
323071
330944
332490
335571
IUAU
329382
UIIAEEAAO
324461
331793
46022
339684
348613
354424
26319
OAAI
341378
343936
348711
33100
56618
354045
EEAIOUE
55720
354898
39685
359269
359801
364410
33730
366755
372598
378731
43467
381613
386501
391033
391464
401394
EEAIOUE
405145
57766
56018
412919
52772
414829
40412
33730
EIOO
63016
25364
EI
IIOU
4291
83305
394758
400708
405709
414200
OEIUOUU
403306
33035
25364
43696
410580
417345
423785
39685
428283
UIEAIE
413385
IEEAEIIEE
63847
22752
53134
IEEAEIIEE
393554
EEUEIIEUUE
OAOIUEAAOO
358304
EEUEIIEUUE
EEUEIIEUUE
EAE
337237
338758
AOUEE
27634
334343
342937
351672
358622
368565
EUEAOUOOAI
85754
352989
362401
366192
372755
381479
53350
42894
391391
OEU
369793
36186
IUOUAEIE
IUOUAEIE
359405
360094
363162
366847
369953
26414
373503
377205
43696
EIEAUUIEIA
365963
53350
368677
28588
62938
47913
82859
370330
IOOOIA
EIEOIEA
327039
36596
330079
339209
347328
IAIIEOA
48257
341915
47560
36596
350801
16321
359902
24153
369347
376383
386014
390560
399364
EUUIIEA
394893
395560
OEEAAEAEEO
56971
24857
43696
379592
384105
56971
IUIU
366399
367049
372996
85677
376640
377277
47199
43499
85754
41565
74528
59231
EIUUUOI
358475
362202
EIEUIA
356173
358518
UIEAIE
17743
EEOOO
347150
A
32373
63936
26567
IIOU
319436
322004
49283
48257
UUUUIEA
45794
315152
25964
324986
IIUUU
306435
45247
310604
314894
314923
23784
322592
330727
339836
341428
41415
36225
347689
352480
67442
IUOUAEIE
327304
OAU
UUUUIEA
42333
UEA
272221
274157
25964
275859
106962
279184
22318
20493
UEA
272720
63863
35241
275554
30157
41956
AOEIUO
20493
EAAAA
256317
263723
31990
267961
87186
36204
275307
OAOIIOAAI
261432
267767
EUAI
249101
41275
IUAOOEIU
63936
241999
58498
243823
253424
45300
256334
29599
258822
259412
261199
269578
276180
279076
47218
IIUUU
32603
260300
20493
52772
IO
EIOUEE
33931
35241
OAA
216629
219824
227173
68768
236779
17900
246076
22564
254557
UEAUAEIEA
25163
249673
45247
256502
47560
IEUOOEIE
244797
250700
IEUOOEIE
61612
49283
253381
29190
48457
260164
25524
260948
261221
IEUOOEIE
45079
42333
265248
UEUE
264154
68768
UEUE
264968
274511
UEUE
278083
278149
284925
51413
291005
299584
303457
OAUEEEA
OAUEEEA
276797
46567
282960
46799
288058
289889
299760
UEIAOAUU
OAOIUEAAOO
57848
267908
275780
277887
282521
22318
286411
EIOAOOIA
34102
45247
OAOOI
57848
256095
257977
26019
46799
46799
65166
43257
259716
52093
263771
27151
266555
272183
273833
282882
290015
296442
300645
308973
60871
59231
313913
319880
30914
328042
337266
344443
353402
361881
365868
51463
369097
375388
OAUEEEA
372650
51524
EIOU
OOIOIOEAU
344572
351758
33339
26567
354599
357613
I
350772
356873
IO
64253
338803
36225
67959
EEAUA
339410
340951
342569
42167
348068
355545
358998
25053
23612
17743
UUEIOOU
351369
26974
360299
369806
36839
376145
41131
46753
41275
AOUEE
355873
365428
OOIOIOEAU
76106
25163
365943
369904
49751
379367
56515
381935
383088
383242
388889
396207
402290
OOIOIOEAU
396593
399771
408528
415646
425147
70290
431286
IOUIIAEIOI
43257
70114
415170
77180
416584
UOIAII
398654
402059
90286
405202
98242
49860
414230
418835
47490
419156
419613
57103
77180
424748
432478
433992
443475
68704
UEUAIUOIU
56958
441997
A
440325
448104
449360
455867
50361
52969
462018
OO
50361
71184
31924
61461
450104
452229
459461
462504
469659
471809
41084
473726
35270
474608
46567
479542
487667
489170
491560
494382
498361
AOUEE
473846
474162
481548
IOUOIE
EEAUA
442610
452036
455176
57792
UUUUIEA
439682
23612
448535
452627
EIEOIEA
434548
70743
41956
AAEAEA
EIEAUUIEIA
396320
OIEOUAOAAI
AAI
EEIIOEEEO
34003
373165
379835
74528
381592
71184
EEIIOEEEO
46753
OAAI
357349
365642
372898
381283
UUEIOOU
57848
384319
58687
38864
58687
392248
AEIOAUA
382023
UUOI
362631
366563
366915
UUOI
360940
OAUEEEA
358282
45079
33035
362797
367084
370629
371943
377978
381916
IOOOIA
30847
50428
379060
EEOOO
AEUU
348320
356923
360833
93040
48058
364199
373330
375712
25524
378162
384736
388673
90472
391990
OIAUAEEEU
I
OUOIOAOUEU
334456
338671
345466
354491
IEAOUUOE
330038
60521
35241
90472
40973
71896
IIUUU
314893
IIUUU
49876
313854
AUIA
301350
EEAIOUE
275929
281870
42222
283957
290326
OEEAAEAEEO
6309
267531
52838
UOIAII
243984
253577
260369
261661
265546
266464
275531
278172
OAAUOO
276848
279157
56937
281591
46503
52838
68768
45082
54413
284852
71896
293446
22013
33035
295812
301221
307928
42063
91789
30157
312536
315411
87186
316310
63796
323167
51524
68768
333082
334672
51168
340031
340738
341914
345127
355099
52211
65980
358704
361208
12983
361444
OAAUOO
363454
370192
372456
380550
26019
50886
69576
380764
382123
390295
399593
407888
44114
414547
12983
OAAUOO
IUEIIIIIU
393090
48866
393992
45300
35112
60521
32373
76128
400291
67151
403215
50428
77786
43257
407097
UEI
393702
395660
113854
398715
31240
UUOI
OUIUO
43257
90472
40973
368683
45300
57848
371570
46503
41765
379842
386906
OAUIOUUA
42339
380102
389480
12983
EIEOIEA
66688
372327
376728
64870
70114
383540
73988
386977
70114
55767
33246
OEIOEIO
364429
IUAU
EEAUA
331509
337740
68832
60767
337987
34276
27608
UAAUE
335618
337324
56863
341512
343350
60290
347543
354773
357770
65980
24538
361129
AUIA
332673
66452
338493
OOIOIOEAU
333329
70114
333883
336251
EIEOIEA
338398
341340
63863
60521
113854
342921
345255
349869
38898
354264
355128
364837
368796
369661
51168
377105
IIOU
355020
33383
67151
48949
359262
361391
IOUOIE
EEAIOUE
338803
344412
352453
355327
47102
UIOIE
OAUEEEA
350788
353514
33246
361186
370309
UUIUOIOOIU
50498
67162
366380
54520
22013
56863
52803
AAI
361999
34276
31240
365301
62463
33383
366502
372676
EUUIIEA
38281
44114
OAOIIOAAI
347160
347407
57110
354768
30129
356475
360114
367724
91789
OO
358379
366548
86021
367403
82967
47223
76128
368891
44114
UUAU
36867
IIUUU
33035
330388
124964
32373
332183
338470
344864
AUOEEA
335991
44114
343545
349198
35270
68832
47102
37337
356829
AUEIUAI
33035
65980
348922
52920
35270
63060
352652
124964
UEAUAEIEA
330936
337300
52689
339726
37337
343310
347833
OIUUEUUEA
51157
EAAAA
55767
87186
46753
341825
343507
352539
361697
369036
372299
378860
381911
98425
383118
387441
UE
44114
UE
366646
96841
372649
24538
380106
OIUUEUUEA
60058
62280
59235
360032
363854
364734
366593
373142
89185
383006
386487
389800
398772
404410
409249
412647
413550
414108
IOUOIE
64967
392698
IIIUAUA
379213
387563
34102
389932
395942
398228
IUIU
391597
37212
48457
391729
394939
400090
409559
414933
36569
424796
45152
113854
EEUEIIEUUE
IIUIU
400112
U
82084
399015
66953
73752
406614
415960
41131
421075
427694
429595
431504
438133
442189
446557
43283
451224
EA
442081
54948
IIUIU
431559
432875
440483
445245
447791
66936
91581
44114
IAIEEEOUEO
UIOUA
UOIAII
435837
439197
448270
450904
456566
105489
460724
461325
465074
471850
480028
102110
480616
UUOI
460953
469664
475837
481803
491037
497897
52689
501089
47102
509792
47538
46753
55453
513914
522786
530669
536932
541598
541740
54413
OAUIOUUA
546396
547331
54520
553846
87084
557851
558297
563734
71584
38281
UUEIOOU
35112
72517
IUIU
537174
539794
540150
542429
545088
62271
46503
553465
559506
568988
AEUU
557549
560051
562816
565621
573155
576880
I
571555
573024
579081
EIOAOOIA
85119
46753
62463
66936
49312
EI
551247
58052
556470
OE
60058
556445
559097
568229
46503
IEAOUUOE
63307
UEUAIUOIU
532239
25092
539947
51157
541687
545906
IIOU
85119
526655
54616
528163
535871
540152
59207
542962
552776
560218
566411
573859
60822
583084
585524
44081
587615
592646
IAIIEOA
72517
45188
579239
587249
590027
61461
EIUUUOI
48009
70114
78519
576169
52093
576360
55453
585527
587533
595267
595488
600763
71413
IUI
53076
582416
53076
61461
52226
586612
587143
596236
45188
77871
89185
600943
603706
EIEAUUIEIA
44461
84202
600470
601393
604468
607398
63307
613582
56139
615016
70679
EIEAUUIEIA
620413
54616
36867
628694
IIUUU
625744
632095
638633
639624
IIUUU
639948
86818
643330
54948
651883
40098
660975
669851
671495
32373
EIEAUUIEIA
OIUUEUUEA
62891
72073
653154
654884
657537
659586
UUEIOOU
659637
666585
61173
669687
673535
71372
99105
IIOU
IIOU
656366
43283
665849
667317
675379
32255
UIOEAA
647977
655014
71413
655728
660982
661494
665492
667371
53076
675837
682771
10854
692686
700816
52783
700832
704603
713937
715511
720926
727701
733298
740229
744051
747912
45188
94545
751549
OIAUAEEEU
51168
744007
45188
752823
EAOOIO
54616
738516
739863
743334
745351
749299
754175
EIOAOOIA
114082
743675
750443
752291
761546
761674
56139
52779
62271
72483
768911
46682
86818
776311
785474
793725
IOUOIE
775524
780181
782707
782761
783439
70785
46503
UUEIOOU
763668
48674
EAOOIO
752203
754905
44081
UAE
727730
729138
732951
EIEUIA
726527
62271
EIEUIA
729622
734108
739839
740630
99788
750576
83778
758757
767249
768712
IAIIEOA
755137
762829
61957
763801
765087
774108
OUIUO
769963
46503
778384
784725
58175
68655
94529
794131
12983
802399
120979
UUAU
784248
43340
52226
65847
AEIOAOEAAI
58052
761291
762807
69695
59207
77571
48674
769081
IUIU
EIOAOOIA
48674
114082
752892
761518
IUOUAEIE
62271
IIIAUIEII
721992
725024
95146
732968
53225
740598
66547
72483
744811
747000
750215
99788
54616
752802
755751
IIUUU
44081
12983
AOUEE
71584
EAAAA
702862
709986
EEAIOUE
65055
689139
696264
703292
AUOEEA
697672
UAUIA
IUAOOEIU
63034
57545
652760
62271
662197
77668
663470
664707
666034
672700
679359
62891
679688
682009
50413
689612
73752
698008
60058
706263
EIOUEE
52803
703984
82967
55881
708267
59207
60058
711190
44081
719991
94908
722856
732256
EIOUEE
IUIU
704824
48509
710642
711745
712554
52648
94908
IIUIU
101555
710419
718150
UUEAUEUAAA
715588
57954
718757
726270
54616
727517
727739
73752
728747
729385
104209
739080
58967
742568
UUUUIEA
70785
78712
731395
60521
735748
67197
741640
743471
744890
31721
103514
750856
80230
756921
761169
31721
31721
89185
769129
UOIAII
766915
EIOAOOIA
762685
60144
767505
101555
774182
89185
778459
778670
68655
783311
IO
756492
37212
EIEAUUIEIA
752413
45428
62271
67818
757139
759478
763849
IEEAEIIEE
OAU
50413
76361
745446
755415
760670
68827
766931
68467
774968
50071
778691
80450
80083
781361
UEUE
781278
40625
781365
OUIUO
758320
758329
767396
769328
72961
82967
769646
778061
40625
64040
48730
778626
779563
787472
89185
AAI
84244
762821
108503
54261
768960
777308
786765
107230
790280
EIOUEE
64040
67818
769881
IUEIIIIIU
766418
64991
51157
128598
772342
773112
780658
786542
113018
794271
63071
794865
80450
804542
811179
820468
824536
833783
841615
UEUE
UEUE
38874
819425
60058
53497
819669
822116
64040
824679
829078
64991
837629
843792
848218
76619
39570
848491
857604
OUOIOAOUEU
841891
36699
UEA
820209
821511
824717
109685
133697
825062
826180
68785
82481
833849
837737
845702
853971
68785
861332
43340
EEAIOUE
844340
850227
68655
852127
114098
78795
113018
861095
78795
57169
AEO
851233
852321
73726
860950
AOUEE
UEAUAEIEA
90098
847224
851719
859589
75761
68832
869300
878404
885465
890554
UUOIAOA
875651
OIEOUAOAAI
857225
865216
83430
AIAEIEI
863617
AUIA
839677
845311
846384
855849
63537
857615
862481
OAU
853837
89185
60058
57035
861241
865872
873723
IOOOIA
846875
848156
59870
858136
866333
875832
84569
881773
62891
IOOOIA
889424
889502
891193
891418
899705
OE
891492
899292
80230
77591
90098
899696
900649
908934
916676
923605
68275
44081
53363
UOEIIUA
45859
911235
913094
913258
918651
57035
AEIOAOEAAI
73752
73726
OUOIOAOUEU
883698
UEUE
UIIAEEAAO
68655
49984
855771
858337
859440
109685
859550
868556
874455
101972
58032
880918
59174
UAUIOOAUOA
853356
861124
866605
874480
875399
UIOUA
859773
866641
55205
33332
109025
870741
36699
871472
878885
882144
891873
894175
90460
111169
45428
900317
UE
904828
912814
920597
924603
68655
64040
928305
937192
90705
66016
AUEIUAI
934504
938329
945560
48509
946101
953615
960983
968045
49895
975066
975834
90705
AUIEIIUAE
957084
961563
967906
84782
92665
62891
968656
973216
981915
58850
114098
68832
991037
IEEAEIIEE
973414
111206
82967
974570
IAIIEOA
133697
967288
969630
978849
49984
133697
57035
980298
57035
987413
991669
991729
996893
1004010
90460
1011651
IOOOIA
87355
76967
1007865
1013795
1023674
1028968
OIEAAE
48160
66016
OAOIUEAAOO
40190
996348
998854
1008665
AUIA
987557
AIAEIEI
UIIAEEAAO
950828
956763
957441
958921
959120
133458
A
59838
65814
943477
UOIAII
41174
928930
934212
UEIAOAUU
924652
42764
931942
67818
91621
933921
49984
63450
940231
940928
UEIAOAUU
69504
943365
IUAU
EEAUA
915374
76967
90278
915985
AOAOEIU
78795
AOAOEIU
AUOEEA
UIOIE
68785
871749
877899
882706
IOOOIA
866976
66035
870989
UUI
62008
90278
59899
860085
870001
879936
EIEUIA
875856
883822
58850
AOUEE
66014
882519
88002
60058
EIUUUOI
869466
68655
878780
IIUIU
EAOOIO
65556
855259
67016
862622
IEAOUUOE
84967
839711
48576
IOOOIA
813286
815290
818961
64397
101972
80767
820781
29213
822309
UIOUA
815972
816804
OAUEEEA
808061
810203
OAUEEEA
815737
OAOIUEAAOO
OAUEEEA
771790
84726
775156
784097
AOAOEIU
99764
EAAAA
752355
IIIUAUA
126911
743412
750710
751698
758953
OIUUEUUEA
64158
OIUUEUUEA
746399
83136
752664
105984
753912
756234
40190
764335
766747
767902
770835
132321
63575
67881
772150
777717
782765
IUAOOEIU
71508
147651
80585
770266
IOOOIA
125328
778418
785142
UUEAUEUAAA
78728
780055
786042
65163
787423
UIOEAA
AUIA
43562
109479
776873
IEAOUUOE
96891
764797
770052
774317
781785
786431
788808
96891
59008
788864
790959
797624
801893
811761
813275
65556
70663
83296
819512
822402
65814
830912
839678
844386
OAA
AEUU
823901
40159
AIAEIEI
64457
804880
UEAUAEIEA
70016
30286
82481
784444
785009
AUIEIIUAE
765452
110748
IUIU
764527
771419
UUOIAOA
771988
779356
787943
797328
63307
UUOIAOA
101972
798749
799083
803217
IOOOIA
790711
EI
58850
786812
72006
791817
OAOIIOAAI
57422
49872
132321
783333
48009
789327
76920
794617
89283
76139
40159
IIIUAUA
68785
791170
59008
UEUE
51480
779151
781538
40190
42776
OAUEEEA
119490
773700
92451
773940
775350
OUA
755690
762546
98582
769263
775689
83333
778546
783088
OEEAAEAEEO
772210
779793
49984
11410
781510
OEEAAEAEEO
786976
796364
797289
798214
EEUUEEII
55668
797539
798489
145150
805822
813490
820936
88032
829885
77604
835808
77429
843691
852141
860353
44665
56212
101153
866677
872184
50709
119490
878427
883774
119490
50709
64040
66035
893360
39086
893970
73292
EIOAOOIA
98036
880926
885220
O
OUOIOAOUEU
OUOIOAOUEU
842193
54915
847250
848897
75155
855857
862830
87763
83136
EIOU
61233
864181
152517
869485
89921
870981
40159
65556
872658
881628
885015
92665
49872
UIOIE
108452
872258
OUOIOAOUEU
93240
OUOIOAOUEU
862316
868898
877959
EIEUIA
878998
59008
55092
77429
883656
EIOO
860899
862579
870699
AOAOEIU
OAOOI
125328
858701
860607
90449
69697
61233
862263
11410
54915
863773
868782
872951
81189
80585
876411
IUI
863045
870527
86123
32396
59899
877667
74804
883442
74804
IUI
884621
89283
894289
107354
896301
902327
902342
906956
909583
67022
48377
910986
911749
92451
912905
126597
58525
55340
913812
OAOIUEAAOO
86425
903270
50014
61233
IU
49872
52917
UIOEAA
118770
886384
894648
897784
900377
907061
908167
83333
908495
913352
84569
116328
920505
926162
927997
119490
EAAAA
899516
52917
80466
74488
OAOOI
872563
880159
890118
893577
903043
93240
73292
EIOAOOIA
40958
893902
896092
903826
910275
917539
68785
127572
921097
929968
938729
941493
950186
958005
967086
969861
972455
976143
EIOAOOIA
AAI
65814
IUEIIIIIU
85090
61603
940544
73555
83136
61565
947517
951974
UIOUA
930999
UE
919915
83136
929563
52917
934746
939753
OE
933770
OAOOI
919069
AEO
902925
912114
158499
UEAUAEIEA
EIIEOAAAOA
94015
871679
878923
51692
884776
IUOUAEIE
88032
867004
AUIA
857335
866590
874653
874784
OIAUAEEEU
859472
IAIIEOA
855970
863299
EAOOIO
57112
99213
855785
98292
863743
868038
125328
870159
873056
878857
61603
882181
890797
81724
EAOOIO
895375
900518
109343
88613
75301
85090
909273
57422
914141
IUIU
907572
912187
920635
926370
929518
929869
935526
939891
UUI
64040
916425
925921
934817
85090
76488
938791
IIUUU
929193
71323
938303
98582
58236
EIEAUUIEIA
89466
917300
924904
UUOIAOA
898842
908100
69697
UIOUA
66468
125328
886414
59899
AAEAEA
867484
I
860025
92575
863004
867065
875659
39902
878397
118770
878476
125328
67803
879358
UEAUAEIEA
77496
860257
869937
AAEAEA
80466
96409
93240
845238
851302
858963
AUIA
79054
856768
OIAUAEEEU
EIOU
EIOU
IIIUAUA
EIOU
793877
64783
802316
803865
EIEUIA
783806
72711
96623
121580
791999
101015
797825
OEEAAEAEEO
792978
794062
120805
EIUUUOI
787984
792269
158499
794776
107354
801078
810210
810530
819627
EIUUUOI
823882
79538
824506
17528
832502
835686
844234
844357
849650
859109
UIOUA
IOOOIA
814277
83333
AUOEEA
64278
AUOEEA
OE
52917
98582
101015
793279
98244
OAAUOO
788200
794625
94015
83333
OAUEEEA
790910
96409
795656
795810
AAEAEA
793037
64457
793185
75491
61945
17528
793610
802932
805633
98582
132082
809900
97508
815606
824154
95047
UAUIA
91953
815156
158499
EEOOO
799839
99732
66727
807322
108452
814261
90844
814429
IEAOUUOE
801181
803816
94015
807740
813008
UAUIOOAUOA
74077
75491
UOOEIUUOA
139213
781305
790854
798616
805777
69244
807720
808654
98013
111445
68892
812267
815391
OAU
108452
UUEAUEUAAA
783378
789520
790220
793897
79616
797093
797984
92575
94015
86511
90183
807004
807148
809786
811215
820138
120967
IA
827795
829793
IAIEEEOUEO
39902
813375
132082
817219
64457
OOOUIIEUI
806251
810268
811531
815479
AEIOAOEAAI
789941
EUUIIEA
775894
129504
52917
UUI
761328
767804
773652
777113
778238
110943
100274
86232
IEEAEIIEE
AIAEIEI
739739
748403
754869
92575
758423
767179
776800
780892
122452
69244
EEUEIIEUUE
780092
126532
789249
796412
800689
116001
AUIEIIUAE
775628
120967
778833
785142
116364
789302
84840
EIEUIA
EIEUIA
86318
EIEUIA
780485
782755
789389
791872
132060
791903
86318
792982
109400
800041
801902
811815
EIOO
I
777873
69072
787272
84840
122452
93839
792037
98582
AIAEIEI
786025
793535
57112
AIAEIEI
795848
IUIU
774168
110631
93456
782184
IIIUAUA
781017
784064
79616
784779
UUUUIEA
777546
787505
UOEIIUA
UUEIOOU
760454
116364
AUEIUAI
733285
AUEIUAI
69824
95573
733713
740420
741083
UUIUOIOOIU
724980
UIOIE
723876
733572
736173
740774
741260
UIOIE
95573
81189
76969
742663
742674
EAE
722655
729498
92089
56700
729512
EIEUIA
722385
IEUOOEIE
69088
711029
715360
94240
723341
724116
109400
730632
734728
742507
81053
80662
746883
120703
748814
62790
77496
751249
IEUOOEIE
751305
62588
757246
758383
105142
80662
764504
769617
62638
772411
772977
57112
781059
116001
44082
64783
784011
95240
95573
80662
116364
104875
786641
114889
UIOEAA
84231
770074
778871
62638
782780
792106
801136
806258
121580
810017
158683
812214
813911
120440
819469
826904
833853
EEIIOEEEO
97801
826312
97175
76969
828298
109658
828501
832785
837951
154062
IEAOUUOE
95918
93240
834946
837758
61945
70364
121580
838756
62638
139435
IIUUU
820090
821563
IIUUU
821371
828779
833273
61945
EAE
91204
UAE
67803
85265
98418
794627
98308
64040
90844
801493
79293
811308
EIOO
798285
806499
808919
811864
79293
87088
OAA
788483
99040
133776
56700
792958
794163
101986
801598
90353
UIIAEEAAO
784644
792246
UAAUE
776189
780905
786420
794728
52917
123095
64040
802368
804166
811365
811750
817403
824552
826524
828752
71922
111299
108452
98582
838340
847682
45631
849910
125440
113515
853668
154062
60821
855795
863799
151538
869448
111133
79251
81189
87088
98418
78402
874354
877587
90844
OAOOI
93456
880129
92089
87383
UEIAOAUU
IOUIIAEIOI
123540
876697
EAOOIO
862070
AAI
835244
UIEAIE
815966
IIAEAAEAAA
801137
808725
809444
116001
65665
145685
818611
824452
826075
828651
832176
841657
OUA
844974
848590
110839
OOOUIIEUI
831802
82486
840323
120440
109658
846811
847314
91204
110839
849999
99165
855042
70438
863679
EIOO
839914
848487
94814
856217
862667
78222
105142
866337
869064
874782
45631
878942
109658
64040
EUAI
92849
60821
860699
869967
62588
OAUEEEA
867844
869586
61576
877169
883317
79699
111494
883512
102514
885126
60821
109658
888921
894073
OAA
59055
111133
873510
UAE
869880
114889
81697
100429
I
98438
859345
861725
94121
871162
A
867176
875264
159583
139435
149222
878443
885316
892235
92089
78222
901338
135818
88752
907620
913255
135818
915553
79146
917075
64040
132082
922224
94814
931271
931581
932274
123540
UUIUOIOOIU
60821
925517
53298
59055
932271
934258
IAIEEEOUEO
EIEUIA
U
889048
EIIEOAAAOA
882539
116201
889411
87416
896101
EIOUEE
872757
882154
67213
AOAOEIU
883376
886112
UEUE
866251
61576
102514
76698
868642
869792
105142
871733
IUI
100987
860630
868902
98418
869988
875707
881069
882156
EEAIOUE
862104
62588
80787
869681
872000
878486
878908
116773
AUIEIIUAE
857326
860653
870611
154487
876976
88752
877269
98308
887092
IAIIEOA
112141
74323
886433
IIUAEOAEAI
UEA
867627
45631
UOOEIUUOA
IO
843756
OOIOIOEAU
821176
95481
125440
157449
UUI
802134
808217
808356
818197
69974
64040
825071
64040
826353
145685
UUAU
70438
IUI
123249
795453
OAAUOO
781294
122789
82997
784990
790127
OOOUIIEUI
76213
763990
101149
772037
EEIIOEEEO
763486
111049
769225
EEIIOEEEO
OAAUOO
119717
740727
746458
749919
757307
IAIEEEOUEO
76252
739019
27224
88752
744974
67532
748111
756754
765303
770981
112141
61576
771983
776098
782278
154487
IUEIIIIIU
773712
779865
786787
788285
790520
IEUOOEIE
780864
782027
790964
87383
798476
UUUUIEA
102253
779905
OEIUOUU
767125
116201
UEO
743109
59055
751260
755440
762588
82661
120138
IUOUAEIE
762399
763783
117645
78753
UE
112141
740271
740842
116201
127965
IIIAUIEII
718949
726482
729977
EEUEIIEUUE
OEIOEIO
686799
115489
688749
697902
701266
701569
704051
EIIEOAAAOA
685329
687640
115489
693092
694127
45631
OO
684458
154487
690374
691487
698330
123540
705204
710647
714475
IIIAUIEII
700649
701376
126523
IIIAUIEII
706603
137534
I
685516
690803
695924
100055
703213
705075
166971
71618
91990
110487
EEUUEEII
127115
705650
714183
61576
717665
104512
720582
157464
720883
82661
98308
97324
728427
116201
70734
OAOIUEAAOO
115544
96289
700992
IAIIEOA
91990
691140
132082
IAIIEOA
98308
79146
689108
UEAUAEIEA
679497
685189
693957
701697
701744
703675
120440
159340
81701
110487
707397
712506
UIOUA
109991
712377
89961
117645
720035
91494
725851
127965
70734
732412
741228
748707
756639
759272
764743
UEUE
745013
109991
131973
745573
748531
750264
759683
766460
111595
769489
EUAI
752194
760372
160662
768644
770972
775214
776037
784741
IIOU
772268
100429
778972
IIUUU
IIUUU
757084
764164
765561
75413
137534
771991
775732
127115
72135
781231
OUIUO
67213
761755
761853
156988
762281
771071
776406
784013
786773
95481
UUOI
OIAUAEEEU
82661
776467
157464
783856
784542
104293
793044
123540
160662
800266
109714
806179
100055
813825
IIUUU
102394
787367
120122
110668
91040
OUA
773019
779046
787203
791540
100055
115544
125329
792204
OUA
127115
79146
794215
801672
807012
69182
813705
EIOAOOIA
UIEAIE
137534
97387
768000
775551
116741
781371
788345
793406
103230
88686
63614
157464
164992
794000
108690
92409
795316
149222
801770
166971
UIEAIE
90353
99878
803249
92409
UIEAIE
79146
141897
IUI
781813
790379
797700
OAOIUEAAOO
126678
111047
81957
OAOIUEAAOO
109714
EIEAUUIEIA
141897
109408
75413
68142
766623
AEUU
756095
85670
111595
125329
761435
103230
100533
768905
89961
IOOOIA
79293
755835
93521
758198
120122
766683
103230
770749
772985
774974
104330
779863
166971
780349
788125
88686
788739
795154
141897
796304
803579
91990
IIIAUIEII
785864
794466
799459
IUOUAEIE
AOEIUO
776936
111047
117422
IUEIIIIIU
750740
117422
760683
72249
72249
764593
99375
768823
774370
775182
174833
785179
118618
111595
79293
IUAU
134101
774786
102656
IUEIIIIIU
AIAEIEI
763793
766887
770720
773686
779350
118618
EIEUIA
770220
104330
771549
776756
UOOEIUUOA
99878
93441
89961
763032
770598
88392
778097
781677
784556
96289
793393
795630
801741
811409
814524
90921
UIIAEEAAO
95715
794063
800068
125440
EIEUIA
80706
UUEIOOU
IUEIIIIIU
OAA
732900
134101
742602
121285
83457
747229
92197
120229
78281
754059
99375
763632
93521
64596
75286
105142
119632
130414
770100
AUIEIIUAE
OAUIOUUA
725861
120122
728198
731721
158649
70910
734753
E
130463
710381
88752
715036
715788
722912
726885
105142
79293
EEAIOUE
725846
735363
737223
744590
752471
760694
762505
771340
OAUEEEA
UEI
139799
749935
104512
111130
120122
758063
116741
OAOIIOAAI
87532
741544
75115
744350
155862
70217
75413
IOUOIE
745956
OE
727356
91476
144032
736936
103683
IU
OE
99375
96364
83455
139799
711219
109714
718273
724040
63614
730069
112282
735602
150865
739779
745029
AUIA
735561
155862
111595
89961
78281
735922
738737
738842
AUIA
75115
741441
EI
727643
IIUUU
703512
69325
709803
710824
718602
116253
724700
734612
UUAU
723873
728010
112357
UAUIA
144604
727398
115381
83012
732955
739337
746306
136501
118618
109366
111595
98415
128692
129790
93521
753027
756864
757008
113975
759467
125440
83012
763958
105257
UUOIAOA
747641
757278
760745
764176
70217
93521
116253
764552
132337
773447
OAOIIOAAI
768249
772793
775534
92197
784891
OIUUEUUEA
99921
EIIEOAAAOA
747084
63910
749173
751459
760791
765836
111816
774766
776185
780236
OUIUO
761591
OUA
OUA
119523
100533
734461
IUAOOEIU
96143
715451
88051
82756
717674
86135
720650
727505
144604
67724
UUOIAOA
711150
82756
716606
724984
728314
125920
729190
735855
103683
741388
UEUE
126678
726015
735895
78281
60371
736841
123686
101204
742757
EEOOO
742750
746637
89961
96364
752155
754884
110252
EEOOO
759644
761819
UUOI
197348
758685
760035
767668
772492
UIEAIE
758066
UIEAIE
757621
767313
IUOUAEIE
87349
748604
756549
763065
765687
768082
78281
AUIEIIUAE
EEUEIIEUUE
49720
UAUIA
731545
93197
732079
737220
93197
746983
750136
116741
107351
759431
125440
EIOO
EEUUEEII
735410
141392
738392
746429
UAUIOOAUOA
70910
731841
127443
737066
739366
107351
749016
145050
UIOIE
IAIIEOA
726519
733929
736160
741837
749682
759210
96560
155862
88051
763987
765441
OAAI
754085
67724
106197
756781
IEAOUUOE
136403
IOUIIAEIOI
729630
731082
IOUIIAEIOI
EAOOIO
UAUIOOAUOA
AUOEEA
696483
159702
696972
99104
703451
115592
AUOEEA
AUEIUAI
111047
685668
OIEOUAOAAI
146720
91135
687838
OIEOUAOAAI
77993
61521
90443
49720
123265
688285
UIEAIE
115381
686880
693105
699164
136501
114446
91442
705611
712444
89961
142373
717319
145050
EIEOIEA
715187
140878
81110
721222
726042
136403
172680
123825
78115
115381
733364
742408
749877
156479
89961
91476
756109
761892
EIEOIEA
OAOOI
734142
736933
121474
742921
UE
IUOUAEIE
733683
127124
75413
740720
741358
IUOUAEIE
85322
OEAUOE
IUOUAEIE
106197
721936
721995
724055
119437
730872
731431
734866
740324
747765
OIEOUAOAAI
75413
723458
EEUUEEII
AOUEE
96364
702596
70591
712159
117262
129271
119523
UE
OUOIOAOUEU
78281
670727
671628
UEAUAEIEA
657464
34632
658168
106833
97221
660575
667304
672875
129271
UEAUAEIEA
OAU
86135
143796
183285
652711
655386
664521
669975
676738
106833
IIUIU
651887
146720
119437
69527
80577
154852
657094
663638
672396
679918
680195
112347
683103
116465
IIUIU
684446
691125
77993
UEO
EI
IIIUAUA
633765
110166
162410
145933
127124
105306
643022
643106
111047
OAAUOO
633460
119523
OAAUOO
AUIEIIUAE
115865
105306
105306
618888
626746
627888
632645
127443
640482
111047
126678
141392
645317
IEAOUUOE
642290
644784
110166
OIEOUAOAAI
125253
626669
632319
633570
OIEOUAOAAI
616393
88889
622664
627413
636245
637533
127962
642017
106738
OIEOUAOAAI
649626
116253
659405
664066
672169
675288
677578
119310
680063
85322
689087
172680
698297
49720
129074
707936
UAUIA
115865
703833
705527
69527
UUEAUEUAAA
690449
117605
696211
702031
710112
714262
715804
86135
724217
725998
733804
AUOEEA
710655
712008
713456
714406
EEUUEEII
96932
705557
715477
136421
116253
718350
725657
49720
IEUOOEIE
98415
78115
713120
717058
725333
96720
731208
68085
126678
EEIIOEEEO
61521
723031
729059
104307
733507
742314
744673
751939
95246
755972
762327
768338
134892
135889
772557
184951
EAOOIO
145933
774330
145415
121285
140362
171151
778440
782462
IOOOIA
112352
772526
96932
197392
774576
162410
75413
95246
145050
775008
775960
780418
134892
AOUEE
784160
172680
127962
789589
AOUEE
82756
788060
69939
792868
794566
136545
796879
799495
140362
80577
OAUIOUUA
779213
OUOIOAOUEU
774690
776384
780953
785945
792198
801802
807460
UEIAOAUU
80577
121510
111047
UEIAOAUU
791004
799074
EA
798177
135889
70292
OUOIOAOUEU
797517
800025
801015
805799
807488
162103
69527
809070
809160
813552
137980
814521
818713
91135
OO
814996
823504
830751
835299
837905
847859
197348
855923
859720
OAUEEEA
96068
847881
184951
98415
850551
96932
857895
867579
156479
EEAUA
866007
874796
137980
103063
146720
875232
877726
112352
95246
884204
EIEOIEA
145050
111231
111231
EIEOIEA
870970
UOIAII
130781
854633
143796
861601
EIEUIA
79172
847219
102453
854941
858628
EAOOIO
846437
UIOUA
152579
UAUIA
802988
806523
108570
808062
815192
EIIEOAAAOA
EEUUEEII
136411
783911
784094
786243
UOIAII
61521
138189
AEO
136892
AEIOAOEAAI
UIEAIE
77034
175081
136892
749205
756547
760828
144470
123748
767572
75413
OAUEEEA
755204
140362
108570
761196
OAUEEEA
756424
763718
764011
764404
770377
771481
145050
775163
146637
775489
103063
776117
95241
UOOEIUUOA
775469
775638
117325
116942
776956
123265
781898
OAOOI
115168
766821
776286
781315
790233
61521
OIAUAEEEU
IA
93824
762279
130781
762537
765697
770875
171151
774288
782980
792913
142480
UE
792680
799552
EEAIOUE
788246
OUIUO
780511
130781
786668
787741
791526
794310
UAE
772742
780285
115032
O
769132
770686
777119
O
OEAUOE
766481
775710
150712
143200
776687
783560
OEEAAEAEEO
768927
770246
775846
783821
126996
785376
793494
796237
796719
UUEAUEUAAA
782153
OAAUOO
760790
763107
769282
112746
779029
OEEAAEAEEO
96068
775669
152926
779165
779385
164434
779908
136501
120294
785271
792054
797904
804438
814303
821153
826456
UEUE
833082
79172
843040
851722
855657
863852
127962
115032
OAAUOO
142480
UIOUA
UIIAEEAAO
79589
814393
819818
821434
130781
107554
826573
EEIIOEEEO
801136
804825
807510
152926
175081
808524
130321
EEAIOUE
798742
136411
807156
812210
71467
814444
816386
822592
829706
EIEOIEA
821211
137980
829226
835716
AOUEE
831416
159283
833028
835228
844794
851605
164434
112352
UIOEAA
830966
179019
AIAEIEI
812950
108388
145833
143839
112746
192837
822410
831956
841820
849298
856541
863066
868019
877511
O
880028
882245
O
884429
88889
888911
131911
896629
898673
898813
UUEAUEUAAA
175986
IUAU
885824
886619
887309
127962
162103
IUAU
871754
873430
112244
876862
882025
891096
98478
EIEAUUIEIA
123877
149642
876237
85090
883789
105306
891687
115428
109684
893681
AIU
79589
123877
884956
102664
886240
895969
127962
98457
104053
905512
UE
883953
889252
AIU
AIU
137595
93040
881573
93040
128074
881937
137863
882852
889245
78115
123519
OEAUOE
860988
865444
121759
EAAAA
855330
132400
110369
155285
861468
865180
UAUIA
EEAIOUE
829612
831364
840619
IOUOIE
834651
EAAAA
817623
821460
828655
116942
830214
831037
837004
82889
840064
115258
846671
847666
855783
862615
95807
867722
EIIEOAAAOA
201806
137863
EIIEOAAAOA
129051
UIEAIE
106903
142480
835189
843170
204402
852376
859548
866656
133490
868429
873899
140122
876457
UIEAIE
171400
878691
884799
888904
895221
902017
159482
909603
126140
88889
142112
81531
AOAOEIU
896447
896571
AEIOAUA
EA
143200
95141
116942
864561
OEAUOE
866318
EI
132835
852778
IUEIIIIIU
833643
IIUUU
114850
114850
805802
E
159482
794571
802456
81531
803153
807107
IUEIIIIIU
IU
768037
776464
105364
781652
106903
152926
783402
IU
IIIAUIEII
EEAIOUE
756438
761862
769677
779275
786083
96855
794865
797946
807137
816686
OE
797978
96855
802394
810151
811649
817306
823309
149642
145988
831814
832967
833195
839705
146637
IIIAUIEII
174297
840339
AUEIUAI
840541
OO
EIUUUOI
815767
204402
100705
819453
824854
828494
EIUUUOI
834817
835995
842304
851433
161198
UOOEIUUOA
837142
171726
UIOEAA
AIU
829401
108820
119519
835111
112613
143200
106903
840869
95807
849305
OAAUOO
850558
155285
851910
855295
136894
859837
95807
864920
161198
100705
873520
883463
102963
108820
102343
891256
79589
145988
EIOO
178729
870525
131911
872771
876789
112746
143200
126996
EIOUEE
91246
868734
876181
135889
880166
886318
129594
895557
898232
905024
171726
79589
127962
914245
122823
EIOUEE
124462
OO
108820
887714
897400
898054
907417
909849
914813
UOIAII
911938
142112
913140
915480
102343
916638
920284
929727
165567
EIOUEE
98125
924147
925051
931549
935717
112352
938860
157802
942704
948300
108363
949393
140547
951679
960991
965839
71467
975688
EIOUEE
UEI
76840
150234
174297
977377
984544
986698
989872
126996
165567
135889
106903
995562
995744
1003144
125137
1006852
1010601
UAUIA
185793
994307
UAUIA
118348
994433
106457
996952
159283
129051
UEUE
206835
EEIIOEEEO
958304
159283
963361
114174
966790
EAAAA
114172
80803
962601
102343
964962
81531
149642
968032
UIOEAA
951720
129051
959223
102343
960103
962933
972341
UUIUOIOOIU
UUIUOIOOIU
955612
O
945231
948005
953863
963609
121367
967315
976077
979669
UIOEAA
82395
98125
963486
138836
122433
138836
159799
134350
969786
130791
977911
129051
UOEIIUA
963911
964605
968230
OIEOUAOAAI
961586
157947
88889
967009
55871
970152
127962
143200
977923
981959
119519
38213
OAOIUEAAOO
968167
91246
92898
976875
986427
990369
IOUIIAEIOI
155887
988480
988945
992849
997851
EIOAOOIA
UEA
970386
105124
975048
976451
979168
IUIU
OE
182049
OAUIOUUA
141142
105124
937475
UIIAEEAAO
920446
AOEIUO
902675
224344
906076
135889
81531
100606
908537
178817
149668
909629
915461
918079
922361
43376
AOEIUO
911363
914887
UUOIAOA
903691
908734
918050
140547
924594
930839
937910
942708
143200
91246
952105
OIUUEUUEA
133487
946639
947658
126678
957611
963836
966016
972269
UUOI
975485
119595
978828
105348
979723
110135
UUOI
980206
117687
138836
140547
AEIOAOEAAI
77025
967759
967915
143200
970809
976841
984162
106903
991207
991936
995417
150359
145223
UE
980891
OOIOIOEAU
965128
972589
979169
157947
982401
EAAAA
973421
982725
143200
984319
986391
988083
993970
137609
1003465
1009049
138576
157802
EAOOIO
986211
92898
123519
988360
IU
105472
122441
982406
IU
UIOIE
973123
114850
976984
IOUOIE
954096
961900
969197
971856
975383
189335
982741
EEAIOUE
968711
114833
974808
126318
OE
952962
122126
127801
959300
AOEIUO
934889
105472
OIAUAEEEU
122126
931318
937905
945261
UOIAII
934801
942086
UEO
132835
U
912460
123877
922214
932179
936479
189335
942320
129553
949626
105472
954136
114011
178002
OEIUOUU
951695
955758
961301
970786
101415
77025
971323
976139
135719
110135
976635
982556
148653
982630
122433
985375
985724
986832
139107
114833
996830
1004965
1014807
1020668
108820
112867
1026847
1029427
152965
OE
138576
87614
1016298
1024186
114850
138888
EUAI
UUOIAOA
1019662
146637
1022916
1028137
1033852
1041712
146637
1043254
1043671
124401
102738
1051599
117095
1051982
1059384
1063810
1064678
206835
IAIIEOA
1051926
1059743
1060656
111511
1069413
1076432
1083632
1086514
1095465
108820
1099716
UUEIOOU
UIOUA
1058615
1060265
119595
1066551
145988
102664
1069002
OAA
152357
106878
148653
1053574
1060923
1067934
118058
148562
1075810
135875
AEUU
237878
140056
76840
1061246
1066557
1070575
1070659
101415
1077992
163226
152965
UAE
UIOEAA
1050615
189845
EIUUUOI
187345
61191
1035279
1037560
117095
1041332
1047592
102738
127801
1054443
AEIOAUA
1026512
150880
1027347
1032526
125646
76840
1034668
114011
1042279
1047883
AEIOAUA
1047734
1049519
UAE
237878
119981
1031768
IOUOIE
IOUOIE
1026105
1027793
1030581
AAEAEA
155285
AAEAEA
1013331
132608
1016988
189335
1020184
1029153
122126
1037567
1038899
146637
237878
1048180
1051129
71467
204402
119519
1054804
108509
1062549
IUIU
1058418
1065420
1071623
IUIU
122126
EAE
1047898
UOEIIUA
126119
134386
1027417
1034920
1034948
150962
OEEAAEAEEO
EAAAA
138859
997914
999811
UAUIOOAUOA
992271
UAUIOOAUOA
994599
996863
IIOU
993867
1001957
1002083
IIOU
1008751
147485
194755
1011674
96309
1021338
1029106
175807
168439
1032436
IOOOIA
IOOOIA
120508
1009926
1018004
1018064
OEIUOUU
997774
154941
145253
999718
AAEAEA
122441
998951
112367
1006272
1012719
1015841
184823
OOIOIOEAU
122126
114850
989379
156186
991672
154941
IUAOOEIU
976607
165819
978808
104986
985640
988369
991709
995594
169078
1003333
100983
1005664
121514
1010645
120153
184823
1010892
121514
1018398
126756
UIOEAA
213532
1016123
139234
1020873
120524
150880
1020876
AEUU
155791
126119
100983
OOOUIIEUI
135413
OAAUOO
UUOIAOA
120490
974688
977647
206835
125453
147635
985993
995727
1001199
124781
1010313
IEAOUUOE
1003443
IO
OUOIOAOUEU
197194
195668
985781
AAI
EEOOO
IOOOIA
UUOIAOA
170297
UUOIAOA
893930
EIEAUUIEIA
880515
886172
152866
888599
129650
139234
888846
116352
891525
OAOOI
877301
882250
888291
893808
150296
896749
905298
913000
116757
100983
920568
923901
206835
929630
117840
108509
IO
907506
915341
UEO
917384
133782
919179
922333
152866
924689
178817
125453
924890
926885
934651
EIOO
UIOEAA
176430
150296
930188
122126
939878
942377
UUIUOIOOIU
146706
937653
AIAEIEI
932038
935363
199893
942637
948865
AIAEIEI
IIOU
932169
939630
940448
949397
170815
122441
953126
132182
953548
IIAEAAEAAA
116757
947356
954998
959284
961191
970933
192875
972620
UAAUE
969902
977982
979212
101415
983088
992179
996026
1003475
1008851
1011230
OAOOI
997783
1003354
1011182
165819
UAAUE
996199
212816
124555
AUIEIIUAE
991939
996522
1002416
1004453
132608
114592
1005327
130816
1010387
1011710
UEI
199893
161562
117946
1009330
1016300
138494
101415
UUEAUEUAAA
998616
999024
1006405
1014187
156274
1015435
1018208
1023145
132182
113947
161562
1032271
209985
148653
184658
117946
122126
1034567
166215
1037820
149524
1043424
UUOIAOA
UEO
87614
1016507
EIEUIA
1000207
1006164
1010148
140772
1018655
1020250
118331
156274
132182
198167
UEI
139234
1003005
1007048
1009624
1014611
149524
1020980
137567
140797
173416
118360
1028453
1034279
UEI
57270
1036237
1045266
154910
1049245
EUAI
1030634
1030710
147993
1038996
1044475
197194
96647
1045562
OIUUEUUEA
150880
171514
157688
1035613
146382
206338
1038150
1039741
1041450
118058
1048806
120959
1055192
1056820
1057086
1062465
UUUUIEA
IU
135719
1033256
1040545
1044735
143736
OIAUAEEEU
184984
UEIAOAUU
130816
1016080
EIUUUOI
1015741
126944
1021032
1021869
EIEAUUIEIA
153779
OAOIUEAAOO
OUOIOAOUEU
965592
974792
OIAUAEEEU
953152
962531
971216
975102
975244
979266
988022
IOUIIAEIOI
986306
989490
102808
IIOU
146382
988293
989463
209985
IO
989405
994702
994714
1003325
1009646
230131
EA
1006888
1012671
1019843
1022495
1026086
118360
93297
1027556
1035169
1043233
157688
1044911
1051074
1056763
1062823
143736
130816
1067346
1068532
134753
1074290
102808
1081167
IAIEEEOUEO
106878
1061162
85895
179757
1070198
112085
1073182
154273
151758
1073271
IOUOIE
1057212
1059526
205054
1069161
OAUIOUUA
70709
1057495
150359
155504
134386
108764
1067186
184823
1074062
127473
131340
166632
140797
1074514
1074689
1079108
1079747
1084955
1090563
119519
153460
176430
1099964
UUEIOOU
1096350
1098791
1100319
206835
1103509
116573
118058
1110358
1117604
168628
154273
140797
1121174
93297
1129883
202859
134386
1139101
205054
130816
126944
81531
85895
189335
1140533
180805
198167
AAI
1121223
147020
1127792
1130139
1132169
1138289
UAUIA
IUI
1119496
1122761
130575
1129966
1131586
1135494
1138397
1140990
1141945
115055
1150980
184658
140797
1153288
161562
EIOUEE
138681
1138055
1142441
132182
188550
184658
1150585
1153534
1157140
1158495
1159829
1162879
1166170
123867
193502
OUOIOAOUEU
143746
OUOIOAOUEU
157688
155791
70709
IEEAEIIEE
1121074
UUOI
165499
UUOI
IUAOOEIU
1081979
IIAEAAEAAA
154941
1064634
1073951
1076834
1077763
1082112
188550
OEOIU
1061772
204152
138681
1065286
184658
191244
132760
1066315
152915
149524
1068724
119687
182926
1074218
193845
1081932
126079
1085029
1094827
179757
IIUUU
OUA
155504
1077250
124781
1085283
OAAUOO
OAU
119273
108509
1056209
151758
171514
1057168
1064038
1069160
1071166
1080197
1087594
1090691
1094487
172074
156704
OAU
UEUE
1077827
191701
1079760
209985
OO
210046
89235
AEIOAOEAAI
1057317
1062503
193845
UIOUA
1054488
1063139
124781
UIOUA
1068432
1070618
1075862
1079230
IUI
1076181
147993
1081542
1082533
170815
IUI
1081442
166632
1091014
138681
O
UEAUAEIEA
99780
151647
1066418
123210
205054
172074
1073177
154941
OIUUEUUEA
1067686
IIOU
1058919
153460
1066012
1069452
143736
165499
1077601
1079178
1082462
1087500
1095752
1099750
1104184
1109783
IIIUAUA
1106154
UIOEAA
1102743
1104468
1112097
EIEOIEA
125192
184658
155050
1096219
IUIU
1074586
1083291
126219
1084937
127473
1085187
1086161
168153
1087416
149186
1095806
1098479
UEO
1092862
1096928
1101607
123878
IOUOIE
IEAOUUOE
1071863
1075427
1078006
124589
1084761
1091812
1092390
1099446
189335
1102778
131663
1108402
154804
1115041
1121851
99780
172074
193845
1123527
1128030
IAIIEOA
1111170
156704
150770
1111663
132760
1114017
1115309
IAIIEOA
168824
1117897
108687
1120826
1122291
144268
1131760
1140744
OAUIOUUA
EEOOO
1129499
126219
1136075
184658
1143541
124555
EEUUEEII
156704
116020
1129990
191701
UOOEIUUOA
91343
135769
O
IIIUAUA
1077797
1078656
1080372
1082557
175101
193502
230131
1087709
IUAOOEIU
193845
IO
126944
1060741
1066585
1076452
1082438
1088466
1091687
230131
1101549
1109906
1116009
EAE
1109490
1114198
UAUIOOAUOA
167363
193502
1091242
1091539
1093256
AUOEEA
1094327
OAAI
133303
OIAUAEEEU
1076413
1081896
1086883
126944
1089096
1093919
OAUIOUUA
UEO
171514
1075642
1078331
1085613
1095218
1098354
1106216
1111988
1121681
1123222
1131417
1137992
1141622
E
1113643
1114290
1122589
1126839
1129919
1135332
E
1141322
91343
IUI
IA
1093206
1101247
1106004
153844
1108289
93297
1111947
112157
1115601
123309
143272
126944
70712
1124182
1130507
143399
1132682
127829
168824
129738
70712
1138068
122149
1142859
124555
1143287
1152779
1154496
173189
1160017
1163960
1169978
1177363
1186418
155251
161669
177735
1194458
IA
1197509
156704
154910
1199455
1206527
1207761
160476
1213278
173189
210788
1214606
1224302
1225879
IEAOUUOE
1223791
1228422
1232940
144971
UEO
198096
149524
1217150
EI
77436
1206902
1216188
139517
176696
1224062
90038
1230526
209503
IEAOUUOE
1213743
1216555
1223561
1224639
1225937
1226309
1228110
1232694
197098
1237864
1238372
1243001
177582
UOIAII
1222775
1226269
1232321
1241042
132244
O
129639
126431
1218674
1222408
73896
1229375
1230851
1236401
1239198
1246755
191701
1256365
1262211
140978
143736
185612
1265353
190805
1267865
197098
1277683
105891
1280122
1286793
OAAI
OAUIOUUA
128114
1258998
1259378
1268407
AEIOAUA
135703
1269269
1278011
187701
1279258
1286510
1289264
IAIEEEOUEO
AUIA
178905
153972
185701
172351
1257709
OIEOUAOAAI
1256026
1258970
1266805
126944
1271572
150571
1276597
1277630
146382
IOUIIAEIOI
1268563
1276100
125133
1278216
1280437
1282177
1283489
143736
1287570
154910
OAOOI
1261254
137360
EEUEIIEUUE
1243375
1244006
1249045
172776
126944
1257992
168824
1260873
153972
147405
169781
1264300
1268381
1277078
1278724
1282456
1289055
172776
1298620
EIOO
1280405
190423
156901
161844
1288081
AEIOAOEAAI
EIEOIEA
170111
1239720
1248815
1253153
1261371
1264522
1264584
1265247
1266536
1266911
IOUIIAEIOI
IEEAEIIEE
1218086
1221263
EEAUA
172351
OAOOI
EEOOO
1172343
EUEAOUOOAI
184431
123451
IUIU
123451
1136946
1137942
212796
AIU
1141116
AOAOEIU
1125896
1127514
1134325
1142347
123793
1149555
93417
1154718
1156281
1165193
1174205
92798
132760
1175183
140410
193502
219543
132760
1181437
EAOOIO
178628
1178791
153460
73896
UEI
1174676
150388
1184262
135844
176684
191701
1186543
UEUAIUOIU
200916
1172199
1176300
EIOU
1149761
1153472
167327
206758
EUAI
1128100
191701
1131121
150388
1133755
135703
1135260
1140363
1144976
1149060
118331
1158336
182328
219078
UOIAII
1158397
168824
143712
209985
1162970
1164886
219078
152527
92798
129531
1173125
I
1168611
1174421
148204
172618
1183895
1187037
1192285
1202209
187701
173698
1210780
1218987
129150
139517
I
176684
123793
123793
169781
1225651
251290
136761
178628
1229542
1235856
229899
EIOU
1226693
73800
OAAI
1214514
126944
132760
147993
1216229
OAAI
1218930
1228759
1228852
1230104
1238580
1247081
1252306
EEUUEEII
1232970
EEOOO
159215
93417
1227454
125014
1233822
EIOU
151341
1210501
172074
1214484
196942
1216054
167327
132760
106787
146382
AEIOAOEAAI
1218372
1219163
AEIOAOEAAI
1219966
154804
1224788
1227020
IUAU
1218294
EEAIOUE
1196721
145458
1199754
199495
184431
118331
1209443
EEAIOUE
1213120
UEO
UAUIA
211796
1188717
1195787
159215
1202864
1203808
OUIUO
1208162
IIUUU
1203705
1203797
1212312
1212649
AUEIUAI
155251
187701
1204625
1205100
1206804
1213794
1214845
1215686
1215711
186236
213246
1218698
130779
176696
I
1200997
1206081
1210488
1220486
1229976
1237215
1242222
124243
1246418
1249355
1258613
EIEOIEA
1244909
1250278
1253291
219543
1255060
UEO
1237566
160747
1245108
193570
125014
1252610
1261321
OOIOIOEAU
1250301
1253128
135839
UEUAIUOIU
1246296
AEUU
159854
193459
1228795
117763
155251
1234963
155504
OE
149300
UUIUOIOOIU
1214890
1224729
1232729
163128
1233251
139456
EUEAOUOOAI
1231535
O
135703
1230289
1235099
151617
184656
OEU
195470
82136
177193
UOIAII
1203838
120302
1206834
173698
1216683
1221090
1228270
1237129
1245634
1253289
152147
EAAAA
1241136
1242111
EAE
IIUAEOAEAI
126944
1200990
193459
1201783
1208394
1218156
205965
1225224
1228356
1235667
1236960
OAOOI
UUI
196058
184656
123793
193459
132760
OOIOIOEAU
1208549
1213892
227566
1223640
219543
1227139
214270
1236413
1239947
EEIIOEEEO
157727
127176
1243238
EUAI
177193
1226749
EEAIOUE
1203542
UIOUA
1200639
263862
1200967
1204418
UEAUAEIEA
129531
1183103
168824
1183959
1184281
127111
106787
1191102
170256
1193533
UUI
106787
1178592
1182856
178079
183993
135703
170256
1191053
1196591
1201629
1207889
1216147
133669
1217742
OAAI
159987
1196922
216216
1199727
1203763
1210364
EAE
1215449
1220310
106787
228061
135844
1229093
136135
1235689
AIAEIEI
1230363
UAUIOOAUOA
189005
1228863
1238151
1243472
133668
UAUIOOAUOA
126944
98069
159215
213246
1241074
1246076
127176
1249113
168921
1252007
1256358
97185
1264549
OIEAAE
129066
162012
183993
1259198
1261229
155251
1262599
170543
155207
181099
137008
211953
1270053
U
1262150
1267876
165830
1271055
U
206689
IIIAUIEII
1253572
162012
EIUUUOI
OAA
1196875
1197251
1200678
1201950
1204824
1209598
1214105
1215848
1217995
132249
184513
83679
1226256
1230410
196058
UUI
211796
216216
1237226
EIOU
1219677
IUEIIIIIU
OUOIOAOUEU
193915
1207885
136908
169144
1216016
129531
137008
1220149
178459
1223215
1225713
1230029
EIEOIEA
219543
1205866
1209620
1209714
230109
157463
87484
1216349
1224584
UIEAIE
1215449
1216639
1225619
223277
1229522
EIEUIA
1204804
1208541
158371
1210029
157463
1216514
197580
OEEAAEAEEO
1194469
OEEAAEAEEO
1170204
1178885
229421
205288
165499
1181593
OAUEEEA
1157615
250966
1158731
184513
1160721
219543
1170066
1178549
183993
179750
1183196
146382
1186748
1193000
EIEUIA
1188541
155177
170095
1196914
132249
IIOU
139456
1189155
1190040
212584
1199865
1202471
124908
1208855
193915
1213050
117763
1221553
1229940
198888
157463
UOIAII
1214224
IEUOOEIE
UIEAIE
EAOOIO
165112
1170787
175821
1175882
1185768
106787
1195152
171574
1202480
1202873
196721
1209722
181099
AEUU
196721
206689
1195949
1205741
144962
1215655
1219536
1221893
1224473
1232305
1239305
IOOOIA
1242344
185094
106787
UUIUOIOOIU
1234536
152274
1244331
159643
UUUUIEA
197580
1235661
1245003
1251769
155105
1257214
1259591
139437
165112
1262473
1265284
1274614
1279642
136202
1289623
193915
1296173
EEUUEEII
EIEOIEA
OOIOIOEAU
235256
EI
1225006
1233897
263862
146621
AEIOAOEAAI
1208583
1215781
1224885
211796
1227794
236629
140752
1233982
141014
1239798
1248609
1251839
1251891
AEIOAOEAAI
IIAEAAEAAA
1225303
150266
1226191
IIAEAAEAAA
129455
152904
UIOEAA
88718
1217156
196461
1221958
118803
IUAU
1212751
1212965
1220870
162392
IIAEAAEAAA
1213384
1213625
IIOU
195514
1202545
1204714
1208676
1215603
1222613
1225272
98069
179750
196461
1233405
1234877
1242252
1249831
1255516
1256713
EAOOIO
1243296
1248925
194600
135685
118803
216216
1257374
1264532
1274333
146455
1281714
1285985
1295809
167965
1298446
1304334
1307838
1314256
UEIAOAUU
1292116
1299766
165830
UEIAOAUU
158371
1304989
1313868
OUIUO
1301593
U
IEEAEIIEE
1277231
156012
OO
165439
AEUU
185094
1271903
219772
1272946
186010
1280430
1285622
1291745
1301431
1305733
1313171
AUOEEA
1303688
1310776
1314489
EEUEIIEUUE
1296951
200811
230109
170095
1303326
1303476
147742
158742
1310700
1314342
230109
154078
1319293
1326626
186262
98069
159611
146455
213502
138264
146382
223590
1334939
206689
1340379
1345759
1348737
1351253
1355275
88718
156012
1356864
1358117
1364568
1371434
174920
188851
154078
1371884
1381330
1388399
1393392
OUIUO
171508
1396873
118803
141014
IIUIU
1380529
1388367
186262
1391453
1398396
231851
1399542
1402761
158371
1406341
1409200
1411880
212623
1417742
1424979
171508
1431907
194625
1435040
219543
1443900
203838
213246
1444050
190224
154078
126944
1451553
1459939
AUOEEA
1454191
1457380
IEEAEIIEE
1452951
170095
1460561
1463065
1466903
1468028
UOOEIUUOA
UEAUAEIEA
146677
1434927
OIEAAE
1421758
1423115
146677
168636
1425573
144209
1428938
1432960
190178
1437784
1440908
1448046
1456837
1463747
OO
AEIOAUA
1439047
1441759
1445610
188851
1453346
1454025
AOEIUO
1431813
230109
1439679
AUIA
1417652
1424938
1432449
1434174
AAEAEA
141010
187721
1416972
198888
138264
1425558
219543
1434223
AAEAEA
196400
1438739
160529
IIAEAAEAAA
1424134
1424178
EA
171508
1424898
1431504
131754
150336
1435231
1442716
1446380
1451516
138264
1457940
178543
OEOIU
1446266
230109
1454519
1455937
1465030
198888
197580
1466788
1472151
188851
1474801
1475900
121600
1475986
UUAU
186010
UUI
1471788
1471982
OEIUOUU
EAE
AAI
1437113
1446766
1447059
IUAU
1441575
163255
IUAU
140912
1429163
217215
153857
IUI
1426453
216216
99362
1430010
1439045
1446180
AEUU
1448039
1457523
1464811
1466882
1467178
163098
AIU
1454383
1460554
1462990
1464491
IA
184759
1447869
1451631
1454941
OOIOIOEAU
OAOIIOAAI
1435785
1440141
IEAOUUOE
1433589
EIEOIEA
1431081
104532
147839
1433016
1434926
EI
179273
1425646
EEUEIIEUUE
143325
AOAOEIU
1407685
173738
154050
EEUEIIEUUE
1391663
167525
131484
1400785
1408980
163367
151516
91523
158863
1418738
204598
1419034
1422843
218271
1427807
1436346
EIEOIEA
1421267
EIEOIEA
EUEAOUOOAI
1407917
EI
AUIA
194625
1360412
UUEAUEUAAA
1350216
162392
113770
OAOIUEAAOO
1354796
190224
1356150
1357788
1362287
166389
1371486
1374663
IIIAUIEII
1371494
188851
240710
1372656
1375499
1385064
1391618
1395924
184759
IUEIIIIIU
104532
173738
180801
190224
1388157
OAAI
1375672
217591
212623
1377414
247791
155779
218170
1382990
1385064
1390877
104532
214552
1399212
IIIAUIEII
1382936
1386820
1392973
171450
1399530
1406307
155779
1408288
EEUEIIEUUE
OEAUOE
OEAUOE
1394733
1396825
IO
IA
182339
142300
1386094
1392979
UUI
1396797
1398640
1402396
UUI
1400425
1407677
1409621
139954
99151
1417204
IAIIEOA
171450
212623
1406976
OAAUOO
1402062
142949
1404998
1409784
AEIOAUA
162219
155207
UEI
140912
173738
1389511
1396784
1400298
AIU
184708
1393349
1395203
1398231
1401086
1401451
E
1389415
1393399
1402074
IU
1393588
1402424
1406625
1413083
135607
EIOUEE
UUOI
1381244
257616
177494
162202
1386706
152916
146455
197358
153443
UOOEIUUOA
UOOEIUUOA
EI
144271
1356537
1359512
1361417
1369669
1372530
1375603
1378251
OIUUEUUEA
1372521
1381321
219772
1386584
186114
1392661
90057
1400245
OIUUEUUEA
186114
1399263
250966
1407984
197635
99151
154050
1409662
1414751
174064
OAOOI
1390875
162219
1391613
185541
1392578
1393774
1395620
1399084
177494
266239
1399664
206794
EUUIIEA
202923
226658
174064
1394478
1402312
EUAI
182648
1381593
1382059
163367
1385924
1395063
182648
206794
1397729
162219
1399886
1404983
173917
156512
1410162
1419226
IIOU
177494
169874
181144
1413825
1419595
188851
1426878
1432783
104532
99151
1434665
106209
155044
1437149
1444160
1445376
206794
1455147
1464697
AEIOAOEAAI
1463863
195892
IIUAEOAEAI
1459219
192896
1465982
AAEAEA
1459998
163098
1463690
IIIAUIEII
1443358
1450005
1455367
190133
1458097
1459335
OAA
1457678
OAA
213015
218039
154078
1463693
1473259
218170
1478007
1487359
IIIUAUA
1486947
U
AUEIUAI
1441070
179926
197635
1449077
144959
1451843
1454959
177871
1457426
1463761
147328
1467276
196856
1472473
UEUAIUOIU
1447140
106209
147328
1448156
1456592
1456721
1466375
1473419
1475173
1482898
1483801
UEUAIUOIU
113770
236629
106209
1488926
1496954
1502933
142281
172922
1503162
IUEIIIIIU
163367
1482848
1483678
1486344
1489182
1498901
IEUOOEIE
EIOAOOIA
1489915
142281
177871
1497761
1500251
1500359
169874
EIEUIA
177494
197635
UEAUAEIEA
UIEAIE
181434
206357
1418959
AOUEE
1409510
192896
1410540
206794
AOUEE
1411228
1416528
113770
155044
187562
OIEOUAOAAI
113770
222790
OIEOUAOAAI
1393715
1396509
1402943
200811
1410701
197635
1413011
UUI
EIOU
236629
1384031
200811
1391666
EIIEOAAAOA
153443
1376331
1381595
258955
179926
1384585
139850
188851
IOOOIA
1368265
1372894
1380175
1383521
137752
1384339
1392322
1400329
1402498
1403850
1408533
203829
179926
1415965
1424310
1434126
211953
1434895
170899
1441169
1442181
1449484
199605
1457666
1464427
153087
1474370
192896
1474413
1484084
199605
1493726
1494331
1496591
1501835
1501854
1510103
1515117
1519419
EIIEOAAAOA
171166
1510236
1518013
178158
162388
1523478
148466
1524870
1524909
173439
UE
1515864
160881
210530
1524168
1530766
IIOU
IIOU
IIUIU
UEUE
1473966
140912
179926
1483277
1493156
1498478
192896
146455
223782
100334
1502258
1509115
1516672
1524134
181235
1528954
1538612
1541567
189500
1542647
1549298
1557129
1562796
206357
IOUOIE
1557281
184167
162628
1564420
234782
194983
1573947
1576493
1584471
180801
1590545
1596326
246075
1602524
1607666
1617174
1621852
UUEAUEUAAA
175587
1603482
1609492
221862
1612144
EIOAOOIA
1592240
1596160
1602690
1608585
1608879
229458
1617997
93190
177302
204243
1627493
1634182
1639018
1648295
181434
1657212
OAA
1644485
1652003
184617
250966
100334
1658391
153087
OAAUOO
1632359
1636863
EAAAA
1628018
1632590
168786
1637709
204649
1639087
1640705
144271
194983
1646142
191403
136416
1655348
1664511
1665594
1672149
1682038
1682475
199484
1689393
219958
1690258
UAAUE
93190
155044
196095
UEUE
1646446
1654796
1656094
194983
246075
UUI
1651232
1654048
1659298
1661120
1666141
1675745
1678238
1687908
1697406
1703169
1713011
144209
1715122
180584
UAUIOOAUOA
1701112
1706393
1714380
1714536
178311
153087
256931
1719036
UAUIOOAUOA
206357
272207
EUEAOUOOAI
1713998
UE
112895
1703477
1703569
1704421
1707184
1716784
1723398
UE
1723256
1731631
1733707
239680
1739464
202147
1746690
191527
1750897
1751867
1761750
153443
230109
1768092
1771503
197597
178158
OEAUOE
100476
U
170953
IUIU
1734570
OEIOEIO
OAAI
1691241
1701148
UEA
184617
162324
1700876
154531
1703464
1707727
205335
1715715
1720464
1729295
1732356
1733049
1739084
1741606
102878
1747035
100476
1748555
162866
1754702
1762097
258955
214552
1764948
1766581
1770072
170953
100476
1777940
160302
1784205
203829
1786329
1796162
1796445
1800195
UIOIE
1773033
1780802
196095
212623
1784218
UIOIE
185392
1790912
1791148
1793814
1796420
1799580
234782
1801114
1803760
189500
178311
189387
EAE
166491
1803286
149105
1804654
1809911
1810927
1817077
1819681
1825059
1827597
1828165
EAE
221657
162324
1829850
1835665
1836335
1836853
1842119
154531
146397
OAA
204649
1822941
1824288
1833136
1833663
1834819
1842011
197694
1846009
OAA
204243
139850
1851875
1859032
1864106
1864142
1866850
1867929
1871357
1874737
IO
184248
1851107
1853932
191752
IO
1852688
1855729
1863900
1872666
1880029
184708
1881832
266243
153924
1891013
108587
1892544
1893408
1896938
1903844
1906413
UUIUOIOOIU
197597
218039
1899389
1903614
1904951
229458
1907599
168786
185392
1909637
177135
1914669
148562
240710
IUAU
1896837
1903274
1909157
204649
1916176
1923808
1933580
183770
174857
1936111
IUAU
1938922
1939945
177135
1946807
1950983
214552
1959693
OEIOEIO
EAE
197739
1938474
1940806
1945960
A
1933306
OIEAAE
EEAUA
1911327
179161
1914062
146655
IUEIIIIIU
1903806
1910318
1911579
1918142
OIEAAE
1895178
163578
1897897
1898189
1903728
1910550
1912981
1917208
195384
1922518
1922994
1930643
IIUUU
189588
207259
1923113
1926570
184940
1928328
119948
181141
1935942
1944126
1948447
192315
1958227
273306
196236
1963895
1967650
IO
148829
1957401
151685
229744
1964715
1970533
205117
UAAUE
1962123
1969750
1977313
1978842
189588
1987011
UIIAEEAAO
1978770
162324
201048
EIOO
180292
184248
1972142
1973260
1975991
197635
EIOO
1982605
1988784
1996336
135607
1997183
2000702
165934
2003942
238948
155044
2007430
2010707
139850
2010882
2016571
IAIEEEOUEO
2016250
2025118
137558
224379
2026829
119948
U
187126
2014548
2016197
2020284
2030103
197635
2033193
2035299
2041376
2048188
113165
2051934
AIU
2052059
170953
2061796
2071526
