0
3219
4235
OE
0
3025
3292
3219
0
0
6400
0
0
0
12125
15832
24018
27476
27975
0
0
29903
31218
UIOOOEAOAO
0
24632
UIOOOEAOAO
0
25020
0
AOAI
5084
UEUEIIA
5689
IIUOO
3707
11046
0
AOAI
0
14807
3458
A
3458
0
8693
15503
24494
27970
AIOEO
OOOAEOUAI
0
0
0
9680
14240
24108
26873
0
34911
36273
40796
46831
AIEUIOAO
26876
32530
0
AAEUAEEOIE
0
UIOOOEAOAO
267
UIOOOEAOAO
8599
EOAUA
0
5746
10053
14362
20394
EOAUA
EOAUA
19705
0
0
21908
OUAIE
12386
U
UIUEA
UIUEA
0
UIUEA
9888
0
17737
19840
1484
26891
EAA
14174
0
9432
II
3476
5725
II
1897
5182
7101
0
IOOEUA
12806
16781
0
AOAI
0
0
18836
0
1553
26675
28809
38366
IOOEIOA
34557
0
41071
IOOEIOA
39566
7447
E
0
22572
10631
26680
0
29716
0
35423
35456
37375
0
0
45572
0
2532
0
IOEAIIE
21145
23919
28846
35097
0
38924
44857
48394
3285
0
48594
1928
51538
IOEAIIE
OOEIAI
22096
UIUEA
0
0
11722
21718
29244
29579
0
30939
32302
40976
46032
47452
0
2378
48150
0
48699
54291
62683
UUAEUI
0
44586
0
45679
7550
53040
61473
70268
72272
79098
86167
91672
100979
3219
EAOUI
9557
0
94687
0
99810
109091
118529
0
125218
EEEI
EI
91053
10631
96196
102922
3566
109849
112058
3219
4307
120841
127844
0
AIOEIIUOIE
0
108159
111341
0
112921
0
0
115390
UOIAEI
98812
2378
103332
1919
107641
0
1420
7361
116597
120174
UOIAEI
AIEUIOAO
124575
AUEIIOUUA
0
1928
110168
858
1321
0
0
117077
0
AUEIIOUUA
121715
2004
122735
AUEIIOUUA
128243
131217
7526
0
0
135026
0
AOAI
IOUOAA
120415
9307
9361
127929
1919
135155
138719
141450
3827
3458
144560
1315
147107
0
154420
156312
0
165224
172911
5725
0
0
174758
175643
0
28380
176694
180099
0
189209
0
198919
201482
205355
1919
207225
OAIUOIUAEO
198816
204262
211924
0
220628
228025
229056
230781
231616
239080
247062
0
250573
0
255422
264449
5090
265071
266040
266998
272932
279659
286193
UEUUIOA
276628
OI
267244
UUI
IIOAIOI
9996
243765
OIEAIIAOI
244286
250981
253381
0
0
267
4307
259834
5090
UIOOOEAOAO
237617
240599
243396
0
248608
0
258143
30807
263921
14000
270447
275587
277197
286590
291076
298672
304507
U
301930
306934
0
IUO
284395
5725
4560
288986
2378
0
298824
305696
UOAUEIAAA
0
0
292259
298442
17944
9500
303636
858
310095
9996
312333
319947
22105
0
UOAUEIAAA
3285
1321
858
0
16029
323010
0
AUIEAIAO
313510
318247
0
323306
549
329613
OAAOUOU
328972
333323
16410
0
341124
346976
0
12760
352533
10263
3110
UIAEO
0
328461
329755
9871
334142
338983
342340
351969
360167
369459
4309
14850
378686
5090
383259
0
384371
0
UI
12760
1928
381685
1475
6251
385567
390389
393973
402528
404321
4560
404945
409004
0
EAOUI
9710
391686
399746
406420
407124
407519
IOEAIIE
0
0
382215
8736
386163
391198
396510
IOEAIIE
401886
OAEAEUEI
391560
IOOEIOA
UUAEUI
0
359755
362910
370795
379703
387103
391088
391832
399127
399223
EAOUI
390599
IUEAOEUOA
0
IUEAOEUOA
IAEOO
16061
2004
348147
351205
354008
IOOEIOA
344948
351781
360904
12892
368554
12892
0
A
374376
UIOOOEAOAO
356341
359602
OA
341379
346903
0
350837
0
354596
EUOI
340198
348028
0
0
350260
0
9500
OEOEO
327697
334286
337970
338993
347911
28380
357893
364791
373417
UIOUUOE
363529
7328
17416
3476
365562
370901
17296
UOIAEI
367572
375146
384057
885
388037
200
1321
392226
400693
407163
414064
8683
419941
428330
432842
UOOEUIIAU
420971
424411
0
434196
0
17885
12554
440247
442919
3577
9500
451179
12554
454220
0
460537
460744
0
470461
7953
470604
8095
12554
23447
476856
480207
7953
OIEA
IOOEIOA
469577
470816
OUIAI
8095
0
460291
0
UIOO
436612
441797
442154
446754
EIIOUE
445553
454391
0
457213
0
1475
EIIOUE
459222
885
462399
5140
1475
471908
8914
477943
486253
494340
5143
500033
505008
512281
514037
15623
519451
522898
0
UEUEIIA
496950
11092
UIAEO
21835
484347
484893
6927
485692
13154
487360
AOEIEIE
5626
EAEAA
8956
17298
6501
476754
9500
5143
478997
969
486085
488135
3577
6170
EAEAA
484129
492588
13258
0
499590
500808
507754
2209
6170
508998
517708
522179
523931
530020
530643
0
539052
IEAUE
UEOAAE
1580
UEUEIIA
483221
485031
485183
5140
490487
UEUEIIA
6170
496137
503574
512175
521353
522848
UEUEIIA
UOOEUIIAU
8422
513159
2400
519641
0
7110
521402
522195
531630
539199
542187
545178
547440
16982
0
4309
552141
553884
561846
OEIIUUE
1919
541136
548283
549520
4523
6316
335
OIIEOIOII
533718
536487
540910
IUAEEO
539634
9838
8095
548399
554753
10202
17298
10348
IIAUUA
560964
562857
AOEIEIE
564943
569398
569557
3285
571453
578813
580716
585506
5626
3476
592053
16982
601339
14645
605993
614672
AIOEO
596520
598020
13516
607846
0
614824
615760
0
617038
7953
OEEUAUAOO
1051
AAUEEII
0
568101
572413
578563
OIAAEIU
9833
579402
UIOO
IUUEEIIEEO
562547
EOAUA
15049
EAA
534482
542073
546626
6035
26352
547770
549040
558921
0
566475
7758
569526
11646
578200
585461
9974
0
590143
14978
591018
A
572511
578327
28990
19363
581527
0
589955
599779
601724
A
6872
5626
600507
0
9785
9838
IOEEOUU
576951
335
586091
593524
6251
3914
9557
0
9868
596707
605333
19363
9500
609116
611641
613284
613858
620692
630235
632893
9933
640605
641255
UUAAU
28990
UIUO
619220
UEUUIOA
614872
1258
0
616546
622017
1020
627897
11092
633705
0
637538
14978
646396
9833
OEAOAOIUO
19363
641923
23028
646617
10947
656544
661637
3865
671344
672759
UUAAU
1258
O
644746
0
9785
AUUOAIUAE
0
21598
639485
642333
2731
647833
0
657033
10076
5603
14730
14978
AUUOAIUAE
IAOUIA
0
AEUUOA
9868
610125
619504
14730
625549
628454
9785
7758
33282
638242
646654
649242
6909
16113
34318
650698
3476
0
659973
664093
11782
668353
12059
0
675709
678816
682722
36308
0
685838
AU
674654
0
AIUAOA
21598
669672
2199
676337
9873
679420
8422
681506
UEUEIIA
680292
684321
5143
22426
0
687625
6035
UUI
662828
AEUUOA
648850
OAEAEUEI
632805
2199
19363
IUUEAOIEEO
610363
3003
612582
EI
598823
608692
609771
0
619740
7681
628700
34318
632334
637779
8520
8710
638220
641260
10054
12198
14978
UEIOU
14762
4523
UEE
610896
OIIIA
607229
615496
OIUUEAAAO
OOOAEOUAI
581345
28380
11442
10833
15623
18297
UUUAEIE
OIEA
557725
3577
19556
563029
569300
6172
8095
575242
9159
583812
0
593531
EEEI
572108
2065
581932
AIOO
561929
565760
571963
577967
586419
OUAIE
564850
6035
9873
2065
566031
567822
21598
31211
10076
23452
570571
571643
13955
11442
572743
3784
581591
IUUOEAE
573322
579272
6599
32435
4455
13710
580466
587642
597085
606912
OUE
612291
619609
625503
626798
633945
637239
6357
639099
34318
17813
644876
UAUIO
634597
33282
640379
3577
39296
650261
24471
OOEAO
650522
660142
665288
667672
672353
EAAUUOA
673589
UUUAEIE
34448
665370
666335
UEUUAA
652616
657423
18922
662241
665608
675401
8095
14730
681652
9833
687869
689530
II
679087
30111
685994
11716
691717
691806
693252
EUI
11332
43978
673724
1420
675954
680867
683246
IIAUUA
684595
33910
IUO
OAIUOIUAEO
652739
OIAOUAAU
634191
11332
637442
645730
650294
2065
10076
658203
13591
661374
670852
32202
672113
OIAOUAAU
AIOEIIUOIE
666669
2199
670895
OEOEO
21835
661437
IEAUE
9500
10054
643641
OIIEOIOII
636598
7681
10619
641195
13062
641248
13097
648429
657090
662474
665396
13097
669799
671162
19200
17906
678080
43978
19829
687386
693127
702065
711864
712502
13993
19829
10473
19556
722339
724180
UI
8803
708176
715823
720186
EOAUA
4801
UIUOUAAAIE
33
OIAOUAAU
650851
658833
662560
18273
UUAAU
35638
AIOO
656663
AIOO
661830
14798
662486
0
668763
14063
674646
6234
682989
IUAA
9500
683808
685708
694053
696381
702029
710814
720409
728819
13591
8317
731927
14894
740571
740814
21396
745314
9873
10076
749295
EIIOUE
740107
745979
1420
751494
753872
33282
EIIOUE
757812
1420
763079
14894
771205
773632
33282
781772
783138
788031
796877
21396
802625
22422
808296
815555
7627
14564
820239
820507
15414
822040
13591
824551
825017
831026
834355
7425
843051
25642
850431
32202
UIUOUAAAIE
842903
848339
853516
3453
854262
863272
872794
15414
11465
EAA
847794
850853
9873
853841
858454
863109
13137
EO
19243
15009
UOAUEIAAA
824667
832126
29822
25898
28990
E
828306
37948
830506
11939
21232
19556
12767
10619
838214
UEUUAA
823707
UI
805875
808482
809912
818584
828153
24818
830628
831264
8956
UI
25917
OAEAEUEI
IOOEUA
820109
826987
12858
830549
38823
832888
837613
22422
IOEAIIE
841537
847765
13137
UAUIO
846980
UAUIO
855822
859066
35638
17390
11939
866893
2065
AEAIOAAO
14063
OIAOUAAU
16675
22422
840498
844244
OIUUEAAAO
822478
823275
825845
826268
10473
13907
835843
839211
32700
840620
842300
13993
IOOEIOA
838964
839823
IIAUUA
825784
833909
837611
840873
845850
AUUOAIUAE
842482
850485
32700
13258
EIAOAOI
842792
848247
856391
860651
7425
864825
869588
13516
8956
12522
879541
EIAOAOI
880106
886584
892971
AAIOUAA
11366
883931
893187
8803
895321
UIUO
873221
UIUO
878127
15009
882660
883598
OOEAO
864303
869674
15005
872172
877056
OOEAO
879080
OIEAIIAOI
861813
869810
879447
17487
23021
20767
885602
890388
894220
898709
902196
10054
13591
909132
AIOO
900101
909891
24818
8317
AIOO
AOUIIAO
UIAUI
OAAOUOU
13998
886742
44148
25759
892084
901573
AAEUAEEOIE
890414
23882
891899
13591
898465
26883
904732
909184
911553
912978
II
894166
899070
900135
901580
33828
908347
916426
920389
23527
33767
921637
10747
8710
930568
IUUEEIIEEO
921554
927315
931603
938215
26661
941124
941477
943258
19285
UIOOOEAOAO
928349
932851
21835
932947
UOAI
32347
915234
918394
924809
932562
940848
945081
24963
950226
12858
958086
OIAOUAAU
12315
14063
941078
15009
20767
28846
16131
950428
12522
AOAI
12827
943556
42634
AEUAO
6820
25227
919224
919664
920707
924905
44148
13591
933933
20327
938880
IOUOAA
913131
AU
892897
893228
895048
901356
13516
9873
905314
913816
916191
919733
929099
937811
943177
14775
949508
950937
19285
14775
960276
16396
962591
964143
43109
5140
973386
982700
18426
18297
987662
989631
13516
997040
IOUOEIO
990323
995097
15005
997945
1003005
AOEIEIE
7214
988872
37826
991647
20910
996048
11533
AIEUIOAO
27005
33240
13516
23612
OOEAO
25227
UEIOU
943451
18785
946046
33668
950063
957514
963326
45265
44212
UUAAU
947000
10893
OIIEOIOII
939556
IUUEAOIEEO
919396
11533
923188
OAEAEUEI
910397
912630
OAEI
3784
901382
38199
AII
16597
43109
878091
884149
12646
890191
26661
894755
894821
41233
904237
904764
910388
919984
18037
926188
930195
OEAOAOIUO
OEAOAOIUO
914967
UEIOU
890320
28916
898873
IUO
AEAIOAAO
884329
15304
885469
891433
892374
36826
896819
46472
40283
903029
42634
909528
910711
911328
916101
23021
919338
EAOUI
EOUAEA
AOAI
854675
855085
861381
868452
875334
878136
883371
884738
UUAEUI
879555
888727
895163
901848
39724
15654
20327
9785
904821
907580
908940
913875
36826
917395
38415
OEAOAOIUO
6234
25227
890621
900063
24114
32435
907225
23332
11332
24151
908195
26883
916020
10136
922692
20390
43932
39724
930743
UEUUAA
UEUUAA
921119
IIUOO
909116
916960
919851
929723
937835
940877
949423
20327
950339
955373
40012
957574
960974
966737
967251
973187
OA
AIEUIOAO
24307
17812
13722
39678
9611
941362
42634
942340
44148
44601
AIOEO
924340
48947
37826
6234
933827
EI
10529
920753
36826
43968
8489
IIOAIOI
897630
902705
26661
21093
40446
23903
909718
917464
OAIUOIUAEO
900465
906232
912144
919303
10529
928651
936830
938371
21835
940837
946063
950895
UOUIU
IOEEOUU
26883
935280
5583
935386
21835
AUIEAIAO
UOAI
UIUO
882665
890473
892377
895351
895686
898576
AEUAO
15005
5522
881681
38415
30143
IO
5140
AOI
855941
14200
857977
866806
35638
868707
874551
EUOOU
UI
EOUAEA
828909
26883
834089
837489
846257
33100
847617
21466
855228
861983
866621
868694
51087
48947
31139
15304
873667
OI
856557
42634
20085
AIEUIOAO
849362
850068
OAIUOIUAEO
OAIUOIUAEO
824413
OEIIEIE
798727
808172
15219
19957
810875
814217
UUAEUI
15009
64200
802808
27884
805282
UUAEUI
813772
818583
826976
828973
830804
840568
845787
847283
UEUEIIA
850994
26883
859042
864038
872328
879861
23993
AEUAO
AAUEEII
836326
840499
849139
5194
852678
3784
20085
OAAOUOU
11533
833769
836531
838151
35638
48650
839154
29999
20390
845774
48650
13634
854919
859982
867569
32386
46645
871421
876174
AOEIEIE
62252
859301
866049
34805
IAAIAUA
864238
25852
22825
UI
848843
22287
854867
O
19872
847806
853387
33295
862012
870212
872863
AII
868092
21677
870253
876821
885639
887406
19612
AII
894742
899973
900931
15009
21757
48650
UIOOOEAOAO
OIUUEAAAO
873857
EUI
871693
20767
874688
879040
32666
885665
46168
26883
888171
10529
889981
19957
OEAOAOIUO
5140
887768
888973
OEAAEIAOEE
26883
875079
883120
884914
33887
888626
894921
OEAAEIAOEE
OIUUEAAAO
892769
898958
902587
UUUAEIE
46297
881650
886475
893156
27884
48947
900431
900909
IOEAIIE
901003
903599
25217
46297
903875
UEOAAE
UEOAAE
18037
883896
889568
895605
902353
UIAUI
EEEI
880667
885513
891867
OIAOUAAU
877133
33477
883755
26934
891307
892540
897449
AUEIIOUUA
872392
34383
IOEEOUU
II
10529
21466
838863
847752
849983
37826
33517
36365
26661
853955
II
59389
856994
862371
EUAIOOE
844984
851081
851194
858944
UAUIO
848296
32427
856109
856709
47135
19957
864623
29730
868729
871550
21757
880493
882485
889645
EUI
872985
3784
18242
875920
21677
885811
891025
13998
893457
OOOAEOUAI
24475
888083
21835
889472
898221
26661
11533
OIEA
IUUEAOIEEO
878048
881017
20973
39548
18037
48112
44364
35494
OEOEO
2315
AOIAE
AOIAE
22287
848580
5194
853000
35494
OUIUUE
EIIOUE
EIIOUE
832792
834221
38819
837499
IO
UAIEEUIUU
805519
21466
19658
31937
807861
817239
824867
16052
30323
32699
34814
828473
829721
UAIEEUIUU
825554
20086
830444
838231
844387
846477
29730
26293
OUAIE
837561
845777
854289
863650
873610
25227
21466
31091
26293
OOEIAI
869845
869889
EUOI
864995
873100
20767
EUOI
19634
870676
21093
873911
879158
881329
882882
888235
895202
28936
AIOIIAA
39548
886414
35484
887077
889858
12377
893769
901167
905517
915252
923029
25350
932567
48650
940176
947702
948376
12377
954356
960291
967068
968805
41687
971051
55302
IAOUIA
44212
31091
947458
21529
IOEEOUU
942532
951360
36365
951579
AIUAOA
946801
AIOEIIUOIE
945628
39548
UIUEA
948374
951980
955731
44720
964574
970632
971727
UEOAAE
42634
967141
42616
973964
980377
988768
IUO
7411
37893
OEOEO
IOUOAA
942466
944757
951887
AIEUIOAO
32427
938161
938782
943871
947448
26001
39724
34383
952766
962128
970713
IIUUA
953221
33887
42616
959244
39724
963777
IIUUA
937887
939624
33100
948346
22287
29461
955975
956262
965047
44191
973665
44720
975959
982498
34911
985035
39548
22826
31937
990227
EAEAA
34497
973160
20767
36754
EAEAA
981787
EAEAA
979899
980344
985555
OEOEO
OEOEO
34936
958696
966847
972829
982555
14542
19607
990444
45397
51883
995920
1002589
1009551
34383
28936
A
983320
44720
33526
44720
991869
1000598
1010003
1014086
1020908
1023620
1028623
32427
31814
48642
45361
1028848
UIOO
OUAIE
1011867
1018484
1023725
11043
33887
EAAUUOA
AAUEEII
AAUEEII
62252
42794
991742
17123
993407
999556
39011
1009459
1014394
21441
54666
27156
1023162
1031044
27445
33517
21441
1039112
31534
19658
33526
OIIIA
53324
AIOEO
OUIUUE
35494
44720
976257
983781
989865
997486
1001258
37649
1005653
1006908
1011304
1020829
EIEAIOAAUA
995623
44045
999332
43148
EIEAIOAAUA
997652
36365
1002011
1002924
OOEIAI
27241
995917
23537
OIIEOIOII
22629
984096
IEOEUU
957395
966534
967950
40432
48947
973496
981420
988722
74094
AU
67196
OAI
UIUOUAAAIE
963295
970716
971860
975637
984552
988123
37370
988281
988440
48650
48197
22629
AEOEIEE
AEOEIEE
41878
985457
988302
AEOEIEE
EEEI
43148
63572
OUIAI
971889
976075
984118
IEOEUU
968955
970263
OEOEO
952615
35145
955845
964458
965548
971223
978850
21529
983438
48764
983773
OAI
OAI
980963
986162
993108
997236
31961
49303
1006099
54666
44640
28005
1015154
1023299
49303
UUUUEEE
1015669
1023974
IUUOEAE
997979
1004989
1007956
IUUOEAE
31894
25152
52092
32836
1013584
17123
1019910
1022233
1031742
1034318
16729
1042470
1050812
1056005
1063826
1068790
11533
1071397
1074233
39724
39724
1082954
22826
11043
1092391
OUIAI
1079818
57819
19354
IO
1075631
11043
23537
1084397
23675
1092952
48650
A
11825
36754
28155
AAUEEII
37893
1072882
44640
1079836
1087493
1087826
29820
1094694
34936
1096472
1098635
29461
IIUUA
1093692
1097526
1099577
46211
U
UUAAU
52092
1051930
12808
1060001
1063500
28005
OUIAI
46297
1049772
1059473
51211
1068106
14542
1076960
1083881
IIUUA
EOUAEA
46297
1053315
1054119
49282
UEUUIOA
1048795
OOEAO
30628
42887
36754
1034585
1035721
1043229
28405
17123
72084
1044237
1049823
17123
1057135
1061419
1068771
1071716
1075692
OOEAO
48671
46297
46462
64365
39401
33100
32168
1070878
41878
IIAAIUIU
28936
AAEUAEEOIE
1045948
29086
1052658
32836
1060994
1066252
1066798
41113
20258
OIAAEIU
IOEOOIUII
1036060
1043366
1044711
16030
29820
EI
54970
12808
1036566
26107
EUI
1039842
1046254
OIEAIIAOI
1027818
1030260
1037194
1045015
AIOEO
1026179
36782
38940
37370
29254
IAAIAUA
54023
1006589
1012551
1015503
1018227
1018310
44343
1020414
1027258
1031489
1035982
IOEOOIUII
OOOAEOUAI
1000600
AIUAOA
996301
47015
997207
1006513
12808
29461
OI
OEAOAOIUO
980770
UUUUEEE
44720
17486
975870
36677
982383
988969
995623
995799
1004015
1013249
18756
42171
1016454
OEOEO
1002916
1003531
1011111
1020122
1024151
1030305
1039182
1044747
1053864
OEOEO
1053966
1061615
34497
48537
1063644
67486
OEOEO
1063464
30628
50821
1067875
1074356
40722
1081045
1084295
37404
42887
O
48764
O
1046869
1050056
1051350
AOII
40766
EUA
35342
1019038
1027306
AAIOUAA
20924
1025468
OAIUOIUAEO
43631
1012177
1016990
1022007
1028463
72084
36237
44967
EUOI
61949
25146
1020712
1030339
1032869
32168
1036318
AII
1019698
1028323
27661
AII
UUUAEIE
1018018
1027370
1031801
UOUIU
52127
44045
1011071
1019881
1025814
1034655
1044073
35964
1046480
39877
1047051
IIUOO
1021563
UIOUUOE
18000
41431
1010637
EEEI
987614
988776
58273
57770
50381
40623
989044
991684
994227
55288
1002821
45303
62685
22846
1005986
1013373
57770
37642
1017882
1027420
49282
33749
1028665
AIUAOA
35372
34917
1027521
1032594
OUE
47015
1013153
1014544
40904
1020743
1024485
1033938
AIEUIOAO
25146
1030901
43439
1035750
7411
72327
48764
66980
1045244
61751
30323
1053824
1060899
AIEUIOAO
48757
40893
25611
47015
19658
74094
1066967
1073997
EAEAA
34917
1057873
76544
1063115
IIOAIOI
1047560
1049790
1059150
22846
77510
35372
56701
29086
1059475
1062318
32604
1066598
52127
29086
48764
1070520
1078352
IIUOO
74051
11828
1053500
1062724
UUI
AEUUAAEI
1021533
1026094
1034277
OIUUEAAAO
43639
1012934
1018406
1023992
72084
1024465
1030102
40908
1031615
19419
1032865
1038028
11986
IOEEOUU
37893
32168
1019735
1023055
50821
1023723
1026614
1033686
1037709
1042688
1047091
1051588
29086
1052963
17486
1058338
1067868
UEIOU
22620
1044339
36677
OUIUUE
OUIUUE
OUIUUE
1020886
OUIUUE
1028445
1034272
1035288
1043927
1051872
24400
AOEIEIE
1043978
1050893
1051482
1057075
1061831
1066312
1071677
AOEIEIE
1075834
1083480
1091139
1091439
41431
1092921
72994
IAU
OIIIA
OEOEO
1049047
57712
41223
OEOEO
1049826
1056417
1066203
38940
1071525
30323
OAI
45514
1062703
72084
1071003
47015
1077993
EAAUUOA
40617
IOOEUA
1036407
40617
1039119
1046022
1046893
1054870
1063804
1071354
UEUEIIA
33749
1050299
25146
1051986
27744
29984
1056169
35216
1057154
30152
64780
1059288
1064015
1068774
21529
22620
IUUOEAE
68736
75349
IUUOEAE
74711
32291
1061643
25252
48537
56919
40766
25252
44568
1067613
50821
1069676
58998
35342
1073373
1079145
38711
42887
AIOEIIUOIE
1063974
66980
1064639
1066205
AOUIIAO
1058289
UIUO
EEEI
55239
1056499
1063895
44212
1072293
1073718
IUUOEAE
1063995
1071836
OEEUAUAOO
OOOAEOUAI
1048762
40893
1050326
28397
1056398
1065575
30485
OOOAEOUAI
1070741
1074768
45514
1075001
1084855
1090577
1092468
1102256
OOEAO
AEEAU
1072600
1082164
OEOEO
29984
40904
62252
75390
42887
1073169
27252
1073770
50171
1075852
60211
63867
22846
1082087
1086690
1093207
1103106
1108202
1112157
OEOEO
52127
1114880
1118070
1127570
75390
38544
42171
1130894
1138592
1141967
1142275
14562
UIOO
UIOO
44568
1109053
30331
27663
1111792
1111917
1119383
75390
1128341
1135164
IUEAOEUOA
1123521
1127738
36677
28171
1129771
1139697
1140512
16729
47015
44975
40904
14562
1148050
1151837
21285
60211
IUEAOEUOA
1158762
1163754
1166854
1167855
1171527
58998
1176774
1185426
1193187
1201624
75390
1207084
52081
55237
IUEAOEUOA
1206464
54372
55854
35145
AU
41625
94319
41431
1201288
1209653
OAEAEUEI
1200409
1206504
1210531
1216415
IOEUII
23537
1198053
9000
1200473
1203204
44212
EUOI
22620
1200640
1201415
1203142
72927
OOOAEOUAI
52826
48764
1201560
58998
1204037
1209045
1210094
1219965
1229278
1232770
1236986
48537
45478
27744
1244824
OOOAEOUAI
AIEUIOAO
II
85020
61909
36782
1219034
1225954
1233940
II
63735
74711
1237093
27744
OAEI
58273
AOEIEIE
1202515
1211377
28948
AOEIEIE
IIUUA
12270
UEUUIOA
1165563
34364
1165796
1167866
OIIIA
28948
1152523
1154401
1163986
1172863
IEOEUU
1167877
1176713
1179877
1185985
1188864
1189851
OEOEO
37076
1179957
EAOUI
50821
1166529
1169466
1171554
EUAIOOE
37076
OEOEO
1138206
1146852
44720
1149998
1150736
1158707
51395
1161197
1166845
73435
1174599
UUAAU
IUUOEAE
46567
11825
1134319
58806
AEUUAAEI
31974
1130446
74887
54372
1137061
64621
64859
40893
1139056
AEUUAAEI
1138956
28171
70106
1142680
11825
1152042
35767
1160824
1168550
1178319
1183272
1189172
AOAI
1183321
1191995
1196776
UIOUUOE
1167638
EAAUUOA
1173105
1177264
IUUOEAE
60211
1160371
53640
EEEI
1144775
1150382
1157383
1167318
1174928
62432
1183425
1188961
64621
1189660
1191883
AIOO
1168944
32099
62432
58756
1174813
1179281
1187035
46904
1195213
1200013
1205899
1212911
1214764
33532
1218708
42171
1227817
1232048
AIUAOA
AIUAOA
1216868
1216989
72927
1220087
1221739
AIUAOA
1226455
1232071
1234162
UIAUI
1240569
49361
1247038
62432
1256668
1257287
UIAUI
1253673
EI
EI
1239649
49449
1243345
1252373
1255026
1258612
40908
1259351
49361
74051
16729
1264507
44661
36879
19658
25146
1267271
IIUUA
1254636
1259715
OUIUUE
1254972
UEOAAE
30776
1251206
55343
47081
1258935
1268552
33532
EEEI
70570
1263827
1272151
49609
IUAEEO
35459
UUUAEIE
1247782
54456
42721
1256243
1262837
1271132
1280841
UIUO
63735
32291
1284634
1291212
1291548
UIUO
25252
52827
37521
37811
45753
62432
1292327
1292461
UOAUEIAAA
1273994
1283092
1285287
31974
34364
1285952
1293865
1298717
1305924
1310482
1315884
EUOOU
74051
1291946
46176
1297207
53306
1302591
AIOEIIUOIE
1281151
37521
1286917
1290067
OEOI
1267570
1268243
1276491
1285854
54171
76357
1286939
1289477
1291931
58756
36044
1296579
1305954
72697
67909
1314652
1320543
1325904
104708
16729
65920
1334229
1341340
61333
1342058
40893
1342358
65920
1350553
1360362
28572
1367587
1375999
1380129
69851
1386249
1391723
1401476
UEOAAE
104663
1389694
1393012
1394306
62432
1400473
UEOAAE
1404673
1407962
AAEUAEEOIE
1393222
AOII
76357
39283
37521
58517
44148
29618
1393295
104708
1397694
1402079
UUUAEIE
60211
1397200
70570
13699
1402990
45514
1412376
AUAUIOU
1411959
1415308
1419148
1428670
71976
AIUAOA
1412020
IIOAIOI
33117
EUOI
1388427
1393027
1393718
50361
48473
EUOI
78019
EUOI
73314
53693
73864
1396744
51845
UUAEUI
1378119
45753
63685
1382462
UAUIO
46904
1357501
1365173
1367445
40542
46904
UOUIU
27252
1353489
AOI
1335985
AOI
EUAIOOE
1317461
1322720
1331695
40893
1336996
1342000
1343029
OOEIAI
1336708
1336933
1346783
1350014
1354768
1361442
49449
48045
IEAUE
45753
1348562
1354742
1359645
1362711
1369882
1375785
1380758
1386915
1389002
1395399
41976
63361
1404299
1407530
IAU
30776
37811
1402981
1409586
1419191
74051
64362
1419893
OIUUEAAAO
1410714
1417348
1425401
1425781
23537
75674
E
1416353
1423103
1432143
1433345
1435589
52761
1436948
1441880
1443688
1452274
1455410
E
AIOEO
1437508
1442228
58471
1443564
1444648
1445498
IIOAIOI
1427847
1431705
1439157
1441168
52761
1446071
17486
1451463
1454693
52761
1458325
1466570
1474788
45753
1482498
29618
1491065
IIUUA
33117
1464371
1465954
1472126
1475748
51769
1483798
1491853
17486
AOIAE
41976
IOEOOIUII
27252
1453866
41343
1455870
1461315
1463966
1466713
1473070
OUE
IIUUA
43967
1446257
1455603
1463012
1468521
17749
1476228
29618
OU
EAA
51258
1431712
1439671
1444453
24279
1453684
EEEI
EEEI
1436524
1436761
1446727
1448549
1458539
40893
1465549
1471457
49169
1478101
UI
52348
118922
UUUAEIE
1447041
1450577
1450889
UUUAEIE
37633
1452475
46933
47111
1458275
AOEOUIUE
118922
33117
1439111
1445831
51612
87063
II
46146
1438352
22620
38690
82173
50506
1441702
1450555
31974
50361
66937
78019
1451862
1453796
UUUAEIE
1461134
1467130
AUIEAIAO
24279
46933
118922
1468911
1472491
42123
IUAEEO
41431
1471470
1477013
35459
E
39091
58294
1455523
1464160
1471667
1480199
48562
1488345
1490604
1496056
1496880
1497552
42123
50506
65126
E
1478472
1482310
1486119
1489873
1493677
53872
1496120
1501058
AOEOUIUE
1491004
1491099
1498468
71976
1503849
1508494
52761
42454
1516081
1516447
65581
1524608
49169
1532606
1533782
50506
39091
60472
63735
AOII
1529606
35459
1538028
1542461
80393
1552402
1559012
30578
1561339
1569615
E
45100
62583
AIEUIOAO
1548084
1555236
IIAAIUIU
1563531
1566509
AIOO
1539953
1546704
34400
13699
1550638
1552353
1555183
1560567
1567680
1571697
IUAEEO
63654
1556156
1557515
UI
1530255
1534083
1534366
1537550
52761
42123
1542337
1547403
AAUUEU
1528032
48210
50506
1531682
1541507
1550190
AAUUEU
1555358
62667
1558722
1558916
AIEUIOAO
63567
1542114
1542315
79450
52434
1549618
27518
118922
64429
1550606
1559784
1567416
1573754
23783
AIOO
65984
29618
83080
1560749
UIOOOEAOAO
1533264
UIAUI
1519121
OUIAI
1498900
1508380
110904
EUOOU
30578
1490908
44166
AU
1481257
1481971
65682
65984
50198
55894
12270
1489695
1492795
110904
90746
A
1486024
1494001
53872
1501421
1509554
1517833
1524289
1533872
80879
1536316
1536792
1546383
1552482
1554021
1554721
1555809
1561167
UAUIO
50198
48860
74555
1540937
1549124
UAUIO
1554281
EI
IAIUU
AIUAOA
39174
1517583
OEAOAOIUO
67909
1505800
OEAOAOIUO
75294
59837
53872
1512418
1520563
1530301
UEUEIIA
78019
74843
1526691
1536018
69110
1544875
1552446
1561604
71006
1571330
20388
UEUEIIA
AUEIIOUUA
1561140
35459
106143
74843
1567125
92753
1571402
1575514
1578509
1586805
AUUOAIUAE
1580214
AUUOAIUAE
1575325
1583946
O
1558676
1561884
IIOAIOI
1564661
AIUAOA
77180
UEE
55894
1543423
1547421
1550832
92753
1558195
1562314
UIAEO
49192
OOOAEOUAI
1533336
1541381
1546180
1554468
1559753
1566289
1567450
OOOAEOUAI
49192
1573585
53872
1581105
1586800
1589399
1593698
64797
1594139
AEUUAAEI
1586464
1595833
1604958
59853
88466
1606212
76150
1607850
75550
71832
50951
94936
86044
1611904
1615452
22620
AOIAE
40766
1591603
OEIIEIE
90746
1565234
106143
56895
1571327
1578566
1586519
1587932
1595211
1599865
1606699
AIUAOA
1600691
56895
1603045
1611731
1616500
OEOI
29381
1593467
49192
63113
EUA
106143
EUA
1586860
51395
AII
41733
IOOEUA
UIUOUAAAIE
UOIAEI
UOAUEIAAA
110904
1514698
55672
52690
1518545
65581
106143
U
1516710
1518183
1523966
EO
1501471
67663
AEAIOAAO
48650
1481058
EOUAEA
54911
OUE
43428
OOOAEOUAI
123852
51612
IOUOAA
1426311
AOAI
72059
1400863
45845
59183
57985
1408163
1410473
IAIUU
AAAEUIAAAO
64006
1386539
83080
71003
85050
1389280
1398594
1400848
OIEA
1387273
47598
1389713
1398752
1402514
54721
70403
1406957
EUAIOOE
U
1374453
61580
1377311
74051
IIAAIUIU
59853
1365070
1367694
85370
53872
80160
83080
OAAOUOU
52348
117699
1369220
60676
1374370
1378074
33117
76999
74051
64006
1382985
70126
35810
1383007
70570
1392948
51814
1402529
1407331
AUEIIOUUA
79288
IEOEUU
71003
47362
OOEIAI
1360728
1369873
1370905
1376699
1378870
70126
1380344
123852
51814
AIOIIAA
117699
64006
1377107
49361
1379627
1381185
1381667
UIAUI
82134
1366842
45845
1371366
OAEI
1371494
1376798
47794
1378647
57985
1380390
107954
EEEI
1364475
76999
79223
1370021
1372134
65059
71264
1373820
1382368
1388884
IOOEIOA
OEOEO
1369962
70403
1376315
1385769
88466
UUUAEIE
121557
1385644
1395004
EUA
1376006
1379005
1381761
UIAUI
1376535
1382307
68441
107954
1386087
UIAUI
1382541
38774
61580
1385928
68978
AU
60676
1368628
1370373
1372095
1372800
1375742
1379035
1387809
IOEEOUU
EOUAEA
79104
52016
1384411
1386618
1388690
EEEI
1373371
EEEI
1366188
76150
1373320
43783
1374886
1384035
1386819
1388468
EUOOU
73349
1386590
94936
AEOEIEE
UUAAU
74796
28469
1359008
1367184
1370823
1380144
IOEAIIE
1372482
1378317
1380930
75294
29979
42441
46237
60856
66096
1387719
102299
1393929
1401884
1405287
1411910
55270
79223
1413976
70570
1419560
IOEAIIE
49137
82265
73349
1425849
1428980
AOII
1416944
1420670
1421517
52690
1421766
OIAAEIU
AEUUAAEI
UUAEUI
33061
73841
1402505
74815
1406434
47362
43783
66521
1412495
70473
89183
38717
49137
81982
1419434
130903
73349
1420185
1427416
1429242
1430945
1433857
57543
73841
1434658
1440847
93321
25636
1442376
68179
1447520
1452543
UUAEUI
70403
1459337
1460144
1463524
1473050
UUAEUI
1477650
1486683
1493717
1500814
39199
1508960
71003
1509705
68179
1515777
1516533
73349
1517915
1525080
AOAI
82265
131541
71003
82572
1515076
28469
1515512
1520861
1527922
1535930
1538204
65581
1545597
IUAEEO
61738
1534388
1540744
1543642
1549486
1555086
1559307
IOUOAA
1553459
1558590
1564102
1564451
1564743
75601
88914
IOUOAA
43931
IOUOAA
UIAEO
1541110
1548547
33117
29618
41733
35810
1548850
1552993
54657
1553917
93830
UIAEO
101129
AEUAO
AEUAO
49361
47598
1545115
1551376
1556682
47598
OI
1552864
1558513
1562195
48650
1569744
81982
1572364
1581504
80942
1590842
1591093
1600637
1605470
1615055
1615635
1621614
74051
1627805
65581
33061
60856
52434
1628646
1634438
1642564
1644686
1651381
1652259
1655786
1664827
1667945
UEE
69843
68115
54657
UEE
IOOEUA
1636946
1640646
1646948
1648401
72573
38774
45845
1649553
1650372
1654598
1655999
81320
55940
65059
1664971
1667260
47371
46784
46784
1674202
1678364
AIOEO
1663472
65073
1670149
1673741
45753
UIOOOEAOAO
1662611
76999
87063
1665949
1674285
57985
1681715
1688715
124535
UIOOOEAOAO
1687854
1691635
1697235
1698811
70126
1700291
AUIEAIAO
1686103
1695351
79104
UOAUEIAAA
59518
OUAIE
57985
1662384
66521
57793
1664465
1667782
33071
1669643
1674387
1676856
45794
1677364
IIAAIUIU
102299
AOEIEIE
1650124
56704
81993
68620
28469
1656719
1664069
1667153
EAOUI
1660861
1665750
EAOUI
1667915
1670932
1677296
124535
1683579
1688490
1697238
1698357
39173
UIOUUOE
UEIOU
58419
UEIOU
1660042
1667886
1669242
33125
1670165
1670223
82134
37706
1676364
49269
35810
UIOO
76999
1670090
1676361
1681496
1686429
AOIAE
45753
57793
1678459
1685613
1692436
47794
IAAIAUA
80942
1680326
1687170
43928
70570
52087
OIEA
AAUEEII
1652151
OOEAO
1624525
1626172
1627345
1635705
130903
79104
AUEIIOUUA
1613122
1620622
1623401
1633002
AUEIIOUUA
1628818
80942
1633083
1641655
46367
58419
51203
1647725
71003
OUE
AEIEIAEE
1613438
1614351
1617403
AEUUAAEI
56916
1610402
OI
1602170
AUAUIOU
IIAAIUIU
1592767
56281
1599218
94773
86844
1604344
1611941
58461
45478
1618245
1621399
UIAUI
94773
1625074
29021
86180
1628395
AAIOUAA
1630137
45845
1634068
1638209
AAIOUAA
88153
1640185
46784
1648859
44166
1655404
82134
AAIOUAA
51814
1629202
82265
1630424
1640042
1643460
1653225
1661008
1665408
92948
88581
1667834
UUUUEEE
65059
86133
1650025
49361
71204
92948
UUUUEEE
1656304
47362
AOII
73851
1632237
68024
UEUEIIA
43931
1614274
57173
1614557
1615890
82265
30127
55066
1620836
1628337
71204
1637612
1640522
1641171
1642998
1644304
1645229
1653163
77414
1657625
UEUUIOA
1651494
70403
1656022
1659799
1661504
AEEAU
1669227
41733
1675168
47371
AIEUIOAO
1656944
33125
1661383
76999
1670656
UUUAEIE
1650604
47794
1658451
44166
1667856
UUUAEIE
84658
1655811
UI
1652884
UUAEUI
1642411
UIAUI
1641281
1646112
1654707
47794
75496
56281
1663999
1667312
56916
1671537
1676900
AUUOAIUAE
83828
36429
57695
69793
1661074
1669153
1677317
69793
76999
1679072
69793
1682375
1690588
1694324
67909
UUAAU
58736
78011
78146
46208
85370
98629
58461
1683506
1685092
1687823
1696242
1700072
1704895
1708024
OEAAEIAOEE
1705359
OOEAO
1689706
1697784
1705953
98629
44166
UEUEIIA
1679991
1686235
63584
96847
90355
90355
1696159
1700520
1701455
IOEUII
72816
45753
71003
1685853
AEUUOA
45794
1678448
62292
1678763
57793
83828
1685945
81601
O
EUAIOOE
UAIEEUIUU
33125
1653224
47794
1662939
47794
1665937
36429
OEEUAUAOO
67909
AOEOUIUE
1653519
1658347
UIUOUAAAIE
UEUUAA
UOIAEI
45753
70570
1609043
56141
1615481
IAAIAUA
1600689
138627
1604899
1606308
88153
46367
1609079
IAAIAUA
1615254
1617662
1620374
1623409
EIEAIOAAUA
48289
1621488
1630460
91899
58736
AIOEIIUOIE
1620538
75733
82134
1629073
1631519
70977
1641065
OAEAEUEI
1614776
65059
1622981
33117
73936
55066
1632438
U
OIEA
46367
82134
1604526
93376
79223
1605129
1611970
IIAAIUIU
91899
85960
44166
1599103
1604410
76999
1611005
1613727
118430
OUAIE
AEOEIEE
78730
1588844
41733
1593976
1599439
1603274
70159
78730
86844
1612828
1622745
83828
1623798
1624666
EUOI
1623781
EUOI
106783
119109
1625575
1627754
97433
83080
EOUAEA
EEEI
1602338
1604755
1609400
1610406
1616809
75202
UI
68024
1610770
1616104
97433
95061
1617188
68336
58736
87257
56600
1625904
1626911
1634501
1643603
UI
1643785
1644819
1647046
OEOEO
1654679
1659268
UIOOOEAOAO
1642871
1652042
1655831
1659449
66222
1662731
IAOUIA
67011
84155
1638998
1644644
1653482
AOUIIAO
1636897
91899
1639686
1642970
1650991
90448
AOUIIAO
IAIUU
42825
106754
1641776
75496
1643420
OAEI
81300
1642457
1646803
70159
1648216
63210
1650178
45794
52389
1651125
1656506
1662377
1663882
32853
IAAIAUA
90441
57793
1640143
OIUUEAAAO
81601
70403
57530
1642687
1647688
1648756
1656813
1660743
1661198
90273
1665438
OUE
1658926
1668890
48650
1670055
1674865
82325
1680133
1689550
70570
74177
UEE
OIEAIIAOI
63210
OEIIEIE
1640464
1641977
81601
AIOEIIUOIE
99980
1646186
62548
1647527
1650066
AIOEIIUOIE
61590
1657035
1664494
IOUOAA
114460
28469
EAOUI
102016
1622868
1623406
1631473
68024
1636313
52167
1643562
74177
1648842
1654393
1660719
1661528
EAOUI
87106
93376
IAU
114460
1652050
1652747
1661215
1668411
1673987
AEUUOA
1661215
II
II
72442
60110
1638841
1648139
1657605
1662019
1670731
41296
66926
1680096
1681954
1684882
1685794
81300
75496
EAAUUOA
1679793
125160
EAAUUOA
1676355
46367
IUEAOEUOA
1658763
1659500
OIAAEIU
1648180
1650352
1657751
AEUUAAEI
OEIIEIE
OUAIE
1605979
74004
1614089
1617681
92669
OEOEO
92669
1605246
119110
48650
1612707
57695
85960
1619258
1621032
1629208
1634204
81601
49445
OUIUUE
1618835
68198
1619193
1627084
98856
UIUOUAAAIE
81300
1609158
1614944
1619017
AAUUEU
1600173
1605207
38774
1613347
1614133
1616347
1620727
1624600
IOUOAA
101731
AIUAOA
82136
1612292
1614522
77414
IUEAOEUOA
32853
81147
1607899
1613145
77155
81601
1621720
OAI
99817
117612
68094
1608250
1613994
57530
1616794
1621841
98856
88030
OOEAO
110684
1627532
UOAUEIAAA
1604573
1604953
73351
1612123
1612432
1614433
IUUOEAE
39555
1600658
1602104
1602932
1610855
1615099
1624157
AOI
119110
AOI
AOI
89038
A
55066
1580492
1584576
64193
119110
78581
82411
OEAAEIAOEE
1574635
AAEUAEEOIE
EAA
1567305
98856
78011
1575122
103010
119932
1584046
UOUIU
89817
1555520
IIUOO
1537217
OAI
UIOUUOE
1499880
1506973
89962
1509745
1513441
82325
EUI
1504455
93297
81956
46717
33117
1506715
1513251
83552
99980
71515
1513645
1521731
78110
64039
89962
EUI
1522446
UIOO
1513910
1522636
72913
1528000
81273
1536363
90006
87860
1539551
71862
101731
1545750
74004
1549734
78011
46717
1551548
EO
60924
95784
39155
1544957
1548096
72913
47289
1549926
48650
1552673
39170
1560983
1561910
OEEUAUAOO
AOI
1536374
1539546
1543500
EOUAEA
1520872
119110
81273
1525084
1526218
100964
1530293
AOIAE
1525976
1530944
EOAUA
1514376
119109
103410
99980
1520587
1529615
1536731
EOAUA
99980
1541868
148056
1545517
IAOUIA
38381
1523866
98856
53778
1530537
1535949
1542335
42594
160418
IUUEAOIEEO
1540937
82185
89962
1547218
IEOEUU
1546171
1549412
61000
1551887
1560129
79851
1564304
1566967
91899
1576303
79851
92669
54716
1581319
61000
1583590
1584090
1592737
AAUUEU
56247
1585361
1595203
92669
1600933
83552
85078
41131
88904
107801
92426
47079
86090
1610345
85534
1614020
83828
102016
1621537
1621944
60606
1624491
OUAIE
1620935
109224
OEIIUUE
1615899
1618601
1628571
1629980
1635665
1639314
42594
64193
1646416
1653825
89038
1656530
AEUUOA
106783
OA
123971
90441
98856
66414
1607937
1617663
1619418
68739
88030
146775
1623142
57695
1629888
79851
IOEOOIUII
AIUAOA
1613879
1623073
1629825
OOEIAI
1625847
44180
1631826
119932
IEAUE
UEAAOE
1591495
125931
81968
1597922
78309
1603098
1606289
103602
1613572
113436
IUUOEAE
94828
93012
1599555
1602238
OUIUUE
1577643
48897
56744
78309
82185
1580350
1581735
95784
101699
1590504
33264
103479
1595798
1599585
1605203
82603
1606219
1615601
1618493
33604
72913
59999
112685
1622812
71686
AUAUIOU
60629
1615439
1622899
UAUIO
70596
UEIOU
IOUOAA
1564008
1567606
1572268
107728
108929
119110
1577439
44180
1587243
88125
1594131
1599109
83356
55549
84120
1609005
56744
65855
1614566
1617831
82827
57695
70596
82827
1622038
107728
1631753
99980
48897
109224
1633726
UAUIO
1636938
52510
47552
EUOI
1623439
93297
1626943
1635187
UIUOUAAAIE
1628546
UIUOUAAAIE
1629857
71862
93297
1635788
1637604
1642293
123971
1651960
1654581
1658354
1660102
1665683
60606
83552
33264
99980
1669898
63585
1676371
OIEAIIAOI
AAUEEII
EIAOAOI
IOOEIOA
38774
1597013
1605405
81300
109224
70673
1609272
AEAIOAAO
OI
1569458
70876
1575644
72598
1578900
1580529
1589275
1597138
1601811
1604120
1610927
AII
46969
86180
84242
1606850
1616238
1619132
70885
71686
99980
51855
OEAOAOIUO
1619450
1622731
AEUUOA
116465
1624422
84242
87860
1629740
1638362
102016
146775
1647897
119932
60629
A
1631765
57043
1633992
OOEAO
1606654
1614993
1620916
1628746
1634604
1640188
1640619
150524
OEAOAOIUO
89962
70673
OEOEO
AOAI
1588069
66962
90263
70811
1590763
1591029
1592155
IIAAIUIU
1587331
AAUEEII
UEAAOE
1580814
1590358
113288
1596530
1603369
1610296
68739
89038
IIAUUA
1587528
1590937
42594
1594759
1602910
1609997
90225
1618655
1621139
57043
147396
1622986
47552
1628013
55549
AOUIIAO
1605065
1605715
AUAUIOU
45753
47552
1605264
99735
60629
1608122
88904
79851
71862
56744
1612540
1615345
75187
1616934
1620609
54491
1629289
1633381
113062
95662
52907
1638138
1640753
1646560
102016
1656413
169092
1656851
109224
87954
88125
1659136
UAUIO
1644015
1653162
67752
1656952
AOAI
74525
1643497
1644759
1653259
1654854
86316
1658651
AAIOUAA
91313
UIUEA
90441
1635391
OIIIA
1631703
UIUOUAAAIE
1625160
UEUEIIA
49439
113288
63585
UEUEIIA
UEUEIIA
42594
1602711
1606406
UEUEIIA
UUAEUI
1610429
1612331
109904
82473
92669
91777
1618191
56744
1625938
1629209
90225
1632786
EO
86402
1618610
1621308
94285
109196
1624778
82603
67773
1626745
104651
1631629
106250
69732
118081
42594
86316
1634710
1642946
EO
99735
1646006
1655748
1659025
1662560
81968
1664895
1669521
IOEUII
UUAEUI
91641
1656180
109196
AOI
1646477
EOUAEA
91313
90465
IUAEEO
1601603
94234
1610127
1618468
1624969
1632949
63585
1638241
1640773
104697
104764
62597
1646499
IO
1633873
1634436
1636004
91641
98856
104764
1643254
1649222
1652791
1657588
1664127
IUAEEO
1645441
90991
1648001
90225
1653446
1656538
1657293
O
IUUEAOIEEO
1645597
1646594
122997
1649600
75863
1653394
1658093
1659712
1667710
EAEAA
1652335
EIAOAOI
1642295
IOEUII
1634611
1638417
57695
101897
IOEAIIE
60629
1635389
1637245
1637809
82603
70673
1640140
1642922
49439
1643487
1643908
114859
1647434
60606
UIAEO
1632414
OUIUUE
AEOEIEE
1596359
1596920
AEOEIEE
1603115
1607711
1613859
IOOEUA
54491
56967
97864
1598667
116591
1603390
1605309
1613107
109067
1613402
1615416
IOOEUA
1617148
75863
1617615
93012
54939
OEOI
1591321
EIIOUE
1583153
AEEAU
110095
1578246
113069
1587694
EOAUA
1585045
UUAEUI
57043
82473
86316
84559
1560439
48724
112096
114859
OIIIA
54491
1540176
AOI
AAUEEII
1518152
AUUOAIUAE
1511101
94234
119073
1517057
85544
1525613
85078
1533071
110895
OAEAEUEI
1511650
76597
UIOOOEAOAO
1509693
1514108
86841
54491
IUAEEO
113069
1494319
70673
48724
1498942
85544
76451
OEAAEIAOEE
1496342
1502301
1509048
1511900
OIAAEIU
89911
1497057
61392
1506339
1512897
71862
1521773
1529540
69473
1530092
1535278
84559
91777
122997
109224
64939
1539438
75005
68030
1544263
93193
AUUOAIUAE
OAIUOIUAEO
UOAI
70885
1476721
51144
67752
1480219
OIUAUA
1480180
1484963
1489350
1493300
1498771
105675
84333
1505886
AII
1486148
1492118
1492736
92669
OOEAO
83395
1471723
1480609
1482074
1490601
1494669
93193
110895
1496287
AEUUOA
UEE
1476113
1481511
57970
1482654
1485760
90991
1489369
1491057
1494693
129642
1495326
63294
1503299
AEUUOA
UUUUEEE
OIEA
1472262
UAUIO
UAUIO
1461340
1462965
UIOO
65393
UIAUI
1433709
1441139
1446996
IAU
1431300
AIOIIAA
129642
114137
130277
71635
84559
1412830
EUOI
74619
108237
1395320
1397720
1400223
1408537
1412778
UEUUIOA
74619
UEOAAE
1380116
99591
1381178
1383604
118295
1389597
OEAOAOIUO
OEAOAOIUO
51908
1385689
116591
1389040
1398906
90441
1408550
119387
EOAUA
56247
1384025
1385963
1393184
1400118
1405060
108237
84715
112590
56744
115774
84715
1408673
AOI
101622
1406746
70596
1413478
48724
1422708
1423716
70885
1431819
AOI
84559
1439234
51998
OOEIAI
79217
1432655
91641
107045
UEE
OIEAIIAOI
1408903
1415304
1421645
1430707
1437952
71118
1443735
82411
1445333
U
1446400
108237
114419
1448008
OAEAEUEI
1447338
1454965
OE
1430650
1434130
102175
1440115
1446681
1446826
89524
1450666
114240
1456941
1461848
1468334
1468673
1471004
76597
130277
AAUUEU
OEOEO
1441076
1449046
80058
79851
1451542
AAAEUIAAAO
101883
IOOEUA
AEIEIAEE
1403981
1406142
176909
100821
1415129
1424404
OIIIA
1421426
AAEUAEEOIE
52510
89524
99980
80496
85531
EUAIOOE
EUAIOOE
113700
95520
1390588
1391443
101760
100832
1393342
74525
122997
1394759
1400695
1404063
1405605
1408652
70177
86011
1414732
1418362
EUAIOOE
74525
1423803
76385
1424174
UEUEIIA
51998
1414722
UIOUUOE
1401397
101760
65393
1409713
1416441
AUAUIOU
68706
1391572
95763
1394716
1401026
1405140
1414066
129642
1417214
98369
1417749
UOUIU
EUOOU
1369249
1372112
IIAAIUIU
1354280
IIAAIUIU
88641
EOUAEA
1350586
91966
107599
1352590
91280
1361769
1364119
1367160
1371608
1374298
83556
1383261
64713
51998
1387737
68030
EOUAEA
62415
AOEIEIE
AOEIEIE
UIOOOEAOAO
AEIEIAEE
1328489
83412
1335655
1337076
1345382
1355069
1355247
UOAI
1341973
70876
1346590
1356018
1360965
98369
1363457
91617
1364221
IUAA
1357699
113567
1362555
1371381
1371612
1374733
1380034
100821
1380927
AEUUOA
91617
OAAOUOU
AOEOUIUE
56186
1349944
88837
1353830
96347
AAIOUAA
AOII
83412
AEIEIAEE
A
1263261
62415
58855
1271893
1276089
1280804
IIUUA
98397
1267353
77306
1276179
100832
88641
OUE
1254726
101530
130239
1260298
118455
1260758
1268131
83736
AOIAE
AOIAE
1254629
1261276
1266631
1268200
61452
102016
138304
68926
70876
1273444
131099
84046
1275329
AIOIIAA
1266874
65086
IEOEUU
1255272
56186
90042
113700
131099
1257147
131099
117170
UOUIU
OEIIEIE
122293
OEIIEIE
107876
71118
1229196
1234646
88641
1236234
1243146
OAIUOIUAEO
1228036
1230243
1232615
1241668
70596
OAIUOIUAEO
1248980
65086
65086
1258359
1263154
OOEIAI
1256204
UIOUUOE
UAUIO
100832
UEUUAA
IUUEAOIEEO
65393
IOEUII
60629
1197701
61196
UEUEIIA
1179580
UIAEO
132610
1175092
113473
1177036
96347
1179661
1189544
102232
U
U
116003
62415
EIEAIOAAUA
126851
OOOAEOUAI
118455
1177006
1178746
1188003
1189497
126851
100207
1199149
1201857
1204009
1210442
105251
1219315
AUEIIOUUA
101530
OE
1185965
169592
90755
1192425
1198802
62415
AIEUIOAO
1193228
68030
89934
AIEUIOAO
1195913
UIAUI
1178447
1185703
UIOO
1181180
1186160
1192103
1195576
85482
1197391
1201972
1210229
90755
UOOEUIIAU
1192115
131099
UOOEUIIAU
AEOEIEE
77112
79070
IUAA
1154987
1157130
1160493
1165863
1170730
1177741
1182763
127090
1192268
140770
96347
101530
1199354
1206744
104104
1210245
72460
1212831
1215886
140152
1221200
1224275
1230060
1233746
EUA
116003
76385
1223798
1225666
86751
1234298
84450
116941
1236438
1241560
1250313
94505
61506
UOAUEIAAA
UOAUEIAAA
93992
1237600
57579
IIOAIOI
72737
92119
91337
1219016
1223328
1227825
146105
142537
IAIUU
1212587
119723
81215
84450
1216513
102232
1225540
UEUUAA
1217928
86509
1221215
141202
1229088
II
EOAUA
1212992
OEAOAOIUO
1205990
86855
61440
1215554
1219500
1222697
1231204
1241085
OEAOAOIUO
119723
1244355
1252570
119723
1257182
1261553
1269376
94806
96909
1277451
1283213
56186
1284137
OEAOAOIUO
1289930
94806
1294561
84450
1298122
1307011
126051
126051
71785
88509
OEAOAOIUO
1313190
68926
125270
OU
1293165
1295337
1299093
142537
1303419
OU
IUAEEO
89524
1296003
1305393
1312412
113700
OAEI
62053
1307338
1309622
1313436
1321812
AIOO
103496
1313214
71785
103233
1321170
132683
1330448
1336689
1344902
94369
100207
1351194
61992
OI
61506
105690
OI
1332417
1333036
AEUUAAEI
69473
79406
119723
1311039
105690
118378
1314342
152468
1323809
88509
80965
1333143
1338431
1343762
AEUUAAEI
IAIUU
1346509
1347772
EAEAA
92597
1335379
1340975
IIUUA
1324732
169592
79406
1328890
1336517
1336817
96323
AUEIIOUUA
EUOOU
1288700
71450
1297755
IIUUA
1297625
1303924
1311482
1319294
1322805
121328
126051
EEEI
1303881
EUOI
EUI
1273163
81215
1279134
119723
106697
AAUUEU
65457
1257669
1264411
1268336
1269537
92180
1278136
1280127
O
120678
IAU
100550
1257779
137069
142537
1259317
89115
115593
1260581
1269768
1278592
107876
1288442
1289971
1299515
1307877
1311713
1317152
1325496
105690
1331933
1336299
1345485
55439
1350196
1359062
1361033
1363107
1368484
84912
AOII
EIAOAOI
UIOUUOE
1316037
1324403
124679
93088
81316
61506
1326412
1332889
100207
1334117
1334712
1338901
1345631
86855
UEUEIIA
56186
122257
1332048
1339566
AAUUEU
1324664
158743
1327931
1334453
1340244
1343927
129508
1347148
1352949
105811
AEUUOA
1348923
130267
85531
1349021
O
92180
1338371
1341746
EEEI
1330884
51998
UIOOOEAOAO
123293
1317932
131389
1319289
95981
1321153
EUOI
EIIOUE
EIIOUE
124377
111953
1284518
1291661
122257
93739
86750
1299213
1303793
1308484
1309375
AOUIIAO
1304748
100207
1305626
1311157
1313374
111934
111934
1315679
1316076
1316115
89934
1317875
172960
1321153
1322994
UOIAEI
1304552
1314204
1319619
89115
113562
113473
UEE
UEE
1297177
1302438
86750
129648
89524
1306520
II
120678
1301361
100832
1301876
IAIUU
1286711
1293429
64495
IOEEOUU
IOEEOUU
1271008
1274461
122719
1277820
AOAI
OAEI
OAEI
1231983
1239391
1240385
IUEAOEUOA
94345
1230039
112687
1231085
58472
OAAOUOU
95981
74762
126868
88684
1228656
1232602
87853
1240871
96795
70894
1243317
OAAOUOU
1241118
1248167
124887
1258058
1265075
1270936
1277594
1287587
1296669
125766
102104
1305456
1308115
111953
1309593
1310630
96155
1320608
98369
1330115
1330547
1337940
128303
1341916
1346118
1348737
1357965
1359660
1366127
111134
OAAOUOU
U
1349608
1355338
AOEOUIUE
117336
108568
86855
96323
1345135
1350218
51998
1351188
1352972
UOUIU
EAA
OE
UUUUEEE
113473
1302854
79290
1308762
95713
1313527
1322439
1331964
1333825
121891
1339942
1343184
1343602
1353006
1353502
132683
177262
AIOIIAA
1343434
1351939
1357941
1358170
UEUUAA
1361208
1366359
1366525
UEUUAA
140770
1369455
130889
1372423
1374678
1382153
AOUIIAO
132472
129145
OUE
107876
1370968
1379099
AIOIIAA
UUAEUI
89122
1351098
1351660
AOI
130078
1331375
1337416
1344580
1346922
IOEUII
71943
1331944
1339429
94345
1341987
89934
136165
1350852
1353040
UIUEA
1354186
1357745
1358698
90915
113842
139908
UIUEA
78737
1362005
103496
1370778
1374748
1382628
AEEAU
1363605
1372205
1381980
1383605
182716
OEEUAUAOO
102420
132472
OAEI
103016
1355281
131002
AEOEIEE
118418
IUEAOEUOA
82556
136165
1324619
UAUIO
1322657
OOEAO
1299226
1308969
104497
OIEA
1287236
1293360
70091
1297802
78737
AUEIIOUUA
167488
1289826
79290
1291631
122685
1300867
1302148
1308404
1318119
1318595
82388
1327086
89524
150136
IUUEEIIEEO
1310895
AIOEO
95713
AOIAE
1285995
1294906
106917
1298566
1303033
1308051
1309950
117336
111934
1319135
1322910
107987
1331567
1337381
1340242
144765
1342689
111689
1350281
92349
107876
1353398
UAUIO
1345102
1346574
1353031
OIAAEIU
1337972
AOI
AOI
93739
105457
AU
1302204
104332
1306956
1314414
UOAUEIAAA
E
1294716
1303823
1308519
OIEAIIAOI
1306397
1313104
1313854
IAAIAUA
132495
1306080
1308485
102868
104782
78737
1316652
1325119
1326960
AII
126100
1319599
182580
AOEOUIUE
1296942
1304086
1305389
117436
130454
128555
1307783
1316133
78682
101758
OAAOUOU
99615
98161
115803
128555
1295284
1301222
1309542
1311239
UIOUUOE
130889
UUUAEIE
1280258
57532
U
1263427
1266064
89115
121891
144145
1275602
144145
138813
1283387
1286102
1295165
1297401
EAOUI
1295517
96323
81353
1295670
EAOUI
126631
1301824
1302656
1303332
1305527
131002
1307305
99615
93088
1312420
82070
1320710
UOIAEI
1315333
98161
UOIAEI
118418
109502
1316581
118455
AEIEIAEE
1291562
1297971
AEIEIAEE
1300158
118455
1307190
1309204
AUEIIOUUA
1295487
101793
118455
1299169
AIOIIAA
1285234
138180
105256
1291570
152280
1292107
1296993
AIOIIAA
AEAIOAAO
OUIAI
OAEAEUEI
1242742
70091
1244659
1250471
1258341
84903
1261542
110751
189459
93949
OU
1251861
1259949
1265218
1272260
1280668
OIEAIIAOI
102589
156276
152280
111689
174951
1274423
122895
1283754
OAIUOIUAEO
1264091
EEEI
UIUEA
102589
1239862
99615
1249062
124887
1251807
1254132
1261769
103057
142110
1271393
104497
82684
OAAOUOU
EIEAIOAAUA
OA
170569
AU
90264
1193370
1197743
124377
OIUUEAAAO
UIAUI
1169725
118326
1179445
1186716
1194285
1196679
90264
184889
132217
A
1196589
1203138
1210508
125551
IIUOO
AEAIOAAO
80079
137596
1165873
86513
1175054
1178283
1183640
78682
1187338
82445
AEAIOAAO
1186807
132463
170569
1188003
1196032
107217
IIUUA
137596
124093
1169554
1173705
104243
1175516
1185281
124377
136165
1186933
UIOO
106152
1171915
164864
121691
UEOAAE
1165736
1169778
1171892
EOAUA
1152157
1153088
1161819
OEAAEIAOEE
138691
AU
1148494
98207
70891
137596
106152
122895
IOOEUA
1149813
167488
1150732
82684
96033
1150886
1160420
103214
1160903
IUUEAOIEEO
126100
100122
1147391
EO
1138246
OOOAEOUAI
1119683
70091
1121545
1127148
1127213
146401
1128462
115996
159395
126887
88107
124016
1133817
1137029
1144306
1154056
1157618
1158298
138666
1162637
AOUIIAO
84903
OAEAEUEI
134429
UUAEUI
112427
131615
1102139
1111250
UUUAEIE
IIUOO
1056722
169118
1061044
IEOEUU
126970
1044205
1048665
86683
1053688
104782
1057731
143748
128555
OEEUAUAOO
1060643
1067330
1071780
134429
1074689
122657
93890
1084470
1084587
1094165
1096303
100122
1097734
1106596
1113669
1118377
II
1120005
1120648
1120763
108416
1126221
99326
111118
II
1129531
133117
UOAUEIAAA
1107292
92097
99326
1116162
1123642
UEUUIOA
99208
1102369
1111279
1113205
UOAUEIAAA
OAIUOIUAEO
149730
UIUO
87112
132217
1061230
107574
134280
IUAA
1047337
1054226
1056472
168734
IUAA
OEOEO
1039805
118326
1047984
106152
1048696
73337
1057341
OOIUIOOUUO
1044504
189459
1050471
155605
1057900
1061159
1064553
146086
AEUUOA
AEUUOA
1061277
UIAEO
1054284
1059817
1063489
124776
1069954
177599
UIUOUAAAIE
1068847
57729
1073715
164864
1075993
1085721
1092408
IOOEUA
1083059
1092384
100866
1099543
1101167
IOOEUA
102927
1108479
O
106152
82070
150628
74335
1085328
1094735
1103173
89697
1105095
O
170300
1109891
57532
IOEEOUU
57729
118326
1094021
OEEUAUAOO
1082305
111118
102927
AOAI
190733
UEUUAA
1059391
1061311
UEAAOE
1061186
1063012
UEAAOE
122895
84819
1064240
1071688
1072411
IUEAOEUOA
146086
EOAUA
1043511
108416
1053509
97988
1063499
1070880
1079281
1088783
1094892
IAIUU
AOI
78682
1070986
1072621
1075344
1078245
202734
133696
119597
156839
1087625
190733
1096737
1103967
1112738
1115089
1116003
1120871
1125661
1128760
91149
1128903
1138775
1143566
1151524
1151537
94644
170300
1151969
1157203
65835
1160803
122895
1162823
1168102
104522
1175793
1183011
86683
1190829
1198336
1208158
156276
82903
1212432
1220707
105256
1223000
99208
62324
189459
1229712
121248
IUAA
1208634
163212
1214204
124921
130070
1216355
OEAAEIAOEE
163212
100866
OOIUIOOUUO
111118
1194035
99326
1194312
1203164
124776
117541
EIIOUE
1197661
EOUAEA
1190891
120202
1198880
1205822
1212175
1220705
1230214
1238026
EOUAEA
IOEOOIUII
EUOI
1224005
EUA
OIIIA
1198296
1203376
105187
1208587
1216460
113388
1222869
114671
168127
1228681
1228893
1236909
1242422
1243411
136165
IAOUIA
1222086
1227864
1234750
104613
91309
74335
IAOUIA
1230364
88723
143524
126817
AEEAU
1206910
133117
AAUUEU
1196566
UEE
1184025
1185419
109061
104522
1193409
1195228
1202906
1211883
1215362
AUIEAIAO
1195340
66580
1204289
137596
IIUOO
UEAAOE
122454
126817
1172280
92597
1180745
1185643
UUAAU
125324
1174553
156330
91253
1179422
80670
1186270
1191774
1192344
1192717
1199050
1204558
127185
113388
1205318
80079
127903
147729
157945
1210531
1215271
AAIOUAA
99208
OE
92119
1190891
129172
1194092
110609
157945
1198373
1199257
148533
1200497
AIOEIIUOIE
1178588
1186626
108025
1194551
66580
100122
1200783
1206416
99326
1210052
1216234
120545
1220136
1222400
127903
1228190
57532
AOI
1214862
1217919
126631
1226955
1233755
1241540
1250002
OIEAIIAOI
117541
150628
1234043
122990
1234898
OIEAIIAOI
1235068
1236984
1245838
1249080
1258654
116279
1262095
1267028
UEIOU
98271
IEAUE
1246061
AUIEAIAO
159740
68550
1242617
1251295
1260501
126827
AUEIIOUUA
149730
1248318
1252074
1261808
1264251
1266916
1272885
1278413
1279231
1287748
116279
1289017
1296596
91253
1298781
114597
IOOEUA
1306512
80670
1310407
127903
OEAOAOIUO
1297403
1306940
1316330
OEAOAOIUO
132014
OIAAEIU
1292363
1299535
EI
1285352
EI
1285659
1294242
1303883
142568
122136
1304176
1310150
175774
1318144
1325084
UUUAEIE
1323187
1331200
1335070
OAIUOIUAEO
1315843
1324276
1332204
112427
IOUOEIO
1328504
1338025
184356
EUAIOOE
1335150
103185
1335839
1338306
94487
IUAEEO
1326865
1336746
1339492
1341635
1346649
OEIIUUE
112265
85091
189459
114266
76449
111689
66580
1349108
1352661
UIUEA
158906
117646
134280
76449
1346988
95574
1351799
1356767
IAOUIA
OAEI
1320679
111934
1323935
113809
1327034
114671
136834
114266
1330497
137323
1330618
111934
1332735
1332952
1337902
EOAUA
1326705
1336654
1344796
OIAAEIU
101118
OAEI
1317374
129648
1322135
1327412
1331875
AIOIIAA
1321736
1327339
143524
1332414
109567
UUUAEIE
OOEIAI
115593
IIOAIOI
107201
1287717
1295162
119032
163781
1302539
128740
1302960
1310881
106256
UOOEUIIAU
AAUEEII
1263912
112325
1266015
1273140
129662
1277455
IAU
106256
UEE
136353
1259511
1266031
117646
1275974
1277899
66782
1285866
1287599
OIAOUAAU
1279897
159740
1287435
1294730
UOAI
72366
OOEAO
1262363
164808
1265088
1271136
1277137
1284211
1291335
117646
1299090
1301920
1309103
1316306
1323264
1332108
EO
IEOEUU
116279
1292600
128164
1301011
128164
1308511
1310522
IOUOAA
117541
1284880
1288331
99326
132320
84819
1291371
1296127
1302336
98522
180920
122136
1305747
114327
1312887
1321613
111424
81153
IUUEEIIEEO
1302238
1308142
1312634
1315487
1321501
91149
1323629
1327927
114327
168127
1328181
1333764
1343315
1349814
OAEAEUEI
173188
AOEIEIE
AUEIIOUUA
1308441
1311958
144488
OA
164808
113514
1303605
IIUUA
173188
113388
1282880
1286196
123377
AAIOUAA
1273993
AAIOUAA
68781
1276145
1277662
115684
104243
UOOEUIIAU
149637
1277583
1280909
81876
1284145
81876
1293130
UUUUEEE
1290592
1296720
EAAUUOA
AEUUOA
1252387
114597
130150
UUI
113672
1235991
167211
1237470
1247345
1250234
1259646
1265876
205915
1274660
1284082
1293114
EAA
1281591
133334
1285673
98271
1290897
1293671
UEUUAA
128164
1292409
1297270
1299274
127718
156032
146606
118957
EIAOAOI
115684
113672
1293423
1299357
122136
1307250
101118
1309460
100250
1313234
1318732
1325439
UIUO
96492
1297264
1306015
153463
1311911
AUUOAIUAE
1303132
1305583
1306603
1307537
1313133
1317417
1327099
1336100
129299
168127
1338720
1345516
OEOI
1337920
1346560
1349950
101798
OUIAI
89000
1347163
1347807
1350290
1351975
159395
130747
1356357
1356673
IIUUA
125413
1342125
AAIOUAA
97988
1328840
122886
139838
E
96492
107501
73941
IUUEEIIEEO
1301147
165970
1310338
154340
OAAOUOU
1282204
1288723
1291491
146254
1293078
169612
1300778
1303784
111969
1305111
121324
1305255
AOAI
156454
1306370
1314475
1319541
1322718
111969
AU
1305698
1315207
1315939
1317101
159395
108684
170351
170351
96492
IIUUA
1304879
100250
1311717
167211
1313700
1317724
1318562
1325790
117541
96492
1329667
1331460
141935
140304
1335704
1342030
150628
108684
IIUUA
98512
1341942
1346683
76449
OUE
102693
133613
UIAEO
68781
90605
1320409
1327456
130795
1333589
IUO
94672
1327023
1329178
1334264
1343600
1350051
144699
1354584
1361643
1366759
140304
UIOOOEAOAO
E
1333619
EI
1327939
1333773
68945
1341198
EAOUI
159395
IAIUU
1322811
UIAUI
130747
1315008
1319159
1326097
1326953
1333699
IEAUE
1315139
114602
1323475
1332236
1341349
1342573
150387
117348
1352437
1357693
144488
OIIIA
OIIIA
OIIIA
1351345
174919
137323
1353399
OUAIE
1329158
1335230
105700
146606
144699
1337669
IUUEEIIEEO
1335048
91579
1336125
105700
91149
E
1330532
115128
1332412
1332739
1337409
203715
107501
1347229
85091
1354425
1358592
1361032
91579
1368889
166248
127903
1372971
1376799
UUUUEEE
138546
1360685
UUUAEIE
134612
1364094
1370457
133996
1376288
1384246
68945
EAOUI
145698
1370884
1373874
1375730
121512
1380416
1381890
EAOUI
149412
160349
107501
1385355
1385803
128567
1390087
1393285
111969
1403118
AEAIOAAO
1381630
AEAIOAAO
128567
1381943
103313
125413
1384295
1390984
1392050
190733
159667
1392072
1396178
150628
117348
EI
191583
1376737
1384672
130263
68945
1391883
EI
1394774
1395801
1401190
1408105
163919
144699
149412
111736
1416580
1418898
1428560
UIOO
IOUOAA
135914
133936
122218
118301
113514
1398991
130263
AAUUEU
1401228
1406445
113514
184356
73941
1411701
128369
1414453
1417442
139725
128647
128369
AII
1394773
1395675
1401319
1410653
144253
UEE
1402633
1412426
1414983
1420945
1424358
137676
170148
68844
166248
1430712
O
152332
EUI
126461
140963
1399381
1405122
1410901
1412429
168127
1415755
83482
132836
OEIIEIE
1395528
1401052
1402458
OEIIEIE
1402746
134471
AIEUIOAO
128369
159667
1380199
138546
1384379
UIAEO
1365692
73941
91579
1369133
203170
1375639
1382335
1391233
83482
148165
1391381
98271
112113
1399668
1407167
110816
68781
159667
154340
1413565
84970
94672
UIAEO
IIAAIUIU
137345
1410035
IIAAIUIU
126104
105700
1411678
1418126
1424354
1430251
1438937
1439909
1449779
141935
1450600
EOUAEA
103313
119211
1435652
137596
UUI
126104
133996
143909
EAOUI
207281
88075
1409185
1409727
207281
1413231
1414856
1421817
1425737
1435350
OU
1411353
144253
1413481
1419376
1422032
165673
OAIUOIUAEO
128124
1415100
144488
111736
167211
144253
AIEUIOAO
137345
1397949
84970
94122
1405428
1410093
1411594
UAIEEUIUU
1399132
1401775
118176
IUAA
143909
1382507
1384910
OA
1370530
1371105
1379663
166087
1384983
121324
113514
103063
1390972
1397484
147263
137893
146255
1403758
1413038
128567
1416130
1421180
1424133
179766
1425656
144253
1432154
208100
1436541
1445349
128713
1446390
1454549
152820
IIUUA
1425193
1428699
1438664
1446882
IIUUA
1449840
160349
IOOEUA
1426883
147461
1430572
140680
1434305
105700
144253
123603
1437620
1445095
128567
117235
128567
143909
1450862
1460407
AOII
128713
1450573
156676
122511
1457613
68945
1458794
73941
1464840
AOII
UIUOUAAAIE
IIUOO
132927
OIIIA
1413784
EUAIOOE
EUAIOOE
1391112
1391774
1393410
1397301
166248
136937
1406061
85091
1413155
1415233
AIUAOA
1390339
128713
1396496
140963
1404252
133915
136817
IUAEEO
121196
1401186
1409211
93662
126104
1412786
OIIIA
1408308
121402
131862
68945
174201
EIEAIOAAUA
1390389
1397847
1403253
1404364
UI
1386874
151616
1395759
1402552
125944
1404552
1411507
1412057
1412826
115128
125175
AIUAOA
149476
1395027
1404400
1407902
1412635
1414982
1417841
94122
134101
1424166
1432852
1441901
1444295
1445322
1452825
1455241
204785
1461141
1463923
1471288
1478192
1484837
179347
94122
157866
1491277
EAA
1478899
1486603
1492073
113438
167211
131862
U
A
AU
1448421
1449805
1451512
91579
1461138
1468183
1473199
132474
1481698
121588
97193
83482
146637
1489996
1496801
97193
131862
1501670
1511004
1518420
97869
1527929
113438
EAAUUOA
1516589
1520974
1525831
1534491
1543754
1548857
1549717
1550155
1552897
106451
1560341
1566897
1575994
1584139
1588545
161058
1593012
156676
1597909
137596
1602484
IEAUE
105421
IEAUE
125175
99711
130814
1598160
1607579
115666
1614144
133915
IOEUII
IOEUII
149476
166087
231750
1596043
1605616
1613231
1621836
1626210
1633933
138954
1643388
1647169
1652480
174276
1656969
1663411
143400
83482
1673331
174276
OEIIEIE
1675729
1681867
1682083
1688312
146637
211709
120784
1691260
1693094
1700283
IIOAIOI
1676442
1685390
140770
IIOAIOI
1689673
1691671
125676
157866
146637
AEOEIEE
1692731
149276
OEIIUUE
143322
OEIIUUE
UIUEA
EIEAIOAAUA
151616
132474
EIEAIOAAUA
1652118
120173
1659788
190733
1663000
101238
119075
1667521
1677132
130279
180131
EIEAIOAAUA
207281
1682619
OUAIE
OIIIA
1674515
136817
114472
1682046
1684351
1692387
174201
211709
136580
1700750
146637
1708344
1717389
101238
1723394
1725996
1729405
147529
1737847
1742509
1748820
120173
1755590
UIAEO
OOEIAI
1730149
151616
OOIUIOOUUO
AAIOUAA
1704107
128647
75896
170351
1706767
1715550
1723741
IOEAIIE
110919
134101
1719204
1724099
1730729
1740208
E
208752
143400
1738588
1742481
1744258
1747556
IEAUE
101882
170351
1742880
125944
1745983
107361
161058
1747962
174201
E
1729300
1732574
1741889
123788
1743866
167968
1745553
1748187
UUUUEEE
1734867
1735132
UAUIO
1727625
1737608
139002
1741255
1749686
1754814
131859
1763998
1770882
UIAUI
1751932
1754115
1758391
IOUOEIO
1751968
AEUUAAEI
OIAOUAAU
OIAOUAAU
149410
1732042
1733647
1740030
122693
1740361
1745388
1754142
145082
135944
1759457
141129
167842
1761823
1763780
1765714
125676
1775078
146637
1783055
1785525
1790289
1794749
1803497
1806589
99280
1809564
1814833
1816034
1818133
1823531
162402
1826456
1834455
1842312
1850651
146255
1859058
1867287
1874079
117235
1880020
107361
1883235
1887216
167842
1891536
1895997
1899778
1901387
1910471
1915921
1918712
1923477
128647
98271
144617
1929671
124883
1933463
1935556
1935657
129964
1944841
167842
174208
AOAI
1923372
1929173
1930927
1934281
1936834
109894
1939720
1940211
1947317
99280
121196
1949587
1951000
1959592
1969039
1971285
157866
136817
1975371
1983169
124883
1983835
1988985
129104
148730
1993261
166248
2002546
2007549
2008584
2016868
2020687
2024712
2029500
2031540
147529
2032459
2041516
115452
2046127
157866
2051991
EOAUA
2037814
2041140
EUOI
72391
2020099
84028
2021190
2023228
UEOAAE
2002460
2011384
2016536
140054
174714
107374
UOUIU
133915
123603
162402
2000400
75896
121196
2006267
2009974
IOUOAA
2003767
183243
2011355
162402
167211
152820
128120
157626
2016769
190733
144617
2018786
133683
84028
IOUOAA
2018820
2027836
147529
128369
2029463
2029725
2037066
2037452
AOI
2033763
2042487
204785
2051161
2057195
142009
124883
2064893
2068757
2076069
166248
2085891
2087890
2096230
2103960
147833
2104585
119075
2110668
2115644
AII
2090133
204785
2091752
UIUO
84028
174208
2076216
IIOAIOI
2054913
174529
110919
170148
2061469
IOOEIOA
118170
123592
231750
89726
179112
2057841
2066954
2072522
2079050
2085013
2087242
2087449
152282
138624
128567
2088613
U
151616
2075411
178547
EUI
2047658
2052387
151312
2054114
111269
2061541
176641
189964
220680
2064239
169091
2072012
2074904
OOEAO
2064758
2073921
115666
2077552
2079727
2087105
2096277
2103193
141863
2111882
111350
2120477
2122725
AOEOUIUE
OIAAEIU
2082390
EEEI
224367
201860
2066245
120274
2068973
224367
2071610
OEOI
AUUOAIUAE
2042348
144432
128567
2043073
2047117
2050899
2051338
IUAA
2053860
OIIIA
2043111
2044019
144653
2049903
130814
179673
122263
124883
2056726
111350
107747
2057911
2062961
2072466
143231
2080372
2088873
IUO
IUO
IUO
IOEEOUU
2046240
2048939
2058114
2065268
123788
UEAAOE
128696
2061321
2064274
2070508
224367
2073973
165356
139002
151459
191100
2080062
2088224
IIOAIOI
2078698
IIOAIOI
2085256
157408
132086
147461
2086298
2086448
82184
OEIIUUE
2090365
148730
140106
2099583
117753
2105521
2115487
OEIIUUE
97193
140106
2113630
139002
211709
141863
2121702
2123017
2125490
2127612
109894
2127922
2134214
2141246
2143693
82184
148730
IIUOO
149368
OEIIUUE
117321
2109759
2112864
2122761
2131132
180080
2137973
2140941
141702
IOEUII
2128634
IOEUII
224367
170118
2132424
104902
2135516
138624
129104
159794
2144245
113724
180080
89615
UUAAU
2147831
205816
2151059
2155902
UIAEO
2149376
170118
2158499
2164747
2174579
2179913
141863
2181133
2185068
97869
2194980
2196958
2200304
145904
2207686
145904
UIAEO
2202806
179002
147833
IOEOOIUII
2201283
2205032
204680
2206299
OU
180494
166248
2188268
UIAEO
2179151
2183771
UUUAEIE
205816
205757
163436
156003
231750
2177964
2180741
2187632
170148
2188333
2196168
151381
2197600
128696
143322
2204804
2205306
2206907
2207836
180494
2210624
UUUAEIE
EAAUUOA
2190704
105960
2200054
157760
2209645
121167
2211667
2220547
2223001
2226652
2229603
2238598
160464
189964
2245850
126491
144201
2248183
143879
97869
89615
2256812
2260045
UIOOOEAOAO
205757
IOEOOIUII
2233910
2241105
2244350
2245598
2247664
130569
IOEOOIUII
167250
143231
2254019
136583
2260869
141129
IAOUIA
2246552
2255309
2257440
120274
2265618
OEOI
2256942
AEOEIEE
130539
2247021
2253806
2254909
2262430
140906
OEAAEIAOEE
2238996
2244767
2245660
2253288
2259544
143879
193337
127900
179112
204680
OAEI
2251524
2260234
2263534
135402
205757
148730
2266918
2276746
127605
74779
2279798
2279980
2286644
144201
2286726
124828
2293121
2297436
123125
151459
170118
2304071
2306098
167319
2311524
OEOI
147022
147022
120274
2305447
2311224
140825
2313368
141129
OEOI
2317043
2326055
157760
2333859
2336397
2340797
2349755
2352335
2357530
105960
128696
102148
131455
2365890
EEEI
2346720
2354519
132086
EOUAEA
211583
140106
163492
2347548
118243
2348799
EOUAEA
2354802
2361871
2369553
OUE
140106
UEUEIIA
AUIEAIAO
2304048
189964
180080
147022
2310763
2312945
2313682
E
2307293
2314391
155372
2316232
136583
171947
2326119
205757
2330492
2333770
2341945
2348574
2354307
2362115
2366948
2367024
158100
2374057
EOUAEA
205757
2371367
2372678
2375727
74779
2378253
141863
2382543
2384355
2389055
170118
127900
2389610
2398594
2405941
2406789
211709
2408134
174535
2416772
205757
2418048
2425728
2427098
2431429
AOIAE
133915
194731
OIEA
140054
157700
118170
IIAAIUIU
180080
2402847
156852
2410993
144225
184436
EUAIOOE
OIIIA
OIIIA
2398288
AOEOUIUE
IOEAIIE
160464
IOUOEIO
128696
2355116
AEUUOA
176641
123200
2327460
2337095
2339345
143322
107164
74779
144201
124387
2342083
2345305
2355189
2359952
125530
OAEI
2356636
UUAAU
147825
2336060
2337966
AIOEIIUOIE
2330933
2331428
142019
123788
2333826
116137
2340102
2349103
152282
2349396
2352785
2356429
2356901
2363756
2368060
AOIAE
AIOO
2344829
132300
2349136
2352650
2359384
2361458
2369951
2372089
2378494
159794
99512
2381261
IOEUII
2376829
163436
164745
121021
2383004
UIOUUOE
EOAUA
OIEA
IIOAIOI
2293331
2302886
149165
101804
2305868
125592
2313092
96265
130175
2321741
2321853
2322813
IIOAIOI
OEAOAOIUO
2307924
2309923
2314936
148786
134864
2323295
EIAOAOI
UIAEO
2301695
OAIUOIUAEO
2283346
2292732
2301345
2309423
2315648
121196
211709
2322864
2323332
74779
194239
IAIUU
IIUUA
2286434
EIAOAOI
2266663
2269520
2270290
EOUAEA
2251876
171147
2253154
2262251
2268177
127900
2273682
EOUAEA
UEOAAE
2253568
IOOEIOA
OEEUAUAOO
2212357
AIOEO
2210936
2214103
165000
2221868
104014
2224935
2229117
133017
148786
134350
141930
IOEAIIE
IOEAIIE
174535
2210467
2212536
IOEAIIE
134350
141321
2214158
2214244
147833
2220776
2222935
119370
UIUEA
142656
2211867
126491
116790
148346
2218413
2221548
OOEIAI
133612
2214156
2223523
140106
2224104
2230807
2239401
2240590
2249050
167250
2252583
2254349
2258884
2263189
2264371
2269403
2270095
2275214
142823
2278472
2281888
141863
2285822
AOUIIAO
2281178
OUIUUE
2275629
2277453
155432
EOAUA
2254886
IOUOAA
2234169
AUAUIOU
2228503
EUAIOOE
2210528
2218102
OIIIA
134799
134996
2200476
2208508
113634
E
155041
167250
2189985
2196808
2197284
OEIIUUE
131455
154510
OA
2180386
OI
AUAUIOU
AAIOUAA
209868
238192
UUAEUI
182496
2100480
2109554
2117918
IIUUA
AEUAO
132378
2100469
190623
AUAUIOU
154474
2085483
179901
2085907
153192
2090692
132117
2094676
2101601
IIAUUA
139237
2099609
UEUEIIA
134864
2083478
2086500
2088062
AAIOUAA
143701
125944
2084856
2090563
2098732
211236
2100347
151459
2103203
156618
119966
2103525
2112992
2114240
2114856
OA
2093985
2095303
EIEAIOAAUA
134864
2072757
129985
2079225
188035
179088
145953
OAIUOIUAEO
2064526
2066503
2067771
2076900
137693
172750
2086811
154026
224367
209868
2086991
2094831
2100819
2104919
134996
113634
2109294
2111038
AAIOUAA
2091789
2093421
146101
2103155
97179
184436
113647
139115
129985
2108264
2110275
197745
2111854
2116812
144207
137336
2120972
140757
2128643
118276
2132099
2139028
AAAEUIAAAO
171389
184973
2135513
132378
2138576
2141581
2144015
2145582
2147632
173444
2157400
220680
2164489
82636
157133
131455
154448
UUAAU
2148913
IAIUU
OIUAUA
174236
143701
2127069
2135398
97381
2138379
153192
161493
2145872
134246
113940
AIOO
AIOO
2142307
AAAEUIAAAO
2136794
2145323
UEOAAE
173444
140727
2146247
140727
97179
122263
158292
167379
2155521
2162471
2170385
OOEAO
2162689
197828
2167335
185351
AOEIEIE
110530
2161820
AOAI
2152815
2161299
2168582
IOOEIOA
166463
2144805
2152609
2157631
2165407
105838
2171503
159972
IOOEIOA
EUOI
2143098
2152708
2157270
UIAEO
2148978
2149271
2157712
2165120
2170076
123204
174472
2174013
128695
2177554
110834
138041
2178762
2187324
113940
2195824
2197808
EAEAA
IIOAIOI
2167587
153192
2169606
2172034
2174045
2178589
2180859
2187407
2188441
2190718
2192920
220680
2198873
2200880
160482
147993
IIOAIOI
143322
163203
142564
2205100
2213604
197750
2222546
121119
2225554
2235201
2237921
UI
2210468
2219733
UAUIO
98270
2206855
234283
2216498
146976
170708
135898
143322
181548
2221729
2223653
182153
2229848
127377
2238988
2245960
OIEAIIAOI
OIEAIIAOI
122376
129985
AOII
2239198
2240115
2247861
122324
2250745
133998
2251906
92458
136115
2260761
184436
2267048
137693
178614
165011
IOEOOIUII
AU
2238777
113940
190836
188299
2245515
2248713
2248738
109383
2257903
2257915
OOIUIOOUUO
2252508
129985
146976
142823
184515
92458
2252918
155423
139237
2252941
2258087
O
190588
2248266
125082
2254828
2260691
157133
2268270
2273043
2282859
172030
167109
2286858
147431
155423
153085
UIUO
163203
149878
2276954
UIUO
2282763
136795
140371
2288656
2294381
116654
2295675
IAIUU
2272442
153085
2278519
2287047
2290236
2296607
119966
203242
OI
2290737
119966
2299188
110185
182751
209133
152072
160482
139218
2300013
2309997
2310689
2311949
2314775
2322636
2324561
197750
OI
2326967
2329291
2338368
2342147
2347002
2349010
2350072
2354176
190588
138041
146976
2363715
139218
2367278
2370377
EIEAIOAAUA
2367890
135898
2372436
2379416
2379726
117965
167109
2383836
2385803
184436
2393503
2400570
2407413
183207
IOOEIOA
2393346
2401484
2404585
2412370
2416517
UIAEO
2404256
2407214
2408067
2409073
UOIAEI
153085
113940
2393557
133998
2402844
167319
2403095
2403708
UOIAEI
2405829
246940
134246
2406066
2414096
2416467
2416713
UOIAEI
2420418
133688
2426500
178614
2431299
140757
206146
2436846
146976
2443823
210158
EUI
2424659
EUI
IUEAOEUOA
126831
2406859
184944
2410792
2417933
2418435
2423298
110185
2432408
2439623
2444037
2452128
UOOEUIIAU
116414
2444019
2449299
2453582
2454698
2454797
2455231
162978
IIAUUA
131973
OIEAIIAOI
2433477
119966
2438361
OIEAIIAOI
177200
AAIOUAA
EOUAEA
2404804
2412469
EIAOAOI
2399025
OUIAI
OUIAI
166585
2384675
2390281
AIOO
167319
162978
140757
AEUAO
190588
AEUAO
127250
2348879
138041
AII
2329319
2329766
126831
184515
2330585
2336316
147584
2346187
2353396
151468
2361512
133915
2364646
2371223
UAIEEUIUU
2359750
EAOUI
2334264
2338480
E
2330094
OUIAI
170029
206146
2327226
2333958
167319
OUIAI
135997
2340208
2347203
EI
2329621
2338357
2343340
144245
129985
117281
189375
2352851
135997
2355815
133688
2359612
2365186
147993
2369371
2370317
2371420
164240
147993
2381139
2391110
2391185
2392830
2394529
162978
2400604
2406685
2416035
177993
2420232
OEOEO
144245
2417015
2425212
147966
2425824
2434119
2437592
149878
2442706
157140
2447014
OEOEO
122954
2441871
OAIUOIUAEO
2418204
2425334
2434655
2444102
2450741
2452116
170029
171919
100364
2453586
152072
2456034
2458106
157373
2465130
2470217
2478685
2486385
2496066
AIUAOA
135015
2495988
2501160
2506516
2511586
147584
146283
131455
144245
141452
196808
157133
OEIIUUE
EAEAA
2480103
2484465
AAUEEII
2466015
149878
2471184
142564
2479464
162903
2485841
127250
2494079
2502227
2510022
181072
129822
116654
2518416
2518559
131973
163203
2527642
181548
2535285
UIUEA
2515625
2524690
2534524
2542550
116654
2547783
OA
148770
2535915
181117
2536183
200448
OEAAEIAOEE
2519938
2526306
2527227
2533474
2534296
2542992
209133
149878
2550473
155458
E
2540977
2550624
UIAEO
2531254
OEIIEIE
187595
2529578
2529641
AIOEO
2502386
138817
OUIAI
158857
147584
181072
197179
141817
2493120
2501429
2507228
UIAUI
146283
198551
131455
AAUUEU
2483788
2485559
148499
2491280
IUEAOEUOA
196808
2484106
2490059
133802
2492800
121193
2502535
2506176
157133
2515516
230174
231720
2524778
2531331
2537809
163203
2543027
2543441
2550296
2550638
2560457
2566791
2571155
2577764
OEIIEIE
2579918
197454
IAOUIA
2557267
137741
181117
2558031
153675
128580
230174
2558360
2564722
2566322
103388
2566849
148770
2575793
196808
2576371
246940
163203
2583287
2588529
142564
2594338
124069
2603304
OOIUIOOUUO
127250
2595591
2599273
2608311
IAEOO
OI
198629
2569945
2573235
127195
2582514
2586513
OAAOUOU
222297
2580813
142564
199872
144245
2588888
2598471
UIUOUAAAIE
IIAUUA
2569986
2576823
2585665
2589356
2592475
2601970
191745
170708
199872
206541
172810
2610878
2612416
2619199
131973
168256
2622098
2631089
2632176
2640440
2641715
111402
147966
2647139
148569
140371
165765
2656325
158028
2661061
149878
2669728
2670272
2673075
190304
2675430
UUI
2657618
2658625
2663280
170708
157140
183144
2663594
137741
2667538
2670775
2678243
157140
UUI
144245
2681136
2689032
UEUUAA
EAAUUOA
141495
2666747
177973
2676215
198551
2677397
2678122
2681240
UEOAAE
2682243
2687862
162234
158857
2693049
106142
2693281
205766
2696284
198551
121865
AOIAE
IAEOO
165765
2680171
131065
UUAAU
2673563
197179
2681080
131455
2688337
230174
169665
158038
116654
137936
220680
2689573
UIOUUOE
2668812
144744
2669341
148346
106142
170387
111196
151618
169665
189936
2674556
2683653
172421
162903
108434
2693620
2699072
2703208
2712085
144093
IIAAIUIU
196463
2698135
AOI
2684350
2688481
162234
2691176
2695189
2704757
111196
182751
EUA
2699681
117281
149878
U
138817
158857
2678479
2681046
2689017
148499
2696170
2704159
2713967
2717801
2718990
AOI
2717542
IUAEEO
185747
2720151
2726270
2732942
2738653
2742672
2748876
2754615
2754960
131712
177973
149878
214404
2757927
2765999
2767910
2772743
165901
184515
2781656
2784548
106142
2793726
192291
2799499
117502
131065
2801476
2803457
230174
151084
178451
142345
2805793
174671
2813542
UOAUEIAAA
185838
117281
2804839
127195
2812546
2818119
2822716
2828551
146636
145715
OIIIA
2811676
226620
2821343
187595
2824222
2824338
2833613
2841707
147966
OUAIE
2839260
2848984
172972
150115
150329
OEEUAUAOO
2841532
191745
126309
2843526
2852565
2860543
2869115
2869774
2871778
2881295
2881735
EIIOUE
2874630
OEOI
158028
2863509
190249
2864709
2865175
2873977
144245
2879968
169175
OEAOAOIUO
OEAOAOIUO
169175
2855184
2855318
2864889
203386
157193
2869787
153458
2870867
2872041
98270
2877044
137741
2877813
2880033
153675
133802
2881073
146659
2883307
153458
2883802
2886793
2889661
156645
2892448
OIUUEAAAO
EAOUI
146659
OOEAO
2861589
2867895
EEEI
2851396
IUUEAOIEEO
2831545
2836515
2842295
2843317
127195
2852932
2861531
162160
172086
2871208
154628
2874077
E
2860787
158038
2864245
142626
2865562
AEIEIAEE
150092
180198
2842765
174671
156645
154356
AEIEIAEE
2847288
190249
2851762
2858616
2864020
2864405
2864481
2868582
2872894
A
2874207
141495
EOAUA
2863028
2865873
157140
146487
2874324
2883689
2884338
2887704
192054
214866
2891136
121193
2892200
158028
2901152
2906309
149878
169665
150329
2912630
2913349
139212
163777
187467
2920992
2923972
2924903
2926018
AAIOUAA
244436
2917762
UI
EUAIOOE
2909110
2915536
2916021
117281
156463
2922897
132545
OIUAUA
220680
137750
117281
2925267
255489
2925915
163161
121193
IUAEEO
168351
191397
2918644
IAOUIA
2900956
2906681
183846
OI
2900395
145399
150115
2903227
145463
128902
IOEAIIE
168279
2890574
2891085
2892794
2895488
2898194
2905229
188658
2911241
132545
2914724
2921036
241150
EOAUA
183846
EOAUA
UIUEA
EOUAEA
2881799
141215
2890870
EOUAEA
UUAAU
2875621
2878712
142626
2886567
2889996
172360
AEUAO
169665
141704
2887163
2894094
2902823
2908038
168279
2913835
AEUAO
156645
117281
2922029
EI
UIUEA
2906303
2910131
EIEAIOAAUA
172086
2908104
2911142
2913228
170086
191649
203380
157443
2919147
2927864
2930778
2932603
222297
2941021
2949808
167219
2953857
2955718
EIEAIOAAUA
2959700
2967973
2968111
2971728
2977939
154990
2978840
2982003
EUI
151469
2970807
170708
189417
2979017
EUI
2982237
196463
2990376
2990944
2994976
3002470
3002603
151819
151469
3011443
141215
203386
165236
219882
147966
190424
214404
158646
3014123
3017324
3020566
OEAOAOIUO
2997600
131138
AEIEIAEE
AIOIIAA
2978579
2982751
2989966
2997651
3002586
3010665
219882
3020421
133802
3021877
137597
3029051
UIAUI
UIAUI
IO
226620
3002146
190424
3011167
IUUEEIIEEO
255489
2998382
3001771
OAAOUOU
148499
151899
112715
121193
255489
2975498
177993
2977434
2982780
2985165
158731
2985579
182145
OAAOUOU
127204
OAAOUOU
AAUEEII
OIUAUA
2962175
100429
2967247
2969522
2971261
2971911
172784
172086
144405
2974898
165637
2981588
238645
2982297
UIUOUAAAIE
2971799
EAOUI
IOOEIOA
163256
140851
2948847
2957605
2962111
OAAOUOU
2955618
199765
2957318
146781
EUOOU
2952647
136658
2959066
140960
2965520
AEUUAAEI
2958635
EAOUI
2950732
2956788
2959966
2964090
111196
241150
EAOUI
2970901
2978849
2980839
2989993
196463
2996751
3003058
3003287
3012760
OAEI
2983056
2985101
2994591
3003764
3013003
3018239
3020884
OIIIA
3003484
3007006
EOAUA
2992727
3001193
3007474
OOOAEOUAI
OOOAEOUAI
183846
2989400
2991371
OOIUIOOUUO
EUOI
IEOEUU
2967380
2976211
2985858
2987761
2994961
EO
2993882
AOEOUIUE
165871
2982538
146426
2984844
2989749
134069
240656
129759
165485
AOII
187878
2970912
2976084
170387
2983658
2991429
2992086
2995413
3000726
176920
146781
183756
UOIAEI
148720
2995896
170387
2998793
146426
3004021
AEOEIEE
2984511
OIEAIIAOI
165637
2955721
210481
126890
2956964
OAEI
169665
174671
242675
202035
2952467
182145
2953051
141812
UEIOU
190636
IAU
158908
214017
2932402
2935480
IUAEEO
157848
113687
196463
IEAUE
142626
2910415
132985
2910813
2919191
AOEOUIUE
2916477
2922211
2925862
UEIOU
146781
2913536
2918278
187859
176920
2921896
2926654
2926934
142626
203566
2927897
2937396
2940196
186177
2943895
2952168
160148
IIUOO
2943345
215836
190636
2947854
2947858
2956811
2964490
2972268
170945
226620
2979789
IIUOO
131712
159189
2985453
131770
2988348
2993505
3000888
3006947
3011852
3017092
3021628
OIUAUA
164958
162105
3014405
3017061
150092
170387
IUO
2996314
126484
165236
3004264
185676
181568
OU
203566
141840
2992192
2999737
3008824
3015093
3024081
3024210
163320
3033838
3040883
3044579
3052877
AIOEO
3043861
3047671
3051187
3058973
170945
149130
187859
3061226
3069901
3077792
199667
AUAUIOU
3080404
3085449
3085539
OAAOUOU
208757
3080743
3088604
3098452
3104644
141704
141812
AAEUAEEOIE
3098511
3107635
165637
146426
164958
147975
3107692
163536
3112778
195993
3116467
UIUEA
AIOO
3095289
196463
3104374
214404
AOII
3082062
146426
208338
184698
AAAEUIAAAO
3070779
3075588
3078826
162733
3079278
3083854
OAEI
OI
165783
3070956
3071964
OI
215836
130764
3074920
OI
3075088
3076338
3080252
3088922
119626
167219
3093749
IOEOOIUII
3074870
3080238
3088369
3096030
130764
3103098
OEIIUUE
3099184
3105529
128817
3106423
3109230
3111026
181568
3115643
162733
182848
3118017
142345
3119777
162733
3120286
3126649
170086
3130350
3132007
EUOI
IOEOOIUII
3083713
141812
IAAIAUA
137204
IAOUIA
3072828
3076211
3080049
3087543
3092711
3097081
IUUOEAE
AAEUAEEOIE
137750
3078025
3086112
3093290
OUAIE
3080508
181615
IOEUII
3078597
IOEUII
141753
IAIUU
133835
IUO
184698
IUUEEIIEEO
3030897
175813
3031122
3038048
170708
3043093
162105
214404
152757
142345
3051749
3052463
UOOEUIIAU
135012
3036121
3037566
163256
163320
3039466
162733
3049224
3049304
195499
3054406
3056450
210337
IIAAIUIU
3045580
3047799
3050177
3059283
203566
206146
198620
240423
3062195
170945
144124
214404
3070037
3076109
3077926
3084857
210481
3094237
3100140
IOUOEIO
3100168
EUI
149130
159365
OEOI
AEEAU
3051715
210337
3054866
199667
3060016
219564
172866
3065875
3069466
159754
124061
187070
170708
3071945
187070
3075613
154442
3078007
3083989
OOEAO
3061345
3066647
3068320
3069041
187070
AAUUEU
191649
EAEAA
3040297
165709
3043228
174079
3049867
189784
3056283
3060215
147423
3065631
3070424
3070737
129733
252466
149130
3075635
226620
189796
3077632
147423
151386
AEUUOA
IAOUIA
3040579
3042400
3049286
3058096
3063013
3071226
3080148
IOEEOUU
3057406
3066483
3073054
3077699
174384
3086819
3089213
3096071
AEUAO
158933
OUAIE
3068954
163322
242675
3077725
198479
IIUUA
AIOEO
3046157
AOUIIAO
UOIAEI
3039761
3047990
3051000
3057418
3062943
117483
3069043
174384
UOIAEI
IOOEIOA
OIUUEAAAO
206146
130764
3057755
UOAI
221843
3045616
209501
3052081
AOIAE
3048168
133586
132239
3052004
132239
160424
3055135
3056374
176033
145345
3061602
3071018
AEOEIEE
IAOUIA
151056
117483
3029268
3030956
198620
3033280
129733
UIAEO
UAUIO
2996938
3003278
3005666
3012300
133586
AOEIEIE
2996943
129733
3005708
208420
160403
3006086
3012864
3014080
147510
3018038
3024879
174079
168279
144523
3029175
169825
3037628
3043132
AAAEUIAAAO
149130
222111
3019383
169227
113687
145345
3020825
3027059
3029638
AIOEIIUOIE
189149
3019595
3023223
3028448
241150
3032332
3039091
222111
198572
3047757
II
AIOO
2994911
170708
160403
3000883
213066
170764
3006347
165928
3008960
3016265
168459
3019350
3024304
182452
3024548
3032871
150901
3033347
3039203
AIOO
3045223
AOII
AOII
3019716
191649
170336
3029012
3029314
191548
3037119
191649
AEUUAAEI
IUUEEIIEEO
3012592
UI
2996913
OIIIA
2992887
2994384
AAUUEU
2997320
124061
189149
3000402
203968
235390
3009082
145445
3016080
IOUOEIO
2998311
3005611
162105
IAEOO
161429
AAUEEII
2982161
EEEI
2980704
OIIIA
2979738
160517
2987650
187962
2992383
2996399
159781
OEOI
2975187
2981071
206146
2982215
2988483
2995643
178719
OEEUAUAOO
167105
2982961
UAUIO
2975904
OEIIEIE
2980354
110598
2988788
2993528
2993958
2997675
AAUEEII
216789
2985697
2994183
2995894
AAUEEII
161429
2999088
IOEUII
153030
2982084
2988982
2995024
206428
3002506
174482
3002800
UOAUEIAAA
3008540
174482
AUUOAIUAE
2998132
3004459
3014325
OI
OI
3013774
163320
169825
3021309
215097
263120
3027662
3036025
192175
133586
3043473
157609
200492
3051586
3056187
3056409
3062386
201957
251937
OIAAEIU
3043408
3043430
198479
241150
3046954
227283
3050387
228726
215878
191649
3055558
176033
196132
3060624
3066444
3071357
3077747
3087237
3096493
3101580
267302
210302
230837
3109526
3117372
3125065
160517
UOAUEIAAA
3105550
AAUUEU
3100586
3101040
149839
3108009
3108709
OIUUEAAAO
159365
OIUUEAAAO
3102332
262534
216789
155608
3111333
UUUAEIE
3098516
UIUO
OUIAI
201067
137971
155608
145345
3071857
3078111
3079315
OUIAI
OAEI
3048895
171749
174973
175000
3054349
3055111
3063903
189149
158990
3067990
3077241
3078162
3086633
3094655
3104152
AIOEO
3077980
AIOEO
UIUEA
174973
3068222
UIUEA
EOUAEA
113687
AOIAE
3043561
UUAAU
3021449
3023201
3030340
227045
3031338
3039359
208420
3047828
157609
3056628
150901
UEUUAA
3032253
3038999
3043883
148390
3051911
188192
3055477
3064018
183846
EUA
236801
3049658
3051130
150901
148390
EUA
EUA
AAIOUAA
AII
179048
3020012
160890
UOUIU
UUAAU
241150
225238
153030
183664
262534
OEOI
2983021
2983357
2991377
173723
2992225
2994859
201452
198487
2997564
3001290
184742
3010193
3013264
UIOOOEAOAO
2994034
3000741
170105
136404
3006156
3013931
155118
3014244
3017167
3023682
141840
3026115
179048
3029901
136404
UIOO
3028190
UEUEIIA
3021700
141840
3023582
176033
179645
170764
3023918
3027139
142297
3036460
3036833
3040986
165637
3045055
156604
189149
272754
3045184
EAOUI
179645
3036816
AOUIIAO
AAUUEU
3001950
AAUEEII
2994652
3001146
182381
165637
183754
3004774
AEUUAAEI
2985776
2989553
154335
AOUIIAO
2992707
OAAOUOU
216217
IOEOOIUII
IIOAIOI
2943950
168219
2952964
2957659
2964626
2965504
156137
2970658
233236
2980433
2989008
2989478
217062
UAUIO
2976253
IOEAIIE
172016
2950347
2959508
IAEOO
2950983
241150
UAUIO
2931158
145345
169183
198487
180396
2937019
142297
2938368
203938
164100
171790
182678
2938815
2943210
A
203938
148390
2929878
2936647
2937353
2939599
187460
2949204
225238
251937
243473
2952972
2955974
IIAUUA
2946250
183664
2951851
2961678
2964175
192432
IIOAIOI
2940605
241150
170764
179645
2944663
O
183754
136252
2932663
E
2918988
IAIUU
2919506
