7126
12332
13303
0
0
17316
20584
25478
33015
40490
OEAEA
0
IE
8419
8630
0
18530
AEOAOI
17924
0
18880
AEOAOI
IAA
16146
0
0
23856
33493
34124
42234
0
0
49005
0
55581
IAA
IUUUAUU
44421
47010
9900
OUAO
40078
E
37465
44767
49827
0
50114
57889
0
60395
0
0
69815
0
73918
75094
75259
0
77588
0
78045
0
AUEA
7710
71723
75581
0
77043
79852
AAOUEOEA
67180
76030
76088
6803
83162
87765
0
0
89054
IIAI
87279
0
87290
0
89659
IOAE
69298
75103
0
78985
0
80399
6803
87071
96034
0
IOAE
0
IE
0
0
0
64270
68640
AAEU
67907
IOAE
0
4013
64783
66059
0
72604
0
75091
EIIAUEIIAU
80327
87585
0
91629
97776
EIEAIA
88696
0
92909
EOOIOUAO
3882
0
0
0
70378
UEOO
4958
62429
0
67500
0
72164
76646
78474
UEOO
85217
UIAOE
87733
3960
0
90321
AEOAOI
69115
IIEOEA
61556
67701
73238
80806
0
11
EOOE
57806
0
0
EOAO
12934
UEUAUUI
UIEA
32311
32789
1462
39262
46794
47355
57340
65083
EUIEEII
51527
58420
66694
68874
77616
78472
EOOE
52122
1414
0
11874
55086
63933
IIAI
44728
47719
57593
0
IIAI
EEOUOIU
38002
EEOUOIU
46737
56114
59032
64878
AIAE
65823
73245
0
9420
75182
856
6672
76050
82793
84369
93124
UE
96302
0
AAAIAAUEOI
0
93467
93895
94181
OAEOEOIIAA
95239
OAEOEOIIAA
726
UEI
87426
0
92060
UEI
96458
4103
AOI
0
A
12474
0
71211
0
EOAO
72369
5805
76178
211
0
81929
83398
91062
97098
0
103978
107574
115307
119603
631
122341
0
14714
131602
IIE
IAOIOU
9377
97732
98372
101271
2044
111260
7710
119664
0
EEEEEI
8481
0
8742
96038
97941
10809
EAAEUUOAI
0
85693
88288
89520
96139
0
AAUUOOUOI
76324
79605
5400
84657
0
84702
87657
91446
97956
103782
0
1276
4103
AIAA
0
0
0
0
99898
0
105989
109750
117600
14137
118577
17752
126527
AUEUIOU
125500
133677
133993
141143
145971
IIAIIAO
124797
5206
130959
5400
131016
428
132838
141201
143219
147800
3596
14209
153312
162379
AIOOAUAEOI
165619
7537
168374
0
174998
183227
190440
198029
15957
202794
0
206355
209613
AIIAAEIEO
22259
190992
194929
16625
EUOOAEUI
EAOOA
164790
0
IAEAOI
140895
EOOIOUAO
140926
149175
152587
158489
EOOIOUAO
161418
169617
172980
176035
12474
0
0
428
0
185426
0
19992
EUOOEI
AOI
0
UIAUOEUAI
10809
8217
0
0
133871
0
136106
18820
139501
141625
150592
155551
0
161995
162867
0
166158
170174
178984
UEIAIU
13951
4828
174919
181697
186082
194314
3506
194334
194372
200976
202109
204504
208213
214012
215036
223138
10305
IUIEAI
7126
204267
0
204472
IEAE
IUIEAI
7537
168098
6893
0
8217
1667
169795
172955
8481
181098
0
183920
184654
190308
6771
197462
204501
207927
207968
1428
0
0
208238
209185
EOAO
EOAO
211600
214832
0
216995
225631
0
234465
6510
0
244080
0
4013
0
7150
248837
1667
253223
260556
265953
272073
281161
290072
0
295696
301518
301627
2991
310561
0
AUEA
AIEOUUE
14209
IAOEUI
261705
8363
267340
273208
0
277073
278222
0
285176
1667
UUU
631
428
IEAE
234039
242747
14714
247874
0
UA
239485
248642
OEAEA
226116
233649
241434
241993
0
0
0
UIAU
AIEOUUE
IAUI
7594
187981
IAUI
12815
2508
18337
8419
IE
184231
192093
UUUA
166848
168036
175114
178029
182956
187609
191974
UUUA
190871
IAEAOI
190853
199349
14733
4016
14714
203674
206125
207270
12747
209287
216044
218262
227989
0
228052
AAUUOOUOI
0
225202
18857
38
229755
236292
243220
8481
250094
0
9067
253875
0
253942
259180
5206
5838
0
262836
AIEOUUE
266080
273142
0
281057
284909
291592
2738
297147
UIAOE
IAOAIUU
253362
255826
14733
AEEOOUEEE
0
248207
UEUOI
20073
EIEAIEIEU
35843
20388
IEIUEOOI
15144
180484
183868
EIEAIEIEU
0
176443
186215
AUUEAUEUO
165254
4813
173839
11993
0
5206
9693
38
11
OAOOOUEOIA
0
10283
150542
157345
11971
158549
166233
2616
167384
UEOO
156781
161188
163548
169592
AOIAOIIOE
631
22990
141430
67
144571
152647
8325
159321
161295
165036
AOIAOIIOE
167752
OUOUIAAI
160314
163217
167547
8232
176620
185191
189460
AOEOOEUU
11993
184230
191875
UEOUUIAUIE
175762
184136
OEAEA
AUIEEE
156157
156545
0
164193
169725
9157
E
AAEIEUIOU
125077
131873
138432
148287
8363
AAEIUAOIAI
121299
4813
2180
3291
123596
128876
132747
11025
3584
134835
EOAO
126982
135406
OOEAUEAU
123132
132174
141720
35843
EOUIEA
4421
IEIUEOOI
IUUUAUU
IIEO
66602
0
74285
77022
85531
89044
93194
631
100526
106546
111626
118663
15356
0
126714
631
IOOO
18820
121027
18998
126470
18998
134649
2124
OAOOOUEOIA
OAOOOUEOIA
IOUUAAOUUA
IOUUAAOUUA
6044
89680
97162
103687
112010
UEUAUUI
2180
103971
6902
2044
5868
12979
106408
109140
IEEEUEAA
104573
106114
10110
113801
0
14946
122091
125071
127883
128198
UUUA
UUUA
109518
115475
13439
4538
122794
0
131193
135827
5267
144000
152849
155327
5635
157828
OO
140462
143605
6044
147946
154984
163665
169528
169782
20
178734
179629
13762
181258
187172
11025
14137
193682
2991
203402
205311
AEOAOI
8251
189334
AEOAOI
187374
AAEU
160652
166584
AU
164865
165739
168030
169060
2180
IIAI
155337
5165
3921
IIEOEA
144080
149320
EIEAIA
0
27392
UEIAIU
119064
O
104347
20425
106515
O
111096
112714
UUAIAA
IUUUAUU
97791
103360
6683
109247
118646
25585
121596
129195
136537
IUUUAUU
140012
146280
153190
156153
EIEAIEIEU
156321
4538
161982
13707
163279
AAAIAAUEOI
138727
EEIU
0
2437
13439
6902
8447
122540
131059
132309
16625
18447
2940
142229
146463
149013
24412
157590
5870
161341
EOAIIUUA
6703
0
136937
145682
148231
154742
EAAEUUOAI
29391
21296
135833
140537
0
147857
EIIAUEIIAU
9773
0
142580
11976
0
148834
149121
12645
157954
14878
2991
UIEOAUOIUE
UUAIAA
134899
135948
10279
144283
148686
149557
151164
5635
0
16663
153286
153559
156800
2478
160213
UUAIAA
UUAIAA
163319
EEEEEI
2755
162779
168063
169809
174011
UE
AAEIUAOIAI
0
EIEAIA
152178
EIEAIA
157893
167627
174596
36301
0
5635
5838
176773
2478
UAOEAE
161274
165615
13670
UIAIUA
13489
145708
UA
139605
146263
156184
IIOIAUAOO
UIAU
137792
143435
152649
160431
3181
UEEI
22272
134021
136868
EI
EE
129042
135667
137680
144813
148457
8671
153379
160056
16219
162526
164931
21538
10471
167650
18255
18255
172793
177224
182784
UOUAUEOUEO
163385
EOEAAEE
EUO
7395
136918
136997
2755
8601
24097
AAEU
134909
143721
11624
148484
24097
157219
16948
10279
163335
169684
8325
AAEU
24097
169482
171191
171920
UIA
EOU
135933
AOEOOEUU
AOOIIIEAI
10110
117320
119200
123455
67
126879
130700
AIEOUUE
7655
15162
110263
24957
114240
123881
132553
22359
30207
138930
35843
10279
AIIAAEIEO
31749
128689
10283
133906
141575
16326
143209
144901
10588
145920
150296
AIAE
2437
132803
138729
IAEAOI
129293
136656
30230
137778
146406
147840
2812
149855
155373
EOUIEA
154645
3530
157723
16326
20783
EOUIEA
5280
160118
EAII
143974
150228
157548
166621
168740
177722
182700
19948
190782
191502
14657
IIEOEA
5280
183384
0
15185
186435
194296
202425
209249
211751
219842
225081
16736
IOAE
27040
201083
OOUUAI
194053
202699
208653
7150
218103
224098
228485
234367
240930
249336
250490
254872
259126
267023
267724
275374
14878
20360
31749
276797
283399
15162
12840
292088
297473
14878
300482
17745
309310
311751
UIEOAUA
282965
AEAAIOA
280762
25422
6087
287378
288784
290170
294933
302382
307707
316896
24433
323067
324663
329751
338378
343900
AIAA
8424
334747
339123
340591
14164
AIAA
343711
349939
358331
368115
14085
368612
IIUU
351053
356203
362528
366532
21273
12941
369113
UEEI
EEAE
OEEUIUIUI
10588
327628
25839
0
12474
332674
341129
346243
347945
352977
31640
0
O
332809
8719
341895
342728
36301
8601
EAEIAE
AEOIOO
0
AEOIOO
308048
OE
293791
16924
10135
13428
8925
301215
310982
314727
EAII
2784
19843
34671
EOOIOUAO
280971
284731
289367
293594
298008
21599
10454
7655
305669
312358
0
25422
EUI
4376
291375
50467
2812
U
31640
30230
285849
8719
4491
295799
296629
67
300193
32504
303836
312443
314039
0
317418
318721
10266
26918
325364
U
10146
325576
327189
24412
329725
332166
28033
UIAIUA
319118
11624
16948
325521
329421
EOOIOUAO
22359
326711
33940
332429
341341
345184
4813
22714
345579
347095
355966
364887
371525
373468
379692
7363
385446
394613
400759
12941
404885
8383
409702
OUAO
OUAO
18516
407438
20360
UUUEUOE
388031
25422
395330
402955
EUIEAEOOEO
382827
15396
391145
392576
393805
401010
20783
405959
413601
416511
21980
17195
425580
430564
433379
15266
28072
AIIAAIIUE
412231
20783
7126
419775
EUIEEII
EUIEEII
409283
411580
10344
417793
27378
424275
428586
429616
AEAAIOA
431624
7395
437964
AEAAIOA
441073
441424
28072
444904
447456
454603
AEAAIOA
6171
14164
10344
455906
457030
14164
457581
458851
10344
463277
473044
475700
482679
16326
UIOAIEUOOU
481233
5959
31745
IUUUAUU
36301
24014
481591
486850
489032
EOIIEIO
16730
13597
469301
476194
15196
480870
483454
493256
12474
42131
498996
500355
503487
511744
512828
1423
521564
525554
EOOE
AOI
498323
504175
506728
0
4376
20360
22004
507796
516348
525824
AEEOOUEEE
525434
528066
529850
3530
531972
11526
AOIAOIIOE
516569
9700
21145
EOUIEA
505105
506514
513811
42077
15266
515204
521540
525602
533284
535072
24337
19498
540784
546237
555992
558339
565742
569973
EUI
10266
EOAO
547097
19948
556616
559038
IIE
551832
560886
567055
571409
578151
7510
22359
584510
23532
589449
8112
599406
606698
24337
616048
7510
13428
IAEAOI
42077
617778
626061
635205
643526
647656
649707
0
657363
OOUUAI
AEOEOOIOOE
32504
645223
646614
649784
2784
IUO
626230
630813
EAEIAE
AAUUOI
25882
8383
631294
636903
642093
651318
659632
21944
5226
660884
663245
19885
666858
6898
672724
680418
683576
36756
684676
UEUOI
25839
672582
EEAAEIIAU
679347
684776
18447
14878
24956
688202
689632
690458
691484
698025
UUI
681900
686432
695403
703810
708152
IAOAIUU
2784
698257
701376
9039
706117
714428
29247
30014
717290
OOAIIU
EEAAEIIAU
AIOOAUAEOI
659303
661515
19843
665873
39992
9719
668783
675144
38976
679749
686636
39588
687995
22557
696811
704158
16219
709146
719070
UAAIAOUOA
694671
AOAUAOUOA
32504
14657
20466
678392
9700
35071
IAUI
IAUI
672537
OEIIOEUEU
665727
666714
675470
676150
EUIEEII
AIAE
636432
28572
AIAE
641573
649497
AIAE
632616
8646
6116
IEEEUEAA
618700
AEAAIOA
EUIEEII
599776
604831
609785
618461
627926
39588
629566
638551
16924
642556
648193
32242
22356
654258
EUIEEII
28072
21406
OOIO
IAEAEUU
600322
10344
AUUEAUEUO
17745
I
584117
7390
591815
591969
43436
595608
601956
606376
24412
607455
607798
613754
25839
20529
23503
617220
625561
631243
631736
43436
21901
634114
635546
642102
648252
25344
IIOIAUAOO
AEOIOO
634889
641655
7395
35827
16219
651556
656941
664117
670470
672734
676442
16219
UIAIUA
664908
671384
677453
0
684400
686582
12474
14946
691216
22359
0
44039
694957
697487
697599
16397
704525
16320
9278
711172
7074
UIAIUA
711084
28572
715785
12474
722283
IEEEUEAA
4007
IUEE
700140
703642
704846
706081
21296
AIIAAIIUE
692871
31440
35147
699342
AIIAAIIUE
19551
35358
708207
32242
709949
19462
711314
18447
26689
34944
4007
716473
716576
718540
722062
43436
24956
18722
729969
IUAIEOA
18833
717653
33179
723322
40265
22747
35525
732911
EEOUOIU
722207
723985
21296
727004
26496
26496
732880
13102
28024
15418
6044
0
736480
21599
33428
27017
743710
UUU
20529
0
730867
739561
748737
27831
UAOEAE
31745
748466
28072
IOUUAAOUUA
748123
753550
27065
16781
IIEOEA
35827
26062
753751
759002
EUIEEII
13657
732875
9700
30091
742791
8086
747094
752491
760985
768679
773713
776936
784411
0
EUIEEII
764275
772439
775808
OOUE
16822
IOAE
OOIO
4007
721134
723628
UIEOAUA
713103
718789
6447
725041
40265
31385
734081
738821
AOIAOIIOE
20529
732902
EOOIOUAO
710681
UOUAUEOUEO
39588
OEEUIUIUI
6044
695777
699954
10283
IEAE
2421
12841
14496
37321
672620
676787
8383
686226
689125
695973
EAOOA
695546
702022
709832
718988
36756
727540
731191
0
UEIAUAE
IUIEAI
694555
IEEEUEAA
694345
26432
IOOO
675301
681520
UEOUUIAUIE
672651
680017
685762
691096
696065
25729
700517
704045
710910
I
696720
704974
711419
714730
719976
722009
723488
731736
738297
744162
10119
35147
746055
AOEOOEUU
35592
35205
726219
IIAI
16320
721698
730845
732572
741474
743271
744426
27831
745073
752639
12838
23985
4782
43436
3936
IIOEIEAUO
748928
21953
19551
OOEAUEAU
724174
727604
728533
AOAEOE
727329
736577
28072
739793
37661
746588
748870
756004
761622
19290
40265
2784
28072
764916
16003
31840
AOOIIIEAI
22532
IIOIAUAOO
O
45096
707862
711202
6447
2784
711460
717047
19643
726116
36780
732410
38061
734603
743535
26468
UUI
720937
UUAIAA
26574
23071
714315
723645
16320
729235
UUAIAA
726691
36869
19366
24300
727454
728202
736543
61105
744794
32847
748482
9700
758239
764371
770736
40265
773431
780129
781381
7074
786919
791070
796506
801068
803623
809328
818161
5870
823469
19086
826014
4954
833298
37473
EUIEEII
827312
I
820184
828040
831440
UOUIUEUE
45096
810356
IAEAOI
O
O
792650
799856
801662
OEIIOEUEU
793497
26686
28660
19290
9719
14745
796224
6447
6116
804801
UUUA
AOEOOEUU
AIU
756932
760099
765164
766699
31745
767376
2421
AIU
UAOEAE
21953
748058
755832
760404
766269
770912
20283
772426
25359
14878
776693
784590
AOAUAOUOA
774083
779916
786609
37623
21801
29025
UIAOE
780745
21953
786153
787353
789491
24412
AAEU
767301
43436
771725
36869
779445
784906
21204
14745
787974
793096
6171
14107
799320
806633
OIUOA
47795
29853
785246
38166
794837
43436
19366
25005
31840
803800
807629
EIOUA
25344
15758
784029
32291
788018
45037
6171
796612
25729
EIOUA
801133
32671
801812
47795
EEE
777052
778590
47795
782930
787984
797463
805774
47454
810429
34206
810879
815954
824525
833256
833470
841566
850649
853827
856496
866445
874050
17745
OIUEI
871848
873592
874693
881352
16400
881677
16320
883177
889393
890515
893928
18749
U
23205
873302
21204
35827
AOI
862789
I
862892
865818
AAEIUAOIAI
31451
2421
860832
861481
870064
876800
881681
AAEIUAOIAI
890947
OIA
873363
881194
25344
882806
EEOUOIU
866508
871330
874004
878827
881235
23205
21901
888806
891479
899538
EOOE
14420
25133
33028
900647
EIAUEIOIOI
10047
24600
885280
IIAEEUEI
AEAAIOA
AAOUEOEA
839273
841849
EOIIEIO
EUO
3936
809628
814525
15758
820714
821610
822252
37623
828007
829715
835439
17020
838089
838935
UEUAUUI
828791
31745
AEOIOO
821923
825175
19377
UUUEUOE
827417
834800
843643
11907
17020
852411
860407
25133
AIU
17035
847123
12177
853376
859682
860758
43431
867185
29892
46225
874227
AAEIUAOIAI
857022
863773
868372
876118
885697
889281
890957
41331
EEIU
IAEAEUU
14367
37623
854331
861290
869623
32087
45037
879014
32671
883355
16320
24337
49453
890447
895708
29892
897194
32465
902155
5432
907951
912327
23194
16320
14367
30817
914164
919897
920189
921963
926273
926432
935196
AOEOOEUU
929262
936498
942937
947992
949429
958562
961089
969070
6171
977904
984924
EIEAIA
6116
964184
AIU
942583
22070
950199
OEEUIUIUI
936306
939405
28459
21160
942949
945986
12952
24271
EOOE
40299
931148
20272
934398
27131
AOO
41331
910912
UOUAUEOUEO
896160
24271
80963
900510
18126
908326
80963
37734
17938
913988
914771
923665
927129
927735
33428
34206
930430
936942
946500
34326
955653
EI
18926
OUAO
915978
15758
916040
919473
921405
927072
934536
13062
47679
944167
OUAO
UIAOE
935197
25729
940676
21901
AOO
920138
45289
29787
922808
UOUIUEUE
15280
44351
918180
920612
923798
927691
45289
16299
40265
931936
936930
944233
945108
AEEOOUEEE
943056
59563
950896
950971
47679
954613
962696
46164
34516
967589
AEEOOUEEE
25114
974392
EAIIIOO
25114
38733
14367
OIUU
934184
28334
17035
30347
8759
940832
950436
950933
960011
5242
967462
UAOEAE
960693
964334
971511
977714
37623
979535
19852
13506
983388
989623
AIIAAIIUE
2784
13102
974873
58157
38961
IIEO
975924
980873
38629
985466
37907
987483
AAAIAAUEOI
40265
963440
964686
973801
45289
50997
18794
38629
975988
982077
986251
993099
OOAIIU
58157
980563
78558
982875
21204
987451
996179
1002675
EAIE
984651
8646
994010
29657
1002755
1010178
1019839
35760
1027074
1035797
34236
1035978
1036542
1039340
19377
25114
1043260
37674
1047207
32087
51033
22516
39261
17035
1056582
1066412
23913
21877
29621
17938
38808
1067717
1071664
UE
1063193
1066648
1073733
29836
1078595
1081951
1083418
1089742
1096335
29928
1105988
1110318
AIIAAIIUE
16400
1094920
29284
EOAIIUUA
1098521
32671
1102648
14367
45037
1103122
22532
1105362
23071
34450
47679
1107690
1108036
1116128
22512
1125054
1130114
21759
EUIEEII
1125784
1130754
19852
1140594
1146633
51033
40720
1147280
27831
IIAIIAO
IIEAUI
32087
IIEAUI
27017
16003
1116696
10168
EUIEAEOOEO
1121147
1127760
23738
1136047
1144502
6171
22982
1152658
19843
17955
15418
73434
1158210
AAUUOI
1144419
1150806
80963
26512
1156195
47454
6044
1165350
27017
17035
65094
1174195
34366
AEI
1157821
1159899
1166790
1167505
1172206
8713
32465
1178152
1181488
47679
1190155
AEI
34206
1192256
1197536
1201202
1206649
21972
15758
1209496
1218676
1225290
1230274
22235
1240172
IIOEIEAUO
28469
1219607
33371
1226744
1235097
1239928
1247727
8759
1251168
27831
UO
34396
1248853
1254182
29787
OOUUAI
1232214
OUAO
1207358
22512
1214217
1223222
21463
1229875
29787
1236350
1240866
1242024
UEIAIU
1230222
1235178
EIEAIA
1218729
45289
52232
1223322
1227958
1233585
1237928
24838
1247176
1253320
1260401
17035
1268851
1271669
1279519
36875
1284620
AAUAEEEAA
49108
1275222
8759
AIIAAEIEO
1250927
1259714
22070
50538
1263677
12952
AEEOOUEEE
OUAO
19843
30817
1208410
64638
1209109
47454
1218847
OEEUIUIUI
1193887
UEOUUIAUIE
22011
1185525
1194761
OUAO
34206
1188155
34565
1193200
24694
1196392
1198078
1205869
OIOUIAOOAI
2784
IEAE
55819
31840
1173852
23205
35422
EAIOOEIAUA
1148466
UEIAUAE
32962
1141569
1145474
1151386
1157692
1165150
1166597
1168049
6171
1175368
1178926
1182250
1186099
1191294
OUAO
45773
1180902
49453
1181093
30347
1189445
23913
1191400
1193823
28538
1200333
1209677
1210829
1216636
1221529
AEEOOUEEE
1197218
1198665
16400
AEEOOUEEE
1203566
1205942
17745
44631
1207406
16400
1207930
21759
1215393
IE
12177
1215099
1225018
1233191
AEEOOUEEE
EUIOAE
1183086
22379
51033
51033
1189070
1189280
1193172
U
1183207
UAOEAE
1176402
1178930
23913
14389
36774
1180347
24057
59820
1188320
30358
1197006
1202784
1202931
UO
IEIUEOOI
1181702
1186773
1193658
1194253
AUUEAUEUO
1175115
37165
1176827
1183277
25729
1187535
1196629
32294
86718
1196837
1205205
EII
1184702
23071
64638
56845
15425
UUUA
27670
29284
1171136
1176288
1184132
OIUEI
1159025
IEAE
1146363
IUAIEOA
EOOE
EOU
24112
1117686
32667
41189
29284
AUUEIOUA
AEOEOOIOOE
EUAEOAE
1073000
1074511
38733
1079957
1082596
34478
EUAEOAE
44926
1086757
1093649
1102557
27017
1104832
41189
65094
1105215
53589
59166
1114126
34478
AIU
55958
9994
26512
27587
1103220
1103266
UIAIUA
32784
34212
1106142
24527
1111172
54321
1114536
IIAI
1097594
AEOIOO
AEOIOO
64638
1075988
EIEAIA
1057750
41189
1059404
22006
32784
1068639
46172
1077754
OUEOEA
AU
31452
1057925
23913
AOAEOE
OEEUIUIUI
1039347
1047754
1049349
1055219
1064729
48055
AEEOOUEEE
1045194
1050442
1053686
1056562
28073
32802
1066170
1066335
1071144
1075720
UU
1062680
54338
1068520
49026
1078184
37751
1078469
1082797
34286
1086895
1094083
46172
UIEOAUOIUE
IAUI
1075847
52935
37448
1076379
1083084
20648
29113
34461
46840
AIOOAUAEOI
22011
IIAIIAO
1074937
1079298
1081014
1086560
EOOIOUAO
1077618
1085433
1091981
34177
1094628
1097589
1100746
23913
AOOIIIEAI
1095368
1099946
1104327
UO
1086040
1095681
16400
UUI
67263
46185
1084670
EU
53583
1067055
49026
AUIEEE
EUIEEII
33886
23205
31283
1023001
1029177
1031954
1037565
22145
17745
1041876
30358
37222
45277
1047593
1048600
EUIEEII
1048237
1050552
31745
1058941
31775
1061939
1068191
1071275
1076983
1083984
1088471
72266
1093622
57357
IIEAUI
1078454
34212
45277
1086423
1090025
1094403
UIAOE
44351
1087010
1089480
1090459
1095599
1095820
1097940
1101847
1111112
55163
EAEIAE
U
U
29113
37222
31745
1074652
45202
45646
1074990
45277
1076366
OAEAAEUUA
13102
1068584
1074612
22982
1074777
OIA
1053740
1063006
1063440
1064739
1068807
1074391
OIA
EOAO
13165
1069970
1072452
1076741
1078830
UAAIAOUOA
1059501
1064171
1069443
69409
66419
OOUE
1065547
1074653
1077668
1078238
43945
UEI
1073279
1080464
1081924
1085894
1092216
1102100
1104782
EUIEEII
AUEUIOU
1078481
1083841
64413
1089591
1098545
49303
1102716
AUEA
UIAUOEUAI
1088296
1088705
1093039
53811
2727
1094532
EOAO
1073920
1078330
1085633
AIU
99059
1073868
OUEOEA
42157
29264
1053761
UOUAUEOUEO
1045934
EIEAIA
53583
1033535
49088
1038110
1039311
1044993
OUEOEA
1043036
1049086
IIUU
64413
1039604
1041575
1050687
1056427
17750
1062442
46119
1065881
1070750
1073525
1079822
29705
37751
63274
59400
16293
45048
26752
15945
IE
IEEEUEAA
43682
32087
56745
1060253
23101
48018
1069092
1077033
12892
1077802
EEOIEAO
1054435
1061166
1066877
1067435
1074687
69409
48018
1079960
1084030
OEEAIIO
38991
54338
1078088
1080983
1082249
1082888
1090192
46185
1099363
45826
1101584
53811
1105604
1107270
1108792
33716
15758
1116930
59400
1123975
1129392
1132998
34177
1139935
22284
1141788
1145132
1153480
1157776
AEAAIOA
1150276
UE
1154339
1158839
1166226
42784
1167023
1175095
1182735
1183820
54338
EU
1180797
5242
32796
1188517
OEEAEEOUAE
EUIEAEOOEO
14389
1166596
IAEAEUU
1166101
2859
1175597
1185065
1192189
1192322
1194152
19732
IAEAEUU
57776
11635
43345
25842
AEOAOI
99059
1189925
2859
53583
1194190
29550
1194534
21729
EUIEEII
77327
1180789
1186278
64960
1189408
1197330
1205185
15945
34578
67263
1214179
22284
30465
1223226
1224455
21315
1231408
AOAUAOUOA
OIA
1212030
36342
36741
1219490
37198
1226953
1229931
1234368
1235982
17599
69409
31840
1242817
33366
OIA
1248852
31840
1255463
OEAU
1258281
1264020
1266540
IIOIAUAOO
1264268
1271913
31775
1271969
1272542
UEUAUUI
1251595
1252865
1257995
1261715
UEUAUUI
31598
35644
IIAEEUEI
1242227
29705
1245074
17750
1248858
1256495
1264694
1273189
1277826
1280020
53583
41189
1284032
43945
15945
EEEEEI
1264043
38990
1268597
1277516
AEOEOOIOOE
OAOOOUEOIA
16293
59400
49088
1242560
1245922
1249913
46185
OAOOOUEOIA
34163
1257292
1258229
52018
1263769
55014
IIOIAUAOO
1243119
1250507
47659
1255571
AOAEOE
52935
19462
15945
1251537
11635
42157
1258883
1259117
1268166
53445
1270223
1272921
1273986
39747
1275136
44103
1279389
1284202
46185
1288042
1297365
1307234
39929
61942
47832
1311181
1312119
1316614
1324691
1326130
1335196
1343177
1343932
22379
1349479
AIU
1339536
1341389
1346092
38902
1352452
29113
1360834
40715
1362044
23101
1368095
AOU
1348245
1352341
42784
1361536
IAOEUI
59400
EIOEEEUE
1337900
1347646
21315
36342
OOEAUEAU
17753
1341212
53156
OOEAUEAU
1339935
OIA
1338728
36342
99059
1346563
UUAIAA
1342571
EAOOA
1331211
46185
1332263
47783
53603
57286
1339686
1349654
1356711
OIA
31840
15945
1349370
EIEAIEIEU
22982
IIAEEUEI
1320978
37117
1326938
1329563
1335892
UIOAIEUOOU
65110
27473
44332
1334942
1341296
1348297
34206
1354422
UEIUIUAO
30913
1335015
1340349
AOIAOIIOE
49088
80036
EOOIOUAO
EOOIOUAO
1326588
OUAO
39955
1314808
1318464
1325132
1328368
51576
1331082
1337952
OO
1317958
34177
81691
AUEUIOU
42784
1306931
30440
1312207
1314841
34177
37222
AUEUIOU
1318751
1327427
UEIUIUAO
1317069
1322935
EIEAIA
1294503
1295666
1302095
1309325
1314301
1315149
UOUAUEOUEO
UOUIUEUE
39747
53583
1314790
46628
1316347
39832
48543
1317797
IIAI
1315496
1315607
1318986
46354
1324200
46185
1330704
50228
1331744
30682
1341571
59823
1345801
1350540
IIAIIAO
1348160
1348816
24000
1352281
34212
1355545
1363704
24000
1371640
1377004
1384199
58321
1390452
1393132
1399595
62832
1407186
UIAIUA
65110
IIOEIEAUO
IAOIOU
1351592
1353999
35692
1358917
1367009
41889
1376610
80763
1382634
50228
1387429
UIAIUA
1388663
IIAI
AOIAOIIOE
OEAU
17152
1342567
99059
1352114
1357759
1366953
1371445
1373870
1374702
46333
1374970
1377496
EIOEEEUE
1360145
35182
51576
33242
59586
36321
1362991
1369845
EIOEEEUE
1372841
1376990
56809
19732
46185
31283
1380266
1381170
53811
45536
EIOEEEUE
56974
1384064
IEIUEOOI
36185
1385856
AAEU
101148
33242
61942
1375141
50842
1375711
22528
1377914
29517
1380687
35698
71834
EOOE
1387371
1396326
12167
42362
1403133
35525
1411624
35525
25609
1412507
1413962
IIEAUI
1396408
39832
38699
1403397
37779
EUIEEII
1390269
1398971
68032
42104
1402937
1403062
34973
1405812
15758
1413943
80763
1418519
UUAIAA
1397419
1398521
1401575
1407012
16065
1415217
AOEOOEUU
47387
1417141
67105
1424731
1428198
1431693
1434626
13102
AIAE
1414137
32796
1417374
1419934
1420678
1425514
15758
1435503
EAII
1410020
31840
EAII
41889
1411336
52872
60372
1414219
32681
1414471
1422779
19732
EEIU
1422963
49893
1423762
1426540
71432
1433134
54822
AOOIIIEAI
1420383
51802
49088
37117
26981
1427447
UEIAIU
47659
1412615
22528
1416764
EE
1397829
1399103
AEAAAAEIAI
35182
AEAAAAEIAI
UE
1367009
EII
1345195
29517
1349691
36321
43693
56168
1353228
1359505
1369288
EAII
49601
EEE
1325551
1328924
1329506
1335564
33366
59400
56198
34163
1336289
1340208
72799
1342747
1351083
1360518
IOUU
1341249
45598
AOO
38902
1326004
1329591
1336846
52935
57337
1340967
17753
12167
41889
50295
1349067
1351095
1354660
1358411
1364449
1374282
UEIUIUAO
1355627
31775
64788
1356770
35525
53603
1360776
20420
AEOIOO
1348156
67631
37198
13102
AEOIOO
1354235
1354903
UIA
1340284
1342087
1350314
EEE
47383
OEAEA
1318331
29741
46628
31749
1318355
1321987
62832
1331820
1334071
52018
1343442
OOUE
1346365
1353377
61724
1353551
1360519
1361828
67227
EAIE
1364254
1368570
UAAIAOUOA
44059
36321
83813
41951
1347191
30440
UEIAIU
33957
1332229
41889
1336574
UEIAIU
1336464
OAEAAEUUA
1334703
1335468
1337961
56025
1341401
1345752
1347105
1353662
72871
1359029
1364007
1365377
49601
1369635
52091
OAEAAEUUA
1372232
1372498
1375744
U
1363068
58722
1368697
63434
1378194
42190
1384594
1384805
83813
89847
1389916
48274
OUEOEA
45598
1384012
1393945
41889
AAUUOI
38890
1378108
1378835
UIOAIEUOOU
1370072
38699
12167
1377782
1385849
65110
UUUEUOE
41889
AEOEOOIOOE
UEUAUUI
UEUAUUI
63991
19732
1325474
1329016
71826
38699
1337224
1343492
1344626
1345354
1346746
37779
30747
45598
1351319
1354249
41951
UEUAUUI
73334
34973
1359280
1365143
59764
54739
1374781
1380263
1383837
1389471
53583
1391193
1399532
UIAUOEUAI
44525
83813
1385972
61767
1391000
19732
64618
1397987
61942
66679
1405394
EUAEOAE
61920
1402506
45536
19732
1409151
51558
46628
45598
1419035
AOAUAOUOA
1417663
AAUUOI
30953
54739
1415951
1420327
1421104
1426318
1432380
1442044
33917
1442616
29778
47659
27343
1448732
61767
OAOOOUEOIA
69607
48274
1427659
1427861
1429720
1432360
1433719
EEEEEI
1413879
57194
1423420
55459
EOAO
1421014
1430241
1437021
1441590
1446468
1446815
1455938
77436
49893
1460714
67733
71432
16293
54822
42268
IIOEIEAUO
EIUIOEUUAO
1426483
52091
1427612
48178
AEIE
EOOIOUAO
1389920
31959
1398501
1399603
1405233
IUIEAI
EOAIIUUA
1395552
55797
1397119
1398029
42190
35525
1403312
1403638
59764
61390
59295
49893
1404239
47278
22379
17753
EOU
59764
26981
38885
40684
1403361
55797
1406148
OUAO
29778
1389015
22577
58286
1389526
42268
1397913
17753
1399546
41592
30747
1404508
1407737
1417582
44333
OIEOEEOEE
1398329
54822
18674
1400117
1402677
47278
OIEOEEOEE
77436
49601
1405390
1413172
1420780
A
22577
EUOOAEUI
1408781
1410719
1420314
OOAIIU
1399551
EOAO
12167
AAUAEEEAA
1374086
1379971
1385217
50662
1388051
16065
51216
82066
UU
26981
66059
1371777
61767
70945
1377821
1382837
65344
40493
1387961
1397647
1403313
46354
1410054
1412648
OUAO
51802
OAEUAUU
1397707
38465
UEOUUIAUIE
51759
AIOOAUAEOI
1364595
42268
1366319
97619
1376005
1384900
AIOOAUAEOI
OO
33697
1387333
IIOIAUAOO
1374085
39797
28737
74267
44333
1379597
19732
UAOEAE
UEIAIU
1365513
76254
1370617
1380612
AAUUOOUOI
1360651
1362795
1365480
EOAIIUUA
1364566
1374088
IOUU
1350456
1357325
1362374
39041
1370948
1378111
1387253
1389504
23174
1392131
1394112
1402775
IOUUAAOUUA
1378487
1386426
1392279
41951
42190
1396258
1396383
IEIUEOOI
1393723
1396033
1396122
48178
1401710
1405626
UEEI
1389426
45120
1394658
1402887
38465
1409667
1413457
59823
44941
1418503
1427597
1430946
58201
IIEO
1428632
43874
42657
1431857
1440117
AIOOAUAEOI
EE
IOOO
1388963
61724
1394372
1395191
52351
1401799
1403640
1408777
1412711
44333
1421250
49533
UEEI
72160
45471
38885
20054
1417200
1424263
1431256
1432008
1439303
1447958
1457168
56974
1459102
1467133
78930
18674
1468426
1470182
1471413
1474929
49643
AIAA
41592
1471375
EUAEOAE
1452552
1455009
70696
60935
1460512
UIAIUA
1440739
37117
1441349
1451075
1457744
1466218
1474701
1476025
50518
1484411
59092
66230
1493905
35182
1501359
67434
OIUOA
1496617
58804
59514
EUOOEI
EAOOA
1459225
1465378
97619
1468224
1468686
1474642
37117
UUUEUOE
58208
UAIOU
1438412
1444033
1449641
AOAEOE
IIAIIAO
1430654
1438383
33957
58431
1439513
51759
48430
51162
1445650
1455428
1458588
1468544
56405
1468637
1477441
75094
1483969
60527
1491786
1501186
33957
1502926
1509128
59514
OAOOOUEOIA
65344
IIUU
20584
1465391
1467074
33957
AAUAEEEAA
1458986
1464382
34163
1471601
1480773
1481117
1481577
33957
1485291
1494040
1494600
37117
1500543
EOU
OO
33984
67759
1484155
1493517
1500128
1501484
40493
70101
62447
AIIAAEIEO
1495931
1499963
1505507
1511408
UIOEOEUA
35419
33767
1492062
43874
1499054
34420
1500087
1504146
67733
1504237
1504360
1510026
1515294
1516056
1516292
1519615
1529132
1532056
1533554
1537707
24033
1539529
80282
1546423
UEIUIUAO
IAEAOI
1539555
1544626
1551568
1559570
1562852
49893
80326
1565402
1571250
AAOUEOEA
1566740
60935
1574774
OUEOEA
1565746
1571642
1579163
1586850
79750
1594726
21262
58722
1600085
55500
OAOOOUEOIA
1590094
1594126
66156
49600
97619
1594180
1596030
AAEIEUIOU
1569646
1572618
1573635
38563
1580061
1580627
1583958
1590307
1592642
49030
1594916
43503
1604543
38766
1613098
1614833
1616898
1624028
1624860
43175
70252
1627978
1632841
63991
1642409
74378
62573
57525
1645841
51216
1652131
49454
43377
1653606
1662004
1665055
34163
1672123
36298
71601
63991
1677844
1681598
1690559
1698769
1701976
45346
1704969
1708093
IOUUAAOUUA
74145
1694275
1698112
EIAUEIOIOI
32821
1679175
51162
1687719
1696383
1700569
1710167
1719949
55923
1723169
1728733
EIOUA
80326
1719054
1724611
1731613
1739563
1747072
EIOUA
1750200
EIOUA
40493
69273
53749
1758179
1764186
1770012
43874
1778482
1787484
59989
51983
1792164
1798261
1805880
33984
1815200
62682
28973
1816737
EE
35419
43197
1806439
1815047
1815806
1819187
EUOOAEUI
1794581
37117
UEOO
1772077
1772988
47383
AAUAEEEAA
61963
1768344
1773608
1779672
38563
AAEU
43175
47383
1776509
28973
80267
47026
1785195
AUEA
1779368
UO
1780592
1790488
55923
92373
1798196
1802115
UIAOE
1779920
78059
67422
43377
65290
1781103
IUEE
48933
1769174
37117
1770166
1772234
1775381
58803
1784865
49454
1787379
16065
1795010
1803541
1808230
40585
IOUU
IOUU
47251
67160
87400
1782291
1784946
1790370
1794378
32821
IAOEUI
38563
60935
1792883
71663
1792945
1794287
1795277
20584
IAOIOU
AOU
54324
1772700
1775118
1778635
1782149
AOU
1783669
57525
1785287
1793717
1802580
67733
1809193
1818830
1826204
1827798
OOAIIU
1827761
AUIEEE
1804965
66156
1812007
61963
61963
1820195
EEE
1822219
1829211
1836256
29236
EIIAUEIIAU
1810414
1816469
49858
92373
61970
72871
92373
38814
AEI
40090
1812907
81812
1819432
1823526
16065
1825771
39735
1830339
51268
1836351
1843312
1846735
1855144
60935
1861955
EAAEUUOAI
61176
105511
1847699
1856543
54267
1865353
IUO
1871707
1878867
1887412
106144
1894246
UO
1879842
1880395
44333
1888651
1890940
1900690
1906381
19732
1910563
1916446
1919906
1920074
1926702
1936507
UIEOAUOIUE
62682
1916153
36075
88811
67472
1922163
83813
1930513
1937351
80267
1940688
1941646
1942356
AUEUIOU
56270
1943358
55998
1948118
1949597
67472
AUEUIOU
1958068
1963071
78059
61970
1963519
38563
1970275
1976272
1985973
UU
1970648
67422
1977256
AOO
1977751
1979716
1986133
50662
1988547
1994394
OEEUIUIUI
1987841
62573
62682
1992772
2001009
IUAIEOA
1998053
60935
1999664
IUUUAUU
45120
EE
56198
1974093
1974284
72146
1982561
1989913
1994768
2004268
2013988
2017695
2021112
IIOIAUAOO
45738
2022396
2029318
AIIAAEIEO
2005873
19462
39735
EAIIIOO
62310
36011
53749
1980744
1988839
1989295
1989337
1995532
2003523
50415
2009121
44048
OOAIIU
1985749
1990904
1997709
46614
I
46614
1978383
65290
70578
OOUE
63683
1952309
72871
1954273
57238
1960245
53749
1961136
38766
61909
56198
1961178
43503
53749
50415
61970
1969435
71601
1972287
1978765
1983274
39797
1984368
O
1981701
1982067
IEIUEOOI
AAUUOI
49329
42754
UIAIUA
50056
1936570
73836
86726
49921
UAIOU
1928213
1936995
EAIE
1921298
72871
1929386
87400
20584
1929632
40684
1937327
1947251
1947624
59777
1956731
1964788
67422
86188
1974272
UIAUOEUAI
1969216
41574
50662
51461
59323
UO
1963439
1971668
1972722
1976063
1978557
1983984
80282
62573
1990743
AOIAOIIOE
1968956
1977408
65416
1980338
1987382
1994301
IIEAUI
AOI
19732
1958386
58208
40493
1964706
18292
33866
EAOOA
1958989
42613
1961479
46614
AOAUAOUOA
1940603
63300
1943311
1952094
80848
1953719
80267
EOOIOUAO
47383
59764
1937456
1939825
1943639
1943690
74527
74145
1944648
1954608
1962238
EIEAIA
1941600
1947454
1955839
1963682
46716
UIEOAUA
1945999
29512
1951189
1959645
68030
EEOIEAO
1947819
84942
74752
A
1939357
EEOUOIU
65874
1935308
45962
1944621
UU
1918812
63409
53771
1926161
1930378
63633
1936363
1937837
1946444
EEAE
68030
UEUOI
1906469
1914762
1921774
1928153
68075
61960
1930991
1932653
1936959
1942252
80047
1943042
1948600
1950614
1960489
UEUOI
EUIEEII
1941157
AIAA
1937108
UIEOAUA
1912004
40053
89322
18080
67631
1920870
54565
62568
67160
78443
1927700
1930107
1931392
IIOIAUAOO
76053
1911517
1917423
1924501
63900
1927590
1935763
1944481
AIEOUUE
40053
1926945
47383
1934497
73914
71401
54843
1942384
33930
AIEOUUE
1944900
1946491
70101
38814
64927
1948906
1955237
1962717
74527
43179
1968466
63501
1972961
60952
1978031
76053
1980987
70765
1983603
1987391
1993597
89278
1994122
78443
1996445
73630
40051
89278
40053
22577
1996563
1997107
55998
1999426
OIUEI
1986524
1994450
67631
2001672
2008270
2012035
2018355
2021480
84780
2026525
2034860
68030
48688
2035091
2037793
68075
2046559
65874
2046720
2052363
OIUEI
65290
47383
79171
2055907
2056654
EAEIAE
55923
2044164
2049428
113051
2055459
57393
77438
2057857
UIEOAUA
2052175
UAOEAE
2048183
EAII
58724
2031886
70765
70252
75634
55998
45120
88272
2034259
2043372
2050435
125427
2058614
80375
63894
2059529
53158
2067482
2072305
2077545
2082413
2092255
2102063
67631
2111650
2120972
EUAEOAE
UIAUOEUAI
2112023
OOEAUEAU
UOUAUEOUEO
86173
2098893
2107244
OOIO
2083630
IEIUEOOI
2070372
67631
29512
57714
58724
2077121
61891
IIAIIAO
80282
IIAIIAO
65874
51916
IIAIIAO
2044139
2049125
23396
2057296
30569
2061673
75634
2065511
2066010
2073490
59448
71663
2073834
2077482
87188
2086718
2096575
2100915
AOO
2074052
49921
2081140
2083021
UUU
56904
2081194
45840
2083878
2085731
2087184
35049
2093027
74527
63894
2100288
2100747
2109596
65416
2114679
2122683
42137
35049
OOAIIU
OEEAIIO
2103229
71601
2110883
2112457
2118848
2127109
89278
58431
2130057
2133481
2134950
41534
53158
85157
88339
159873
2142366
25478
63501
2142505
2147136
68075
EUOOEI
U
2113271
40053
2120960
E
48984
78763
125427
55495
2099919
AOIAOIIOE
47769
47293
2098283
2107552
2111097
2117047
UU
88339
2116819
EUO
66379
55998
EAOOA
42634
EEEEEI
70164
AIOOAUAEOI
2061267
88782
49038
2063466
EU
93513
EU
42634
2040331
2050153
28585
2057177
77438
2059949
AAAIAAUEOI
2046688
2054145
39735
AEEOOUEEE
80917
2035909
2039478
115601
2040975
63633
AIU
2022355
64943
2029224
55923
2034412
2041829
25478
AAEIUAOIAI
2033109
87960
2037547
92656
UO
2034462
43869
2037450
65416
2042945
35049
35049
IEAE
85280
95850
2018859
EIOUA
2023049
2031663
36841
2038970
78763
30569
2039757
54565
76613
2046003
48087
2054550
EIOUA
2056395
2066016
2067839
63900
2071813
2081057
2081223
2089061
88339
56324
2097096
72064
U
77394
50415
64927
U
OOUUAI
80170
2077961
2079393
AIIAAIIUE
2076347
AIIAAIIUE
2079035
33767
94728
2088999
OAEUAUU
2087260
OIOUIAOOAI
64943
53891
2073081
2078080
2079341
49922
2085847
84044
2087850
2094705
2097644
107810
2101141
71601
2104279
98409
2114010
2119974
2120392
125427
OIOUIAOOAI
89278
2121120
57714
27254
IUO
2111965
2112657
100107
59527
2120289
71401
2123179
2130874
2133234
2138837
87648
50056
101946
2146456
59752
2150617
2155930
2158625
2164549
EOU
2162985
2167571
49921
UIEOAUOIUE
2146711
2154998
36841
85001
34882
82301
2159631
2160501
2163080
2165711
2171740
2172315
2178947
AIOOAUAEOI
2174293
77394
68075
45962
49922
2176727
AOI
71059
78763
2153789
51268
2158666
2162420
2171004
AOI
2176421
2178016
54565
EUOOAEUI
2162365
2164631
74087
38481
2168682
2171778
2174764
2181983
2187532
55923
2190101
2197947
2203772
59752
2204901
57442
2207723
2214528
2217256
27254
2224059
2232646
2233402
EUOOAEUI
2234574
47383
I
EIOEEEUE
OEEUIUIUI
63300
47353
2193246
2199858
UIAUOEUAI
2207342
2208344
2217587
2220866
49922
2228541
2236293
80917
2237128
OIEOEEOEE
27254
AEOIOO
53749
2216907
2225348
2234955
88272
49658
84044
2235940
2239983
2245064
49483
67631
2245921
79291
2253753
39652
2254356
76161
2262952
2264429
47947
2272562
2277315
2281641
AAUUOI
65672
28602
2285762
2292284
2300139
27254
2308725
2314196
AAUUOI
59545
AOU
2301372
AIAE
2278326
EOUIEA
92656
2257322
2260703
2265753
IOOO
IOOO
2236762
2244558
66447
2249073
2255108
44634
2258172
23396
2265194
2266913
EEAE
2243581
2252639
125427
2259875
IUOUOU
2258865
67118
2266204
51953
2267956
2269764
2271146
56230
28585
2271394
2276702
2286479
59448
2291205
42634
2296238
2303654
2312178
OAEOEOIIAA
EOEAAEE
107810
2268377
63619
73084
2275031
2281224
91173
2288659
2289714
2292814
AOEOOEUU
39735
2277251
2282130
2286461
35561
OOAIIU
2269024
2278460
OOAIIU
2285683
60447
2289354
2298956
2303338
2304934
IIEO
125427
2307864
UEIAIU
2288626
74087
IUAIEOA
2275744
2283744
47790
42311
73137
2292472
2297419
2298240
115601
57442
84728
UAOEAE
2280631
2282186
55718
2287835
61879
2291365
69968
2300505
AAOUEOEA
EAIE
71116
86012
2283154
2287659
I
2261737
2269788
2277806
108067
117596
2278302
2285327
2288280
78763
101946
2292529
UEUOI
2291022
72345
2299203
2300269
2301665
80267
2305470
2308361
2308622
73636
2311403
EIIAUEIIAU
47383
51245
2297708
80917
2306617
2308784
2317413
47769
UIOEOEUA
UIEOAUA
2284133
86177
2290505
52636
2295483
2300598
51794
2306600
86012
2309116
72064
2316949
2318609
2320295
UIEOAUA
2325196
IAA
85080
82301
2314361
AAEU
2291799
79291
34882
78763
28602
2291835
63058
2292823
2301967
UIA
2306091
2307155
2310339
61059
23274
AAUUOI
AAEIEUIOU
EEIU
UUAIAA
64186
2257954
64820
IEIUEOOI
67631
2236491
107810
59617
28585
2244443
2250229
AAUAEEEAA
2242838
2248652
2249404
99563
2255959
2263303
2269498
81108
2277510
66894
63900
2279613
2281724
125427
2285656
2288927
2289634
2298453
86012
100287
43003
71401
2299177
2304963
2313301
IUEE
2291724
2292137
AIOOAUAEOI
117596
2274995
79740
2276789
2280860
71014
68030
87400
2284365
2288107
2292608
EUIEAEOOEO
2277936
79740
OOIO
27254
2250097
2256768
2260878
2264145
IIAIIAO
2267745
IIAIIAO
2272763
42634
2278961
56477
2284588
2290194
2292047
2301605
2306485
42634
2307548
82301
20584
OEAU
OEAU
2290670
86012
2300485
61059
IAOAIUU
2275042
57251
UEIAIU
2278574
2287055
79812
71734
2296868
47977
UEIAIU
2290927
2295242
2304379
2305394
2312138
2315472
2321554
79327
OEEUIUIUI
63514
51794
OEEUIUIUI
2324533
2332707
2337257
2347011
2353438
2359090
115601
52367
2361153
2362075
73279
2371481
51440
2378910
EOOE
2369885
EIIAUEIIAU
99496
2353985
2354127
2356406
42331
110147
2360699
86012
2361311
2369023
68030
2373073
104196
2375978
2380060
2381473
54419
72459
2388484
44634
IEIUEOOI
81108
61450
2369452
2374418
2383170
2389357
EUOOEI
2379410
2384771
2387529
2391233
55548
71304
51736
2395584
2404815
2413136
2417104
60076
AOAEOE
2392491
2396179
125427
2397083
2399926
2409712
2419524
UIEA
2420043
71601
55408
2429725
2436600
2439602
2448356
89287
UAAIAOUOA
21916
2449266
2449968
2454312
61152
78063
2456085
2462675
2464762
2467151
2468136
2475066
70509
43760
101947
57820
2478839
71401
51440
2484677
2493764
AEIE
2467959
2476897
AAAIAAUEOI
107282
AUIEEE
2438168
EE
86219
AUUEIOUA
2421070
87525
57017
UEIAIU
112047
UEIAIU
2402853
2411805
EE
EEEEEI
AIU
2389021
2398715
55809
76645
2405475
52367
2413547
68015
2418493
112047
2428292
73758
2433833
71304
OEIIOEUEU
2428258
2432922
2441951
76079
2448742
2456012
2459633
2463840
2466664
2474940
71401
2477217
57820
70408
87176
EIIAUEIIAU
2452695
60076
37668
IIOIAUAOO
AOIAOIIOE
2420210
2422928
94580
AOIAOIIOE
OUEOEA
69757
86371
2421854
87525
2427241
2429317
2438507
AU
2416989
2424133
68015
2432994
70101
EOU
2415779
2424957
OOAIIU
2416535
2418533
2419503
EUO
OAEUAUU
73118
72965
31515
2388371
2390738
2392149
2394921
81305
OAO
2385668
2390329
27254
74388
55718
2393055
71014
2394069
2399022
2407712
2411093
54419
2417804
UIOEOEUA
2390883
38481
78063
2396969
51268
AEOIOO
2394300
2402861
2409593
2411532
52034
OUOUIAAI
81108
2400893
2410843
UIAUOEUAI
2403163
IOUU
115632
2402536
2407475
2416012
2425316
2432496
81305
73254
57710
64416
77912
U
35561
63776
AUIEEE
2391429
2393481
2400094
66247
97104
76963
76645
2403527
56324
2413022
2413955
2421988
89976
2425766
2434000
66335
81108
EOOE
2424238
2433028
2433943
105904
2437784
UEOUUIAUIE
78063
59752
110147
2433831
2438231
2444764
2452785
27254
2454813
65756
IAEAEUU
51794
2446798
82442
IEIUEOOI
2429006
2434291
130835
65768
73758
2434355
2441466
74020
22982
2448096
2455245
115632
2455277
2462484
2462611
2462901
37552
88102
54407
UIAIUA
2451629
2453082
2462655
2463629
EOOIOUAO
2459085
2459339
2460015
UIEOAUA
87648
2445000
52636
2450047
2452249
78767
47977
AAUUOOUOI
EU
2424421
2430142
2439231
66040
83430
OIA
2416203
2417105
2418896
UIEA
OIOUIAOOAI
OIOUIAOOAI
UEOO
2362809
2370219
2378807
79291
2385122
2390839
AOEOOEUU
2369456
2376086
67985
2380472
66040
124698
120820
UIOAIEUOOU
2385870
2391586
EU
IOAE
2364725
2373234
IOAE
2376004
IIUU
IE
64971
2353286
105518
59752
2355185
2364866
2372638
EUIEAEOOEO
IUIEAI
87648
76157
IUIEAI
70018
2349192
100161
2357572
40471
IIAI
2332709
78189
IIAI
2333688
2341921
IOUU
2337859
71304
2342672
74020
EEE
2338508
59617
UEIUIUAO
79812
AOAUAOUOA
130835
2314150
2322581
2326698
74513
2333677
2342474
86094
2343023
2345505
59988
2346683
68030
39301
85160
54595
2347028
AUUEAUEUO
2330583
84229
22982
UEI
51736
2321383
2321641
52894
2325291
54407
70018
120820
36821
51736
2331714
87400
2334868
2340163
2347383
EOU
55548
2344663
2348676
EOUIEA
UIEOAUA
2297453
UIEOAUA
2297342
121950
53143
2303958
2309802
58095
2312636
2322414
2330159
73775
2339520
54305
2342677
37668
64212
2351489
76413
68961
2357234
2366807
31515
UIEOAUA
2370667
UIEOAUA
EEAE
2358284
93915
2367998
EE
2369892
52894
2372990
2373139
2377980
2379489
2383365
2389736
77277
EAOOA
2373954
AIIAAEIEO
90539
2356710
2360997
EOOIOUAO
EUOOEI
67985
2343582
2346788
EOOIOUAO
EOOIOUAO
2338585
54407
61251
2345237
2353459
2357370
101253
UEI
2359421
76157
2361259
2362574
EIOUA
2343022
2351647
AEAAAAEIAI
EAOOA
2338627
2339348
70142
2346664
130835
51736
2354778
73254
2359543
77912
2359786
37668
EAOOA
2364416
2367642
2370547
2380186
2388489
77368
2395006
2403904
EEOIEAO
2396758
72965
80526
2399569
2400995
67973
2402130
130835
2403401
2411590
2419073
2419532
47996
59527
2423475
126383
78063
UEOUUIAUIE
EIOEEEUE
76157
2405261
2414681
2415892
2419559
47769
105518
2428587
130401
2435727
2439181
AO
2432344
54595
2434678
2438958
80526
2443431
46361
83430
55548
2448442
59617
65966
2453251
2458013
IAEAOI
2439981
53143
2445194
91330
2450867
UUAIAA
2440952
2448926
2453670
121950
2462293
86219
2468924
92843
2473923
OUAO
OUAO
66040
2451825
21916
59527
AOEOOEUU
94290
2445387
43293
2446474
73118
76676
AEOIOO
IAOIOU
2393007
UIA
91330
2386852
EAIOOEIAUA
101577
93752
126383
2369139
2373002
2377715
99904
66397
73020
OE
95984
2371821
2376245
73583
2385926
UUI
IEEEUEAA
43293
77277
IAEAEUU
EUOOAEUI
2296821
44006
2297361
2306364
94290
2308694
101253
2316254
OIUU
2293123
73118
2300818
2301576
2308243
87945
IIAEEUEI
106303
2291199
2298840
OEAEA
2295940
66422
2301177
OEAEA
IOAE
EUO
86850
2265625
2269857
IAOIOU
2256155
78063
2262298
86061
66040
54988
88247
61251
2266974
82993
65966
2272892
2274877
2283348
2283417
57017
91330
2284680
UEIUIUAO
AIU
2259476
69176
2266074
85570
47977
EAAEUUOAI
85160
UUI
99904
UE
73775
2231340
2236067
2238505
2242023
86525
2242788
61251
2249366
2255209
111671
93227
2255855
39301
2260872
2266661
2275820
57847
66040
67584
2283136
126620
IAOEUI
86114
82483
2271845
90539
130898
2272041
2272096
82993
66451
2276668
IAOEUI
2283051
UIAOE
98914
2255872
2258145
80526
IIOEIEAUO
2253063
82993
82483
73527
47977
82993
2255509
39301
130835
57847
EAOOA
2226928
111671
2232623
2235566
2242363
2243556
82358
2243706
2248953
72857
2256393
2261694
34347
2271600
U
2252609
2255258
2257155
2266910
AEOIOO
2263250
2270726
65927
54595
80542
53391
2274756
86061
2283075
78061
IUO
2278457
51617
2286421
2293856
2302522
86980
2309232
65927
EEOIEAO
2310762
2316078
97846
2318753
AEIE
2295486
AEI
2290907
91079
77600
IUEE
IUEE
2283085
OEEUIUIUI
2282066
2288313
124698
101947
80163
69176
2289589
2292662
2297960
76157
69097
2307045
2307105
AEEOOUEEE
2304390
73401
2309118
26247
UEIUIUAO
64709
66247
2301012
OEEAEEOUAE
2300124
2308984
2309164
2316226
2321641
68559
2328429
73089
2332072
UUU
2326097
2333274
EUO
89392
2311866
AAEIUAOIAI
AIIAAIIUE
2301472
2309303
72710
2317373
2325311
72965
102373
EEOIEAO
2321654
UIAOE
42083
86005
UEEI
2293549
AEOEOOIOOE
UAOEAE
2261306
68009
2263735
45903
62754
2264260
2271045
101295
2279772
2285495
2287820
86114
UIAUOEUAI
2263574
86587
2265223
2265810
66441
IUUUAUU
2258159
2264806
2271073
2280919
93060
2281479
2283308
IUUUAUU
42083
UIA
2274511
80028
2280605
2287306
UIA
67275
2287072
UIA
2291291
2293797
UOUAUEOUEO
IIE
77902
85325
2270980
IUO
EEAAEIIAU
2254373
93567
109706
73971
73761
2261727
UUAIAA
54595
86005
OEEAEEOUAE
73023
UOUIUEUE
OEAU
2189953
2192236
2201725
2210556
2212013
2219811
2225423
67275
103010
OIUOA
2214230
2216788
2217767
2218699
56955
2227956
94346
2229912
2236182
2242409
2246149
2253614
2262313
92982
73254
IEIUEOOI
56476
2237451
UO
2214508
143250
90851
69431
80312
UO
91330
2220881
2229368
80526
2232189
2241095
UEEI
2245269
2246991
130898
2254527
102373
71601
2254535
79676
2260619
112073
UEEI
2256397
88247
69431
62754
82217
2257691
OIUU
89861
2243113
106184
EOAIIUUA
67660
2235192
47587
2236877
2242490
94773
71137
89861
UIA
2235086
59988
52030
UEEI
112073
2232882
2236131
2241060
UEEI
2238964
AU
43005
2229196
2237364
2237494
80312
2243914
2244882
102221
EOOIOUAO
89861
2230536
82217
2234351
2238830
2245504
2254748
68183
80734
86061
122289
OAEAAEUUA
2233033
2239938
56955
2248819
76218
2249329
A
72857
86061
73118
2248395
2251076
2255142
2255783
OEAEA
2228763
2229189
54595
2229763
OUEOEA
96356
2210014
97104
2212939
2219566
2223699
70725
2224801
74764
2226123
2233274
2238792
82993
60657
93567
2242406
2243753
2253184
2261119
130835
94346
94773
2265038
OUEOEA
OEAEA
51617
EUIOAE
2224599
59988
EEOUOIU
109706
2216928
2220953
2222664
2222736
2231520
93567
86525
2232923
2235270
86440
83597
93201
2236846
80869
2239984
72620
83507
UAIOU
122289
123276
2217929
2224589
AIEOUUE
78870
2208593
2216885
113172
2218344
2226700
2229202
2238935
2247467
133581
112514
2247765
106184
IUEE
OO
103010
2238883
2240326
AAOUEOEA
2219621
73971
2223426
76881
70576
2227099
2232849
103010
UEIUIUAO
IIAEEUEI
UAOEAE
38036
EIUIOEUUAO
2174762
2182112
EEAE
61461
2173834
UE
170165
2169831
79676
2173617
OIA
84878
2147777
2153265
2158078
UEOO
EAII
2141495
2149331
69084
EEOIEAO
65927
EOEAAEE
106317
133298
76881
84488
93958
82632
2138610
2148316
2157324
2157435
2159655
2161713
2169670
78870
2178365
76881
2180559
51617
2180576
2185181
2191260
2197273
86005
82500
106581
2200339
2203659
2207730
2215782
OEAU
UEUAUUI
2178148
2183531
97104
2188091
AEAAIOA
91390
46463
2180436
93567
2180657
105708
2182080
2188284
97104
2196424
2203470
80643
55669
61442
OAEOEOIIAA
170165
2185957
2193926
62754
57458
2199485
2200236
OAEOEOIIAA
UA
89096
70725
126620
2191707
80643
AEI
53148
109706
57372
2184718
84103
2188824
2197949
80643
2198022
UEI
80643
2185086
94292
IEIUEOOI
82264
2175805
118317
2177774
2182870
2189558
89249
IEEEUEAA
2167339
2173003
60954
2180439
2184274
2192594
2201436
2201738
2209788
2213511
86338
2222863
IEEEUEAA
2216253
89861
2225962
IIEOEA
2219995
2226383
OOUE
2210706
2213239
2222788
2225924
2230762
AEOAOI
45873
2224271
89861
94292
105073
59555
2224730
2227141
AO
2208628
2216969
76890
AOAEOE
2199229
68183
2208920
2214683
126620
UOUIUEUE
EEEEEI
88247
107866
62754
2177737
45731
86219
107866
126741
2178426
2181620
2191336
2199970
2207515
2212304
EEEEEI
2208105
IAOAIUU
57840
45873
117205
107866
70725
101253
91938
2198549
AAUUOOUOI
2180882
60954
2185979
2186589
2190011
2196481
2205065
62753
2212832
2217783
AIAA
93567
55669
101983
69085
AIAA
2192239
2192814
2201635
61442
2206772
101403
2212418
2218363
2220277
2225546
2228268
95084
2229032
2232900
94346
OIUU
2218887
2222208
94127
76662
EI
2210648
2220451
2226407
2227227
103920
79676
U
109848
2223084
46463
2228346
2234667
2241841
2245127
73118
66385
2254443
2261120
86005
101129
2261255
AEEOOUEEE
57840
92679
101542
EOUIEA
147283
66108
2231437
95497
2236722
76881
2245490
76890
2254011
AUUEIOUA
2231740
74764
2233717
117582
2241635
OIUOA
2232548
EEAE
2214263
77480
2215657
2225526
UAIOU
2227864
67133
86005
2228750
66385
92858
2236458
AU
AU
2233452
2241123
2250108
93060
2252955
94452
2261043
142392
2265011
2267381
2270391
2270397
86335
94539
69284
2272067
2277647
2278283
89249
90733
2283612
2286998
2293966
EUI
2290801
OUAO
EUOOEI
2254874
2257435
74879
82321
2263299
2268635
2273827
2273834
EEOIEAO
82605
2274184
2277442
2282485
2286461
2286805
73195
2287001
2291409
113885
93060
2292226
2293648
EEOIEAO
57840
85648
2294870
2297042
74925
2298398
2298908
73761
99162
82321
2298930
101540
2307360
IIAI
2304458
IIAI
OOIO
2296778
2299715
OOIO
2306777
90626
UA
91236
2285322
89096
2290280
2298044
2301006
2309304
77460
2314981
2319970
2328616
69085
2336889
144817
2345122
86219
2353653
110193
54199
89249
2362768
2364016
2364698
2370969
2375591
2383177
100210
2384122
2388467
75586
2394018
2400535
2407209
113885
UUAIAA
78584
82482
2401631
UEUAUUI
2391899
81749
2397477
2399512
93201
2401434
52030
EII
IOAE
46463
IAEAOI
2369250
2378812
2383663
69781
2387364
2387917
170165
2389178
IOUUAAOUUA
2375759
EUI
EUI
2368977
EUIEAEOOEO
101253
101822
2360010
2369144
2369909
AAUUOI
AEI
2341124
AEI
84601
106184
2347271
28524
2352208
2353389
84950
2356119
2359058
129513
66181
91428
133298
AEI
2366467
2376338
64941
2383899
2393213
2402482
73118
2411584
106205
84950
2417826
2423623
2428873
2431085
95084
123276
AEAAAAEIAI
83507
AAUAEEEAA
77460
2385160
AAEIEUIOU
2363692
81749
94452
2365206
93201
117956
66108
AAUAEEEAA
2353990
2361622
AAUUOOUOI
101542
2362440
2369115
2378689
EUIEEII
U
109706
59296
90626
2369310
EAOOA
2362643
AAEIEUIOU
2361748
2366550
2366842
55412
IAOEUI
2339070
AUIEEE
OUEOEA
2292950
117956
UOUAUEOUEO
IEAE
57458
EIAUEIOIOI
2246216
93060
2254909
2257768
2261007
2269341
IE
54199
106184
2255375
2261045
IIAEEUEI
2263281
2272654
AAUUOOUOI
175176
EEAE
OOEAUEAU
86469
175176
64941
2243343
2250030
OIA
2229349
IAA
2225756
64162
2235567
EUO
2231636
AAAIAAUEOI
2225868
AAEIUAOIAI
AAEIUAOIAI
2194362
2197093
2206540
2214849
101647
2224156
EUAEOAE
80591
2205270
109618
2205371
71601
2215014
73761
2218985
2219021
2219502
76364
55669
98745
100161
101956
2223308
2223752
81225
2228970
80591
2229677
2234604
116833
2236967
133298
46463
2241192
46463
2246529
2248028
2249037
2249547
2255325
2256431
EIAUEIOIOI
2261184
2268759
2270704
2271355
82482
2273734
2278922
2287907
2297380
2300711
61442
104479
93232
2309248
80291
EIAUEIOIOI
2310882
2318539
2326122
2332501
2340270
2341145
138387
2344643
138387
2350583
80291
91938
66108
2359011
2368391
2373363
EOUIEA
2363092
2372218
2380877
114145
UOUAUEOUEO
85513
EEE
122289
123194
2364337
2370625
96036
2379661
2381738
2385124
62185
107611
2387777
80291
2395986
119212
2401340
82697
147988
81322
EOOIOUAO
2376508
2386369
2393183
I
118811
87669
2384588
86469
2386227
2396181
2402611
2406549
2412079
87749
OUOUIAAI
2410768
2419779
107866
83240
2423049
2431864
2441089
2450274
71601
51617
114145
82264
OUOUIAAI
86440
2454842
2454975
2463851
2468607
71964
2475047
88664
OUEOEA
2452712
82264
UIEA
2441997
114145
OIUU
2414819
2417495
77438
2423943
2432595
117236
2440624
2448461
105708
2457382
OIUU
2460050
2462137
2469213
2475107
2476746
AIEOUUE
2476152
2478682
42293
105163
2483093
74847
AIEOUUE
2489565
136695
97608
42533
2493659
2498493
91644
59296
73118
2507886
2514220
106205
2518487
105708
2520933
2527597
79701
2533235
2535053
2541264
2547268
2555334
54199
90879
AIEOUUE
2556570
2564400
2567814
2568638
IAUI
117645
2558733
2562861
109618
2569874
2575142
127325
2584282
2593506
2597643
EII
131006
89811
2587141
2589249
EAIE
175176
2575550
2584098
2591619
175176
EIAUEIOIOI
IIEOEA
2553692
2559708
2560397
82632
89811
66385
2569941
2579738
2582880
121608
2588369
71964
2591569
100307
86440
IIAIIAO
2567571
2567868
2574509
79701
2576922
OOUE
109618
2578943
78244
2586094
114655
142417
2587626
2590249
2596428
2600833
2609520
2615810
2619823
2620273
67186
98745
OUAO
OUAO
2612092
134359
2619264
2627365
86005
2627562
2635279
2645057
IAEAOI
2639579
83240
103334
IE
2640879
78343
100661
2641321
OE
2623733
IOOO
UO
82321
2606160
2606392
2610963
101661
100779
2612414
EAIOOEIAUA
98935
2604663
2612521
77434
85002
2617425
2618578
2619206
81322
2628028
2633898
113836
114196
70847
82500
2636813
2639272
UIAIUA
93201
2621723
UIAIUA
119212
109065
EAII
2613473
175176
2614257
2616897
UEUOI
IIEO
116557
106205
2575412
2578549
IIEAUI
O
90617
AIAE
2522581
U
2511255
49749
AAUUOOUOI
137255
2511053
2518512
2521894
UEIAUAE
2514596
2519700
OAO
2512620
2516438
67133
76157
2518037
2521607
2526250
EAOOA
2513367
76379
77528
2518023
2522394
2531389
IAEAOI
91047
2516918
2517083
109706
142417
EOAIIUUA
68047
IUOUOU
58996
O
AOOIIIEAI
2439766
73118
2441942
2448491
96575
2458331
2460920
96632
2466869
2470827
2479443
2483356
2490206
2495387
2504328
86440
2506760
2516443
EUIEAEOOEO
90702
UEUAUUI
2486888
2489967
2497550
90592
EOOIOUAO
2489940
29008
IE
88358
87749
2477299
90592
2481046
2481218
2488095
2495176
2496819
UAIOU
92098
2493528
108106
2497902
143250
2506317
2507101
2510715
2520236
90592
62754
AOAUAOUOA
2518204
109989
2521446
2531428
2537268
2542057
104266
2546374
2547153
2547201
124040
2549099
55493
IIAIIAO
2537437
2539075
OIUEI
2528256
2528738
82500
2533579
2541909
55493
135744
97128
92959
2543280
IUIEAI
104479
2532521
AU
AUEA
175176
2489908
99353
IEIUEOOI
EAEIAE
104479
87749
2465249
62885
2470721
122437
2479267
100295
97608
IOUUAAOUUA
2466223
107347
2470163
105708
77528
2474142
2476140
122364
IOUUAAOUUA
2479196
89472
96575
2482724
128180
104266
50100
2490133
110117
86440
2490172
2498038
IIEOEA
113836
2495027
100661
2497387
124040
2500348
UA
2478050
104217
83240
IIEO
87749
2474240
2484188
2484301
AAUUOOUOI
2476474
2476769
120670
2481799
2482670
2491301
77438
2492983
2500716
2504324
152299
79701
2504701
2511851
2512306
2514394
97042
125676
2521765
105708
110143
2525925
82357
2530656
133010
IIUU
2522152
144921
2528263
98988
2536946
2543668
103920
2550693
73118
2557114
EEAE
2544331
104479
2545766
2551764
2555545
2556130
EOEAAEE
2547530
92959
IEEEUEAA
29008
2534760
2540711
100779
84601
102240
EU
116833
2529533
82500
2534991
144523
113947
2544254
OIEOEEOEE
2526850
2535094
AOAUAOUOA
152299
2523221
2523640
2531038
85692
90702
105177
55510
2535065
67502
85692
2543040
2549561
102884
66431
87113
2549991
2552549
2554579
2557345
62885
2562033
2570570
100295
2573102
2580492
53248
138994
2583565
71232
OOUUAI
2574911
2578953
2586490
110322
2593273
2597483
2600668
98988
IOUUAAOUUA
127296
2588428
122437
E
2591009
2598701
2602731
74490
73118
110143
2603664
2603786
77438
2610157
2612165
42533
100661
2614485
72538
OIUOA
73761
87749
85002
OEEAIIO
2572307
2580947
2588063
2589838
2598651
114539
66431
IIAI
EAIOOEIAUA
2558507
2562490
EE
2544395
2545000
70016
2554620
AAUUOI
2548071
103920
70016
80734
84770
2556226
84873
96107
99222
98935
118811
131977
96632
2557071
2562496
EOOIOUAO
55301
2545958
2554918
2554954
91501
2562811
2565265
148622
109706
2567522
103971
113975
115541
103971
2575660
2576514
103692
2577573
UAAIAOUOA
102650
UAAIAOUOA
2560699
AIU
2557321
2561505
98010
OOEAUEAU
2539372
2547229
2552175
EEEEEI
97608
110322
2552616
EEAE
103625
2543990
2544731
2548315
2548812
78244
2552032
2558029
EOOE
2534228
2540854
110117
125318
96448
114539
105028
2545227
71232
2550310
98935
2553977
2557161
2566862
2573015
EEEEEI
80734
99681
81225
2552182
100661
2557577
2565332
2569791
2573596
2580932
2590540
2598948
2608045
72538
127232
AIU
2592347
131732
2600044
157386
104767
87113
EOU
2574389
2578400
2587346
2589107
2598378
2607200
2613047
2618114
116976
116727
2619366
78343
105708
2621745
87113
71110
104256
2628802
2631686
53236
85002
2638545
105028
UIA
81872
113408
59296
2637909
2645890
A
2625745
2634635
2638133
103259
131774
2645694
2654716
2654892
2656594
UEIUIUAO
109989
2652977
UEIUIUAO
105177
133796
2661013
106620
2665404
2670646
2679194
EAAEUUOAI
104166
2665969
EAAEUUOAI
2663819
IUOUOU
114539
99222
2653526
2654363
EAIOOEIAUA
2648249
118513
87749
2651169
2652807
2653274
2659918
113975
UIEOAUOIUE
83368
106620
2648930
2652883
IIAIIAO
2654115
87113
OOIO
96632
2649380
102898
102898
IIAIIAO
77438
82870
OEEUIUIUI
2622199
2626841
2628605
AUUEAUEUO
2602147
122364
2611026
2612735
83240
2616275
2622412
80734
144523
2629486
148622
2632510
UEOO
116976
84770
2628401
78343
AOOIIIEAI
IAEAEUU
107411
2615639
EIIAUEIIAU
UIEOAUOIUE
104166
104767
I
91896
106205
104767
2563837
123341
160927
127232
EUAEOAE
2565706
2573832
2575667
IIOEIEAUO
A
UAIOU
2522578
127232
2532228
55510
83368
105675
IAOEUI
2506121
2506850
2513068
UUUEUOE
101415
2512906
92599
EAIOOEIAUA
2502534
66431
2510744
2519829
104166
2521289
2521931
2530299
IEEEUEAA
2521749
OIA
62146
2509018
2516692
2525117
84873
AAEU
155145
2507716
2509676
2510721
2515761
2515990
138994
EAOOA
110970
2500010
156104
76324
156104
2501761
122364
88664
82302
79701
158102
2506306
2511440
2512135
2512892
2521925
2529918
134980
100448
102460
97319
UO
66650
2520661
2529655
2534034
2541424
2546192
2555627
84873
106015
2563068
EAAEUUOAI
2551589
106945
UIAOE
2552534
E
87113
2549602
AIIAAIIUE
2539584
EEIU
2539079
UIAIUA
2526811
UEIUIUAO
2509729
84462
158102
110514
2516053
143061
2517956
2518153
2520555
133010
129336
2528760
2531684
102460
62363
2540840
2544394
2547310
2549314
98935
119634
EIAUEIOIOI
2551681
121523
2561271
2564986
2572783
2579099
82820
2583155
96632
2589687
2596170
99222
2596579
87161
2606232
2611993
2613288
EIAUEIOIOI
2619380
102898
U
2620888
2621990
2631199
2638988
112360
112890
2640274
2647735
108945
2648375
EE
87317
2647799
2651523
66431
2653500
110143
2662040
2671928
2676428
2685944
EE
88664
EEE
2681749
2690831
104145
2691400
2695681
133750
IOUUAAOUUA
110517
97319
123157
119925
118772
2696729
96851
IIUU
IIUU
IIOEIEAUO
2678803
2681103
66650
82949
2689203
59296
2696335
2705895
88664
139276
2711053
2712242
2714417
2719203
112360
2721134
2728213
2729849
2739214
2748846
2749635
2758597
98112
2761048
IIOEIEAUO
2757659
2758411
2766495
2767094
2773036
2774303
IEEEUEAA
2755496
2762583
2765473
78244
2766785
96632
AEIE
2770251
72831
2776031
2776411
92599
IIAI
EOOE
2722105
101415
129444
2730994
107546
2735574
UEOO
82949
2715742
110970
66431
2723114
125482
2728793
IOUU
2730753
133750
102898
2738828
115419
2740971
2746513
80680
120952
104785
106945
118811
98935
IIEOEA
2735492
2739243
2747846
87113
81895
2753387
97608
EE
UIOAIEUOOU
2721219
OOAIIU
2705025
78343
155698
120952
UO
129444
2687088
162690
2694435
2702663
87356
I
117236
138994
2683023
2684700
2692929
2696274
2704106
2711060
2717670
2726155
122729
2729537
OAEOEOIIAA
2709255
98566
2714013
110143
81822
121523
73822
2720803
AUUEIOUA
2699519
91413
EIEAIA
2695551
2698605
98112
2700831
2705069
EUOOEI
IUUUAUU
82304
IUUUAUU
2680619
OAEAAEUUA
128722
118811
2669816
88573
2679162
2680592
IOOO
115573
UEUAUUI
2674630
91413
2681787
82870
108936
2690664
2698968
2701974
98924
147653
2705336
88573
UOUAUEOUEO
102763
2684027
2691275
2694962
IUIEAI
102460
143481
2686926
2687421
2696560
EUIOAE
2673905
EEIU
2661705
2666410
2670336
2674164
112799
2678368
2682622
AIIAAEIEO
2661791
2664410
2666366
AEAAAAEIAI
2638819
106315
2640928
2643453
EUIEAEOOEO
2624574
96668
2628408
2630174
109989
83240
102898
155746
2638648
IIAI
127904
2631624
96448
2637103
2643559
2649343
2649465
2650593
72860
2657634
104166
EOEAAEE
104166
82304
102368
93727
2646273
168630
118545
2647389
180870
2655793
42533
87356
2664982
2669237
2673018
2674830
81822
2678366
2684606
2692814
2694845
EUIOAE
2701274
IIEOEA
150554
131774
134980
OIUU
2686323
133750
2692054
2692765
150383
2695886
EAIE
2670930
2675832
71906
2684963
111480
2688391
2690513
71890
2691323
120358
2700950
2707830
2713716
OAEUAUU
83958
OOUE
69862
2680340
80262
2688746
2689666
AEOIOO
2694969
114921
EEE
2682095
UUI
2663090
2673035
89495
2680833
UUI
106596
2690498
89941
53310
74738
73493
2691096
2694555
77872
129444
129583
EII
2687489
IIE
2681982
2685044
2689204
U
74481
2674164
106596
EIIAUEIIAU
2676574
2677570
2678801
UIEOAUA
72860
2672322
2674234
139856
2678837
2678881
77872
2682219
2690568
102757
69862
2696065
2699792
UEEI
OOUUAI
2675836
110514
88129
2681372
UIAU
134980
2662228
EU
2635777
145718
116931
2643615
2646628
OIUOA
111789
2625749
2627706
2636641
2636722
2638723
2641106
2650659
108290
2659125
2665365
2670399
2677301
2683558
2693139
2700186
102800
2704422
140302
OIUOA
2703479
2706903
66650
2712328
2719310
2725317
2734272
2738910
2744442
187265
2746150
2751059
2757758
AOI
92592
100377
80324
2757146
2759176
OO
84392
UA
112890
IIAEEUEI
2730682
110815
115573
111872
2735514
112360
2738292
2740315
2748890
40224
122729
2756992
112360
2761446
EOEAAEE
118513
101571
2751368
2761019
2764057
100793
2766837
111789
2770013
EIOEEEUE
2750351
132032
2756104
88573
129095
2764761
2768915
108936
AAEIUAOIAI
87317
83240
2752048
2761691
2764359
AIIAAIIUE
78117
170938
AIIAAIIUE
2755377
AIAA
89495
110676
EEEEEI
2743389
2750723
OEAU
2729355
122134
AAOUEOEA
2719548
2727327
2735506
108936
2741012
AAOUEOEA
2747951
2755359
2758932
2767104
2773276
2778889
UIOAIEUOOU
2777267
2777269
2780809
111883
2787884
EE
122453
2769218
143481
123157
133014
EE
2751792
84617
126829
EE
131116
81028
118672
2735744
2745421
2748860
134192
90889
134192
126791
AIAE
2742045
108713
2742715
2751537
55899
162811
2753527
2755513
AUUEAUEUO
2737660
114921
2747646
EUIEAEOOEO
2731460
2734095
121126
2735393
126791
EUIEAEOOEO
AEOAOI
98896
2716644
2719791
148577
73493
131116
2724764
90821
2728023
91810
2732147
2732274
2741046
106227
2745034
84770
2745938
105189
AAEU
2725748
2726968
100280
143258
2736216
2744892
AAEU
2718624
118811
138584
2718916
166358
2724366
2726056
116017
2728305
2731556
89495
83240
2741196
2749542
2750942
OOAIIU
2733859
EUI
2713244
141474
99084
2714234
OEAEA
EU
2693904
134850
EUAEOAE
86389
2686443
2691485
2698122
EUAEOAE
AAEIEUIOU
2678470
81254
89941
132813
2684232
122453
2693370
2697871
74399
134980
2707588
2713744
2722196
OEAEA
2716071
99894
2720523
2729620
OIEOEEOEE
2729957
EIIAUEIIAU
2729954
2732980
81575
2740683
2742256
2750687
EIIAUEIIAU
2751519
2759204
81028
103295
UAOEAE
UUUEUOE
150823
96981
OIUOA
105828
93727
2721215
2730151
2736740
153356
2741166
2745919
2755089
2759121
97129
2764498
2768366
2770305
117606
2779882
111789
2785220
108633
2791776
EU
2775987
115275
2778759
139856
2782453
2790112
2796113
IIAIIAO
2796477
76181
2798359
2800190
2800434
2804177
93330
2806291
2810736
88749
132491
43035
122134
2814988
2824375
2825435
IAOIOU
2812304
2817032
2823932
2825343
108633
2834707
132711
UAAIAOUOA
100280
2808910
122134
2816962
179008
2820184
2828336
89495
2835565
108633
2844538
2845386
2846388
2851612
110815
122453
2854078
EIEAIA
102947
AEOAOI
132491
2831062
2838027
87317
122453
2842408
141474
110440
82870
AUEUIOU
2832726
134850
163682
2834552
2841095
2843765
122729
102124
UA
2844999
2845945
2850892
UAOEAE
143184
2842096
97091
121573
118955
OIOUIAOOAI
2838253
IIE
2820543
95575
168630
2827984
AIIAAEIEO
2834844
2839695
2846034
EEE
95163
107422
73665
2841730
2844807
2847241
99084
2850594
2855805
126829
99894
99985
2856046
2864412
133380
2871080
2871432
2876908
2883337
2891266
2893077
EEE
EOIIEIO
EIAUEIOIOI
2857072
133380
122729
102947
2860907
2868803
EIAUEIOIOI
110676
117606
U
2844439
92722
2854125
2855174
2864229
2870569
2874541
2883539
2884809
2885462
2887520
OEAEA
2875620
46280
115512
2877419
2879375
141474
2884454
2884677
94807
IAOIOU
150823
OEEUIUIUI
65474
OOAIIU
104595
2840165
126829
81640
2842763
2846156
132451
OIOUIAOOAI
2850303
2858892
2860862
2867503
148577
2873823
2874626
109989
2877467
2878021
132451
2880970
UEIUIUAO
2860462
EOUIEA
AAAIAAUEOI
171378
136143
146259
2823797
91810
95012
2826697
2834816
2840927
2850618
87161
2860081
2868893
EOUIEA
122453
2870892
2879427
2883205
86196
85378
2892346
119595
81575
2892761
AAOUEOEA
2880062
2880461
123240
89495
2882379
81028
153356
65474
2889325
2890010
2895277
2900234
2902623
71371
UIOAIEUOOU
2883221
AOEOOEUU
2867810
120112
2873297
2881688
2882293
2889102
AOEOOEUU
2891095
122729
2892077
2897741
142057
81254
2898698
2906982
IOUUAAOUUA
UA
66737
2883900
OEAU
118811
2877348
172240
2881730
128966
110352
102800
2882170
120488
122151
100968
102124
2888542
2892484
IIOEIEAUO
132433
92592
2892139
119595
2901593
2902156
EAAEUUOAI
EAAEUUOAI
99894
2871085
2875911
2876539
2886520
77233
EAAEUUOAI
AIIAAIIUE
EUIEEII
2841975
2847338
2847799
EIUIOEUUAO
80324
2841918
2846343
102951
2849074
2849505
187378
IIAIIAO
2835356
93727
2841580
2849139
2849911
UIAU
2844958
IAEAOI
2818540
2823557
IAEAOI
2819476
2824718
2826951
2836294
89495
2842385
2848374
2848832
100917
2858132
2867019
UAOEAE
2859526
130115
91392
2867857
2869343
AAUUOOUOI
AAUUOOUOI
100270
2852218
2858377
AAUUOOUOI
121381
AAEIUAOIAI
113041
2835291
2842398
2844849
87405
2848214
2850965
172240
2856793
2860370
2865806
2875043
120232
2879404
EUOOAEUI
AAEU
91718
126097
115512
2864470
2874374
IAOEUI
124408
137202
2864319
2867009
2870316
EUIEEII
117181
116917
102800
2860171
2866198
109989
2873821
126791
2876129
OEIIOEUEU
OEIIOEUEU
134640
EU
107011
187378
126791
2812718
2815534
117779
130396
2824592
143184
2827007
UAIOU
OEIIOEUEU
109318
2799808
2801961
2804340
146259
EIOUA
2780468
2785453
IAEAOI
2774221
106227
EOU
2760344
2767745
2774253
108400
O
112938
OEIIOEUEU
2762438
134431
2767378
172240
126791
78300
100217
2776357
OOUUAI
122151
2769996
UEIAUAE
UIAUOEUAI
2734516
2738409
2741468
AEAAAAEIAI
2736241
121381
2737449
2744712
2749683
AEAAAAEIAI
2751294
120232
2754047
2759695
2761549
116017
99266
2766270
U
2763745
138055
134640
126791
2769423
101076
71371
2778742
81028
AOI
81575
2758677
140685
AOI
EAIIIOO
2742853
2742889
179695
2744678
2752479
2761851
2766999
127786
2771898
2781396
UAOEAE
52306
AOAEOE
152484
2749913
2752552
2757568
OUAO
2737228
99266
2740190
119595
115275
UEIAIU
2729071
91810
84617
158967
128398
2738738
2739829
112890
2748518
2757639
176522
143258
2767313
2767321
2774149
2775089
EEIU
122729
IIAIIAO
2732355
IAOEUI
139411
123451
52306
99894
87161
2724316
116316
UEOO
2712721
IOUUAAOUUA
2692984
2695024
2702674
121338
2705242
122453
EE
2686507
127893
2690971
2698475
143184
120583
OIA
2677624
106159
2686159
UIEA
AIAE
2635257
2637797
122303
121573
130865
EOIIEIO
86196
79576
2638537
2644715
81405
52306
167036
2653947
EOEAAEE
2645802
107416
AIIAAEIEO
2627228
2633069
2635085
122151
126363
IOOO
109857
2640610
2647371
101030
137631
EOOIOUAO
2632607
184906
147708
2639698
126925
2648344
70180
UUU
2629895
2637210
2646317
2649822
2659204
118868
2660496
94990
2664759
2665991
159389
2675514
IUEE
153387
2672755
110204
2679489
126363
120583
2682957
2689714
EAOOA
107991
2671796
2671935
131341
2677366
97242
2677922
105347
OIUOA
2657780
UEOUUIAUIE
2650750
2651176
2654517
192073
84859
122453
2663108
52306
2663289
172240
2663778
96023
2670557
2674925
EOEAAEE
EAII
2638595
2647145
2647711
91049
147125
2655775
EAII
2659238
EAEIAE
2646885
2650094
117779
2656899
2657732
AIU
2663686
2665219
2671665
94261
2677422
2685353
2687107
IUAIEOA
2669225
2673859
101493
2679068
UEUAUUI
120339
2676549
2682918
IIAI
155308
AEI
95398
2634732
134431
2643043
EIOEEEUE
2638922
2647533
IAEAEUU
2621385
157452
104986
2625867
2632998
2636231
169165
96023
90509
2639783
2646285
2650642
121573
107482
2660096
2669956
2673674
2674284
118868
OAOOOUEOIA
2654859
2655652
2664910
92089
2674617
2679957
2680276
160138
OOIO
116014
2666582
OAEAAEUUA
2649008
AAUUOOUOI
OUOUIAAI
109582
2622026
109582
2624412
2627983
110235
134936
2634132
2636102
2640704
189403
2648530
2651687
84859
2654591
UIAIUA
2646941
109582
99200
2650250
122232
2658965
95836
2667712
99200
88928
2671043
52306
167036
142577
2674956
134311
2682262
99200
2690637
122453
UA
102800
126128
2664125
2664341
2667498
IAUI
IOOO
2661766
176531
2668166
EIUIOEUUAO
2648659
173942
2655184
2660093
2662553
117169
2670948
2672701
EUI
2652334
2657205
2657989
2663342
114529
176531
125829
2664282
157452
2669111
2670531
2679478
2685543
95836
2693539
119500
2699891
127748
2702935
2703176
2709445
113636
123345
163069
87161
117779
72317
107991
109318
2712033
120348
108156
2716716
EEOUOIU
117779
2713846
88928
125469
2718737
2720878
2724234
2731954
2736774
2738709
136847
2743656
UEIUIUAO
2727089
2731738
2735720
122232
2742808
2747975
79576
2750738
2756386
2758386
2767456
131275
176531
2775071
143194
135901
EOOE
UEEI
142658
120061
2759298
120246
2759817
2767795
2772389
117779
2781804
AAUAEEEAA
2761987
2763540
IAEAOI
2749226
2757102
90544
148023
2762036
2766874
2772867
117779
2780199
2781908
UIA
131567
140810
2758681
AIIAAEIEO
160138
2752234
2754464
2758115
2766610
2767207
2768452
2769040
IAA
2763433
2772064
135448
79576
2781867
2783816
107011
110671
93417
140810
OE
AEOEOOIOOE
2767586
157340
2772165
101493
AIIAAEIEO
2773320
125121
106977
2777699
2781562
203204
103126
IIAIIAO
189403
2761507
2766571
150289
2769184
2772828
AOAUAOUOA
166799
AEI
84859
2747517
2747795
90544
99066
2750040
2752309
2757302
145063
2760804
158988
AIU
2759769
107017
2766454
60514
UAOEAE
2753359
150823
2759731
2769452
2779132
2786136
OIUOA
2779111
IEAE
2775698
OEAEA
OEAEA
95836
110204
OEAEA
AUEUIOU
2761385
2762544
2772195
2772431
91099
2779917
2787771
2790052
131397
116837
2797154
IAOIOU
94948
2784778
2789686
91107
OOEAUEAU
106977
94948
101493
2767229
2771101
2771651
UEUAUUI
2747494
2755779
2765278
139353
AUUEAUEUO
2761024
EII
AEIE
UEOO
118868
126363
2732651
69213
2733955
2734852
131692
113017
2742949
2746651
143194
2756226
147093
2764246
91156
2766229
2775142
2778322
OAEUAUU
2774410
2780153
87161
2789131
2795787
2799665
UIAUOEUAI
152416
134311
113124
UUUEUOE
131341
EEAE
EAEIAE
2738303
2741218
2748205
110536
2755929
141118
2761727
2770921
112437
2777760
161412
2778623
2779540
117779
UUUA
EOAO
2758513
119093
2759190
123345
2764755
2772522
2781683
2782851
2790648
125754
139550
107017
201008
117779
122453
185411
2793351
AEOIOO
2772300
OEAEA
UE
143194
UE
AUUEIOUA
99201
2720952
AUUEIOUA
2727419
2734487
85452
152006
2736308
129313
2744176
IAUI
123345
143788
190844
2728925
2732098
119304
2738325
2747683
2757399
2759468
132337
110517
2769101
2774280
2780395
2788509
2791375
E
EI
2775886
140543
2780845
2790784
UUUA
2786062
2787356
122453
2788507
2796620
2799077
2803088
IIAEEUEI
2794768
2803879
2806864
128398
2808913
2814935
2818863
2827290
IIAEEUEI
133055
102722
2825528
2828159
OOIO
EUIEAEOOEO
2810081
2815908
2822672
2827868
150605
143788
2833713
AEAAAAEIAI
152416
127682
131341
2828380
2834366
2837738
102722
190844
2842146
176531
121685
141174
2849841
2855030
2860269
2868532
2877909
121174
2880516
117295
90544
AEAAAAEIAI
2877205
135448
121685
211383
113017
101493
146276
93461
2882820
AO
2860452
2861932
175510
2866498
2867918
2877604
2883286
85452
134431
2891219
134640
AIU
127419
UIAU
119304
EAAEUUOAI
2831869
AOAEOE
2814232
170321
2821636
2829635
91107
194437
2832385
184983
122291
IUIEAI
2809998
89994
2812071
201008
2821961
2824514
UEIAIU
129647
2816717
2825809
EI
131397
194437
2818129
2820809
102951
119304
UIEOAUOIUE
160213
2808381
AEOIOO
2791912
122453
135385
2796384
2796943
110536
2801640
135901
167053
2810477
119424
AEOIOO
EUAEOAE
2803371
123451
2806651
2807242
201008
152039
140543
2809537
109514
UIA
2802375
2807209
134202
125469
141174
2812835
OIUU
79576
OAEOEOIIAA
2789195
2791210
2792646
2799698
2802244
140810
159322
2805742
147093
121174
EOEAAEE
OAEOEOIIAA
170321
201008
2749145
161412
2750067
2750082
137862
OEEUIUIUI
AEIE
2725959
2726934
2735424
2737859
139810
AEAAIOA
UEIUIUAO
2703592
2708179
133055
114529
2715358
2716086
AEI
2696178
93849
2704283
147093
2707394
2714474
2718553
190974
2725312
AAOUEOEA
2721244
117295
2726258
AAOUEOEA
123775
95721
100439
91400
111897
2724711
2727921
2735885
2738955
2740178
UOUIUEUE
2744564
AU
106704
2731309
96750
2738110
2742855
EOAIIUUA
2732450
2739946
2749308
2752865
IIOIAUAOO
150605
113916
104410
EIIAUEIIAU
122291
106786
2711511
2712833
131341
2713066
UE
122151
121186
2702244
IOUUAAOUUA
2696306
2696816
EIUIOEUUAO
2678737
2684290
2690527
2696430
2706088
97364
OIOUIAOOAI
2681395
129647
2682305
139790
2686869
2694995
2697391
IIEAUI
2692974
EIEAIA
123584
156128
2679004
IIAIIAO
2660502
161412
2668687
2676781
2685216
2685253
2690257
155129
123047
2696646
126139
159322
IIAIIAO
2701011
2709828
IAEAOI
92352
2701887
121174
2708622
2709184
177652
71502
2711077
2719949
AEI
150728
95721
AEI
2706685
UEEI
201216
149886
119424
2685599
2686683
2689919
IIEOEA
2686793
2695313
139830
119424
99959
2701257
134933
2704625
2709350
2715456
2723594
2728247
2736998
AIEOUUE
2716309
94338
2721033
130689
211383
2726045
127913
2732020
93943
2740615
2744463
2749957
IUUUAUU
150605
117992
AOAEOE
2734434
UOUAUEOUEO
2731246
2737039
128234
187126
123635
2741993
2744393
2748912
2757104
127537
2761676
115056
122453
2768926
2771868
2777861
2785372
93849
2792543
2793850
2795122
2803650
131347
EUOOAEUI
2786838
2787227
2789561
2794054
2795897
2800822
2807529
2809232
AIOOAUAEOI
2806663
2807802
128234
2810407
147093
2817656
EOUIEA
2814511
2822750
EOUIEA
168543
2827709
179486
2829783
2834819
89994
137381
104525
95721
UAAIAOUOA
2816530
2819781
158582
122755
2821682
UIOEOEUA
2808101
2809710
97044
112900
2809978
2819921
2829625
UA
2814215
2822880
2829320
2837537
2847459
OAO
2845052
2851248
2858976
2860115
2867101
2874164
2883384
2890576
201216
2896925
2903228
149528
142730
143316
2906261
177083
2914137
IAA
2919744
2919973
158406
141331
152617
2929721
2939516
EEIU
116767
127155
AUIEEE
2911283
2916312
2917772
135096
2917826
157335
2926353
2934278
140543
2942992
EAIE
140543
2930612
167570
156367
2934814
2942229
120348
2944807
UUI
2940560
2946119
2948159
2952701
2962475
2963816
2971978
UUI
2975953
UUI
UUI
2946526
2952006
170113
126941
2959470
IOUU
2954992
2963715
2966095
EEEEEI
EII
2931082
2935108
2935431
170321
2936354
150728
2945706
OAEAAEUUA
159589
2947426
AUEUIOU
141174
2942334
UO
135494
2932678
132441
117624
175870
EEAAEIIAU
UAIOU
114529
2907102
147093
137381
2913897
2917518
121727
2926397
2934227
2937123
2943829
135096
113334
104410
121939
2947320
IE
AOU
156367
2922289
2927847
OUOUIAAI
2914326
2916499
2916888
EI
141118
2905818
2915496
2918811
2928764
100647
2931195
2939057
2940499
139830
AOOIIIEAI
AAEU
125054
104765
2913753
2921483
UO
2911217
2920448
130814
2928642
AUUEAUEUO
89558
2908819
160213
89994
AAUUOOUOI
143194
2907010
143835
2912654
AAUUOOUOI
2912025
UAAIAOUOA
143563
134395
100103
153825
2889742
147093
146939
2895151
2903025
2904569
112879
2905873
2908767
2915707
2924682
2925469
2928102
2934910
2938265
2944451
2945201
2951194
2952616
2958449
99066
2961553
OEEUIUIUI
UIOEOEUA
132285
2943998
2953769
2962134
87161
UEI
87161
179486
2945726
111959
2948716
2956903
2962435
2963337
2972344
84575
2975637
156367
136996
121792
69213
2977224
68877
UEI
2978167
2980270
2988173
109193
2996212
3005883
3013348
3017019
3019901
135557
196360
3028325
139353
104410
3033375
UUU
3014070
141380
3015157
3024800
3034485
137592
3036429
3041784
130801
3050483
3052515
3059196
93943
3065488
3073169
3080936
3082023
3087730
134933
85452
3097334
3105039
UUU
3110720
AEAAAAEIAI
87161
114292
176825
3101670
3102839
3108920
3117915
158406
140320
3119799
3121207
3129475
111959
3133445
3137439
3143928
126139
3147338
3156408
OAO
3144549
3149967
143316
150728
3152003
122722
3153361
3155583
3155853
122548
3165400
123345
OAO
3168843
OEEAEEOUAE
3151679
3154886
3162841
3170991
OUEOEA
3162500
194437
143563
146634
3170108
3176035
AIAE
3159121
3168949
3172352
AIIAAIIUE
AIIAAIIUE
3144578
UEIAIU
3148487
130689
3155545
142956
UEIAIU
97787
3152560
3160942
130814
86328
3169935
3174547
3177695
3185066
3185248
157335
3194581
EIOUA
157335
3183656
125078
3192845
3193667
3194011
3195905
3199675
136475
3208447
3209050
3215162
124959
3217806
EIAUEIOIOI
3214075
3223554
131112
3231158
126453
3240380
3247428
EIAUEIOIOI
3250764
3260469
EAII
134325
3238278
117492
3246463
3253259
EAII
165022
85452
EIUIOEUUAO
3246329
3250334
3255290
3259651
EIEAIEIEU
3259376
170321
184836
134933
3265082
72699
3268663
198516
EIEAIEIEU
3275389
125060
3285089
143563
139198
3289998
3298815
149528
3308038
3315699
101751
EUIOAE
98866
3289327
3294836
3298599
140112
162514
3299374
3304288
IIAI
176825
160683
3308142
3312442
3316680
177613
128234
124387
3319275
3321599
UE
UE
165022
170321
3303495
3309660
135494
3310122
117412
3317879
3319422
128234
3323098
3331996
3339139
135715
3343862
139198
124959
UE
3350656
136996
141820
3356662
3365507
3368261
3371839
102572
122755
3374692
141820
3382798
3386332
3387016
UE
UIAUOEUAI
3386216
108911
158406
3390523
3399160
158406
137381
UOUAUEOUEO
132760
3388334
3391041
198516
EAIIIOO
3375029
112716
3376010
135494
3382585
106888
170676
208745
IAA
3368931
3370439
OO
3367202
3374870
147577
3380273
3389250
EI
IEIUEOOI
134933
114783
3373484
117624
99066
107609
3378036
97787
3381360
168443
146947
3388104
EUOOAEUI
149387
156128
OEEUIUIUI
143316
OEEAIIO
3339929
EEOUOIU
3331691
151944
3337278
3339953
3344918
3353476
EEEEEI
EEAE
123244
3310642
3317087
3322448
3328408
3331346
IIOEIEAUO
3314054
136996
3315164
3317686
IIOEIEAUO
3323182
3327057
3330402
3331931
120486
3340492
134075
3346345
3353252
3356150
179486
3359047
3361841
AIU
3341238
3350806
3352439
3361300
OAEUAUU
3346654
UUU
111959
3322646
100103
147944
72880
3330807
182716
198516
IEIUEOOI
3318973
3326943
3332454
174592
72880
3341279
3343561
OIUEI
3324835
3327163
UIEOAUA
3308202
118742
3315772
3324892
3329959
3332042
131347
113138
3333506
178592
UEOO
OUAO
3296183
3303442
157287
165911
OIOUIAOOAI
150084
3282041
157335
3285391
AAUUOOUOI
148186
3261966
150825
3268378
3276607
3281670
163080
3288042
3293532
178560
138616
3296419
101751
3301911
3311052
3316960
3323348
OE
141820
3303949
3306554
3310556
3315316
3325241
3331922
3341274
141363
150084
3350616
147944
3358304
3364238
AOIAOIIOE
106888
3367412
AOIAOIIOE
UEOO
EUI
68877
92098
143563
3333623
134075
174464
165911
162488
IAEAEUU
3322157
200399
3326526
3332236
3339389
3343267
AAUUOOUOI
133927
OE
3316707
3320890
3325157
149205
94974
3333830
3337499
OE
IIEOEA
123116
3333051
3335773
3342048
3347274
OIOUIAOOAI
101751
3335121
177412
3336338
3345094
3352657
140995
168545
3360082
AIOOAUAEOI
3343051
IEIUEOOI
127913
3344885
3354295
AAEIEUIOU
3329078
3330749
AAEIEUIOU
101176
3339150
157335
OIOUIAOOAI
3341372
115056
150444
EAAEUUOAI
3326984
127827
3329575
3331928
3334040
100347
3336779
3346380
189339
OUOUIAAI
3336128
EIIAUEIIAU
3318284
100347
128116
143154
EIOEEEUE
3313638
3322418
197799
EAAEUUOAI
3320993
162488
113334
3325207
3333096
3335281
126149
131926
100593
3336562
3341036
3342778
3348874
3357158
3361111
3369943
149938
3375950
3377656
3378813
182716
3385326
3394615
3400273
147486
3406265
128116
178498
3414892
123116
149581
3421796
163080
181340
EAEIAE
135715
128234
3403879
110917
3407944
3413028
3413373
3416818
3421101
3424095
122081
117405
133583
94974
IEAE
141820
3412345
3415386
AEI
141820
3401748
3410821
AIIAAEIEO
3382007
87161
143316
3391846
3392986
3396827
3406283
3409213
IIE
157065
3401301
171015
181340
3406810
106888
3409447
109006
IIE
3408386
3414741
3421555
AIEOUUE
3411409
3416394
115056
85452
176029
IOUU
3396641
117405
206411
3402444
3410614
3416396
3423593
3431271
3435647
3443863
AIIAAEIEO
3445725
151301
147451
UIAU
111959
124659
UIAU
3421301
147929
AOOIIIEAI
3412121
126946
168159
3413534
124659
3417559
117412
3421654
3425396
149581
3431539
141113
3434690
3441906
131098
100347
AOOIIIEAI
3441827
3450655
3457504
3462926
158406
154792
118313
126946
3471435
3476702
IIAEEUEI
3461738
197451
154871
156559
3470817
3478279
3487082
125658
170817
3491381
3495043
3503113
171015
3506644
OAEAAEUUA
UEUOI
EEEEEI
EEEEEI
EIOUA
3411463
3415969
97787
141820
3424829
127356
121915
OUOUIAAI
3427377
3430810
3438727
AO
IIAIIAO
OEEAEEOUAE
3371954
124387
141768
3381921
3383694
3393356
3393489
3398564
3405994
3406054
155646
3409908
EEAE
AAUUOOUOI
3399607
3402181
3408843
128904
EEE
123795
134075
3399691
3400925
108807
3404948
3407974
135494
134199
3416044
3416933
3426762
3430183
154871
3434670
116604
3441656
3446073
3446243
100103
171015
UIA
3423370
188192
OO
3414568
127424
3417080
135494
166494
165513
3422844
137072
3429437
109790
3429749
170616
3431866
AAEU
3415605
127526
OOIO
3415612
OOIO
3417745
168288
3421089
3428465
132913
207543
3434914
3441779
3445071
3448083
188192
AOIAOIIOE
3430944
AIAE
3408290
106704
3409224
EOIIEIO
3390099
3396108
183918
3399668
3407678
3408970
3411873
160993
EEIU
173741
166494
208745
AAOUEOEA
3380890
EAIE
158008
3372243
IOUU
3357620
3360523
126742
3365549
3374718
EUOOEI
EUOOEI
3375215
3384668
174875
170616
3389455
3396197
3400293
IAOEUI
3386374
3387495
135494
100347
143154
106888
3388087
3389810
3395070
85452
3400632
3405315
3406552
3410170
97787
3416914
151167
3418244
85452
166494
3422387
179653
129949
3429734
IAOIOU
156449
EEE
IIE
IIE
170817
3383286
3384937
3393768
167291
74620
3402861
156013
136771
3410255
3418183
184422
3425245
3433389
3440350
134199
137330
OEEUIUIUI
OEEUIUIUI
3422403
3425587
3427042
3435427
3441858
OOUE
3437574
161798
3445094
3448081
OOUE
3454650
3457524
3457527
118798
3465583
3467708
3469740
182199
144987
3477825
3483617
143501
3485487
113334
AOU
3468261
3474546
95006
UA
3469010
3477885
3486257
143500
OIUOA
3465039
147486
149938
3468977
151167
3473423
3476120
3485073
3492155
3500506
149938
132115
3502724
140112
3509662
EU
176827
108708
197799
172766
3514566
143058
EEEEEI
3493804
OEEUIUIUI
3484502
OIOUIAOOAI
3458819
3463377
126946
3466593
3473990
3479947
3484221
3490836
3492391
3501742
3501941
3509369
3515472
138332
3523973
3533017
3538933
208726
3541436
118798
143500
3541482
3545072
197799
3549628
3553772
3555997
153028
3565262
3565860
165537
131926
3571980
3580747
3588789
3590440
3594830
3602318
161798
3607147
3612004
130145
3612871
157335
3615442
3623958
3632605
3635094
202362
UAAIAOUOA
3633373
3642525
3643468
3650659
AIIAAEIEO
IOOO
3638609
3647907
3651842
3655601
3658960
3667444
3674254
3676397
118742
3680373
UIEOAUA
3677297
143316
3685331
3694996
UIEOAUA
110917
3694478
3702267
141811
3711204
3720301
3724836
3726603
189000
3733855
133927
3735531
127913
118742
3740633
147460
3745696
IIAIIAO
225687
123795
72880
3741419
3745648
131926
128036
OAO
139353
132053
3720991
156449
197802
IAEAOI
3718781
136326
126742
143059
156449
3721491
3724665
101495
143495
3734475
179863
143501
156449
IUO
3725122
EAIE
143059
149574
153888
157335
OAO
3683136
3685987
185902
3693527
152967
3700260
3704943
3712561
UOUAUEOUEO
3703360
3710968
3717286
183918
3723005
3729443
3733570
3735720
136326
UOUAUEOUEO
133231
146947
EEIU
3714015
3718394
3719064
158008
3724186
IOUUAAOUUA
IIAI
3680521
3683197
3692144
3700763
177108
135545
3709096
95006
92340
166494
3714553
3718611
3725546
3732826
3733684
3741867
167909
171657
3746326
3750468
79637
3753006
3755427
136771
IAEAEUU
170832
3754643
123795
AUEUIOU
3742812
137558
3744253
3750145
3753483
IAA
111708
3750264
3759473
3759823
3763732
181340
3765427
176029
3770121
157903
IAEAOI
3749667
EOIIEIO
156620
132717
3750803
3759833
3765411
3773911
UEOO
3765396
3772339
IIEOEA
170832
3753665
OIA
3735541
3743813
3751534
3752612
207223
151417
AAUUOOUOI
3732040
3739846
192707
3746858
3756189
156449
3759522
3765853
3773131
3773988
3777356
219910
3784839
194886
3794148
173955
AAUUOI
131926
138841
147451
3779204
116604
143500
OOUE
OAOOOUEOIA
3742460
3747268
3755870
167234
85452
127561
136326
185902
3759969
3760229
135493
3761676
3771504
UIEA
116604
208726
3764166
3769291
3776034
3776041
108669
138332
161798
156365
3784367
3786668
3790015
101385
3794944
3798725
UIEA
IAOAIUU
UIA
174133
3751495
168625
3754718
3755864
3760651
3769117
198887
3777992
3786242
136326
157187
168767
156365
3790815
149070
AIEOUUE
3768591
A
161146
3769913
3771667
145634
UOUAUEOUEO
132913
160070
156449
144623
3768081
173989
3769357
3769923
3777492
117405
3780720
3785345
144836
135493
3791433
3796659
3802840
143753
137558
166494
179863
161184
3809492
UEUOI
3793797
156620
133756
3799691
136326
3803045
A
3785201
3791320
3791537
144836
141351
EOAIIUUA
3782213
OOAIIU
3761730
3763123
3769075
3771652
3778950
92837
179579
3785322
3788512
3792101
3798622
OOAIIU
3804698
3808568
3811686
203637
205852
3817971
3819091
147749
EUOOAEUI
3806635
181340
162625
3809344
124180
3810470
EUOOAEUI
3812230
3820756
3822922
116604
3823324
AIEOUUE
UOUIUEUE
169541
UAIOU
3748918
UAIOU
IIAIIAO
3746980
135732
IIAIIAO
IIAEEUEI
3730438
126139
153888
3735147
134953
3743676
3748074
154986
3753294
3756364
3764463
3770570
E
3752848
3756410
3763996
3764149
3773410
197802
3780055
170616
173989
109736
3789207
111708
136326
3790673
UEOUUIAUIE
3772610
3776259
3776371
3777845
143680
EIEAIA
IUAIEOA
OIOUIAOOAI
3721542
3728138
119841
156365
92340
3737199
IIEO
3728049
IAEAEUU
OOUE
IAOEUI
100593
158480
3676094
O
143739
3680942
3686228
3694312
3699166
3700719
IAEAOI
3701377
3710307
3718979
3728068
173741
AOEOOEUU
120883
EAOOA
3702308
3705411
3710126
EAOOA
3717453
181863
132264
132967
3720371
3727393
EAIE
EAIE
132264
3711604
164728
109260
3721085
144242
AIOOAUAEOI
OEEAEEOUAE
192707
OOUUAI
3690018
3698502
85217
3700989
3707533
219383
178364
3715640
153667
3715801
3717845
3720446
AEEOOUEEE
3700252
3708565
AEI
230259
219383
3696549
IAEAEUU
3670628
3671608
225937
3676760
3682343
117910
144528
3683225
IOUU
IOUU
182406
207223
3658811
146778
3668643
153888
208726
3669900
153706
110612
3679490
3687115
AEOIOO
3663053
3669898
3674080
AEOIOO
162625
145148
OAOOOUEOIA
OEAU
AEOAOI
AEOAOI
3651961
3652451
3657698
3660718
3660845
3663128
EUIOAE
211641
3649476
3652529
163466
3657840
162390
3665596
140071
154973
157187
108230
208726
3669044
3677827
177108
130027
3677934
105563
3683722
143500
3688434
OIA
177942
115806
114089
140071
183183
3683666
153888
157530
3687625
IUEE
3685324
3690112
105563
109736
3693100
3702178
3705782
3711111
147486
3718487
145392
3725753
3726614
157530
EIIAUEIIAU
146778
181340
157187
3724981
141842
138841
3734784
3744758
3745143
151976
3750001
3752319
152715
3760892
3769499
