431
3653
0
13096
U
U
0
4528
4660
7767
12325
0
0
OEEAI
0
8284
10898
OAIUUUUAIA
0
13939
16544
19013
24606
25185
0
28350
0
0
AUE
0
29972
31973
0
36667
36856
43556
53428
0
0
55058
55420
0
57618
EAEUIEE
AEIEOAO
29382
0
IOIAAOIIEI
0
32119
0
39168
44246
51420
58258
62183
2614
0
0
0
0
71034
UIIIOEIUAU
55687
55746
57846
0
O
0
52413
61913
0
0
64647
0
EAAIUEA
EAAIUEA
7230
0
0
0
IOIOOOOAI
21853
23455
0
28040
33220
IAOOUEUEAI
7931
9398
4208
15161
0
AEIUIA
AUIAEII
5584
0
0
0
0
III
2990
0
0
III
6920
6838
9611
0
16860
0
EEUUEEE
3629
10323
16722
17162
22807
IIIEIIEI
22078
22301
23692
0
0
0
OAU
22674
362
23780
24385
32728
41201
50269
55135
0
59853
AIIEEEUUU
61803
IO
51843
AIEOEI
0
UOAU
24071
OEAIEI
59
OEAIEI
9749
18822
21335
EUEOUAAI
0
23422
26385
AEAUOUUA
0
0
AEAA
15450
0
18016
AAEOOO
0
0
12455
6399
8164
15826
17665
0
0
0
25839
0
0
32268
34091
43777
44629
IEAUAIU
42361
0
44927
2566
49720
6711
54786
0
61386
63591
65037
74412
76799
0
IEUAIOII
83091
92624
0
0
102185
EEUAAEUEE
104561
107684
0
0
6711
108003
5697
OAAOAUO
93597
99769
8851
104552
109128
119085
124434
128789
5645
0
134812
143185
IEO
UEOIAA
0
110895
115680
119717
124067
129748
0
0
8534
131746
133160
0
EUEOUAAI
110745
0
UA
109623
AAIEUEUI
4694
IEE
86142
0
2734
92121
5847
96353
101263
1710
4585
EOA
83736
85788
89457
93222
94453
94952
100513
300
106730
IEOEOAUI
0
0
EI
5645
0
0
2963
17934
52476
0
58183
AAIEUEUI
0
OOAUAI
40478
49789
0
51686
240
3371
0
IEUUAOO
1391
1680
0
4866
29289
38919
IUUAIOUUOA
0
27973
3371
0
28346
0
32038
35550
0
0
41167
47114
IOIAAOIIEI
28252
3669
34587
2605
40951
0
43106
AEUIUIIIO
IIOOUOOE
OUU
7230
12665
0
UAUIUI
14822
AEAUOUUA
17934
AEAUOUUA
6832
9629
13146
UEAEEO
UEAEEO
UEAEEO
UEAEEO
2690
6488
AOIUEEA
11623
12554
20525
AO
10346
AO
AO
0
11374
14707
OAAIU
16937
0
2614
21050
24472
UAEAEUEEIU
14177
9311
0
16578
20480
28738
34252
4866
0
43552
6364
11648
0
43794
4298
0
46212
59
54364
9092
1998
56390
62014
71202
0
74044
80280
5464
81286
EO
IIAEOII
73024
OAAUEEEIUU
63255
OAAUEEEIUU
65391
440
68676
0
EIAOOIAIO
56026
0
AEUIOA
42857
50138
53998
0
5645
55226
61390
64624
67845
69810
2401
13618
73547
5275
73754
80510
0
EIAUEUA
65184
75128
76530
78208
0
9068
87704
OAOIIU
17934
71157
0
75704
OAOIIU
80191
11736
362
81918
0
1106
84763
2387
6838
0
0
0
94242
IAOOUEUEAI
85764
86608
0
0
6838
89803
0
98960
0
103465
104151
104510
107383
9957
117272
OUAE
0
0
118815
6682
2566
120363
4558
0
0
125694
0
127584
2566
128154
131717
EAUEUOOEU
EAUEUOOEU
IOUUUEUUO
98361
102726
IOUUUEUUO
104663
IEIOIIAU
99591
5847
107502
115706
116443
0
OAAIU
105482
0
110780
11586
117763
120461
0
IUUAIOUUOA
97491
105503
2026
107793
109294
113530
116581
121454
128840
138336
144621
150571
IUUAIOUUOA
153357
5275
157916
0
1366
9496
163871
0
3798
3165
169148
24359
0
170154
170882
10866
176815
9496
3517
6335
3512
185671
191407
194021
OIAUOUUI
177116
UEEU
156398
0
9036
15026
160436
OIUIIOUOA
10866
158546
166320
0
AAEAAAUU
0
168087
5150
178048
180674
185606
AUIOU
11396
161386
163046
168627
177059
OAEAO
E
149494
154558
155559
IAEEAOIAE
9822
137741
144187
0
4505
0
16253
0
11716
148365
0
9645
149065
9496
156033
162594
169068
736
172732
180163
IIAEIEEA
UIAIOIOU
IIOOUAU
EAUEUOOEU
4866
126354
129610
0
0
133967
EAUEUOOEU
130867
EAUIAA
0
0
9353
108806
112229
EAUIAA
116544
125056
129477
0
139213
147629
AOOAUU
121676
5220
6345
UUUIOOOOO
EOOI
15026
102578
111990
24015
119262
127045
135603
0
OAU
0
3954
114593
122639
11736
3829
7813
1998
131261
133868
1414
134320
141646
149585
0
151357
160671
166166
170257
2605
4822
173817
177778
0
4505
0
186633
196132
UII
0
184301
188189
197554
198703
200136
9092
UII
16688
206677
212659
11396
0
OIOUEOUOAO
188292
0
0
195828
199745
IEIOIIAU
189988
197912
201875
AAUOEUI
4948
196318
0
4453
197637
206506
3423
16463
0
1414
210530
215256
218856
U
194061
197399
2506
201382
IOIOOOOAI
180084
2626
10113
AUIUA
IIOOUOOE
143252
13638
10234
145151
152236
161965
8152
5150
0
165261
174603
177665
185951
O
0
180073
185325
194834
5514
198031
200447
206145
6968
4453
206664
7813
206968
OOAUAI
189838
7336
0
196809
197714
204495
211023
216220
222399
230340
236095
0
3371
EOUUOIEOI
5514
EAAIUEA
203223
8174
207154
AAAUAU
204866
210799
219906
5822
6446
UOAU
218560
13127
224300
EAOUIAEIU
22264
0
1680
0
206592
362
0
211030
219560
OUEUUA
208166
EIIAA
844
190235
3897
EO
0
187431
11540
0
EAEU
184635
194452
0
204261
AU
59
190056
195168
196075
203537
212139
1319
215574
5514
220860
5960
228392
0
7813
10234
236300
0
237924
1680
247390
256092
0
261911
262656
262991
7971
268679
276632
7813
8831
283412
290832
OIAUOUUI
271700
277955
0
281753
0
16463
290123
295630
1727
299992
0
304130
6499
311420
OAAIU
EAOIE
287436
OIEIIOIU
0
EIIUUEAIU
5514
AEUAOOUI
241746
248129
252514
253650
IUEEOOEE
251623
UEOUIIUIOU
UEEU
213689
218874
222486
229362
237851
246645
254055
UAUAE
236200
240832
248390
9353
249825
9817
UIEAOIAEA
251636
EIII
3954
0
241164
244268
3798
6499
4517
251970
0
17312
255337
10077
2626
0
257251
257727
262593
15662
771
272174
5697
12490
3897
3423
279118
OAIUUUUAIA
272966
279143
281405
283059
4236
287367
4236
288372
OOUAEIOEU
0
10769
280020
282896
288899
292763
293704
737
OAAUEEEIUU
EAEU
248926
252143
22371
257950
266568
UAUIUI
11654
0
0
240929
246646
251486
256190
259715
10206
262143
267895
8602
271025
274692
8152
0
276143
24359
IEIEOEII
263667
265172
267325
5112
269164
15341
EOIO
19910
9729
IEOEOAUI
EIAUEUA
213249
12391
4138
10946
AIUIA
193816
203565
8602
206298
209972
AIUIA
9686
IEO
199203
207484
214013
9395
221495
9923
229985
UUUIOOOOO
208740
3798
218492
225210
OA
12938
AIIUUAAIOI
202219
202388
5802
9686
209691
219404
226335
9496
231841
2416
2581
240868
242948
249467
IUUOIIUUUI
EOIO
239956
10206
12938
4298
9686
EAOUIAEIU
2995
22354
238235
0
246511
247652
254883
EAOUIAEIU
261504
262892
IEOEOAUI
246393
248057
253219
IEOEOAUI
6114
AAAUAU
235689
9300
240555
14388
8268
30378
248204
250100
IEOEOAUI
AAEAAAUU
222461
224667
234448
AAEAAAUU
362
771
227993
228555
238241
241688
247766
UEEA
10272
229960
238771
11654
244361
246451
8204
255663
10272
256501
266207
0
IUEUUO
249308
13495
250611
259585
3371
UIO
253050
6968
2401
262047
4822
III
EEOIEOAIUA
24359
AA
15230
203656
212299
EEOIEOAIUA
195102
199494
OAAUEEEIUU
188382
196350
201250
0
202590
10538
205623
207189
214812
1727
13031
1680
216863
10077
223577
19555
12038
OAAUEEEIUU
359
230440
230449
239224
5802
248516
IE
228265
231465
233754
234769
235877
OOUAEIOEU
233292
16890
233912
13896
3371
240009
246615
252579
2242
252679
10873
256195
3560
256985
265414
7462
268188
21168
274676
14775
283573
285592
0
1451
290882
291943
0
14736
15545
301587
11654
0
307343
310998
317362
326080
331900
333596
339108
23650
344626
UAUAE
321943
323208
327072
332398
339874
340860
342287
346297
352907
10873
359632
0
OOUEAAEAI
354712
362462
366722
375070
OOUEAAEAI
375892
376926
385974
386744
23617
396278
4102
398701
401014
6172
EAAIUEA
0
AIAUAI
AEIUIA
378834
AEOO
OAIUUUUAIA
0
7971
EAUIAA
EAA
4822
303333
310056
313756
5298
UO
22163
16122
EAUAI
285991
289060
0
291540
13031
295243
12858
297273
306609
313049
316499
UAUAE
303116
UAUAE
306344
306423
16130
IUUAIOUUOA
23511
296603
10972
304848
308988
2995
316486
318712
322180
326616
332113
2026
7971
341755
351444
16688
358608
364682
9
6519
371594
376889
6853
12848
378971
387242
IEOEOAUI
385658
7124
387964
3165
390200
398251
AIIEEEUUU
395319
400820
401223
10749
4298
404227
38139
3964
411351
415932
24593
419434
2513
421378
430827
437527
443735
453490
9383
458053
23315
467960
475049
17106
483910
9287
490591
496903
22028
498688
EAAIUEA
18025
488187
3925
490382
497617
506579
1727
UAAAAO
491515
495702
UAAAAO
504437
511085
518585
UEAIOI
42644
EOA
9706
12858
EIAOOIAIO
4822
464079
1680
464435
EIAOOIAIO
468624
469179
10972
472861
IUA
6876
448852
457921
27944
463421
12603
OEIEEOO
28492
10538
0
439032
OOAUAI
15988
432149
AEUIOA
IIIUEOIII
425035
433128
442510
449733
450448
453100
460913
463326
468925
EOIO
449626
458633
941
23650
OAIUUUUAIA
458736
461723
UEIUA
AEOO
12872
UOEIIUIIII
440919
IAEEAOIAE
27944
437446
439047
10873
440516
441242
442793
452295
452526
28072
0
2313
457629
29070
462903
472019
473163
475415
9752
9686
478309
OIAUOUUI
AUE
442104
23315
451958
453324
17744
458425
460020
462799
465879
475874
476405
480597
486805
OAAUEEEIUU
481443
482032
482371
14516
488171
14736
8602
498119
10121
504049
OAEAO
14146
489929
492882
8204
AIIUUAAIOI
470522
8702
18753
22783
472233
30638
17906
EEAEE
464160
941
4291
8010
469802
470468
13686
UUUEAUIU
12872
EOOI
1106
426224
21913
434118
442605
IUEUUO
19025
417422
425011
428342
17387
429012
27048
IAIOEEOOA
3165
413406
415576
AIIEEEUUU
OEUIAEIEI
382952
4298
OEUIAEIEI
III
20520
4291
26388
III
13795
376896
IOUOOO
371547
9713
377791
383798
388092
392194
6127
393411
395442
401106
EUEO
0
396350
404624
405663
410973
411494
OUA
389075
397181
403741
IU
401959
406859
IAUOOAA
O
382217
12038
387732
19025
395544
UOEAI
397540
16579
399649
407121
407346
409540
14736
412359
14736
417134
423301
432689
EAUAI
410683
1106
6359
411622
411843
421626
428167
27995
432633
440137
447774
10749
8204
18025
4822
455651
459928
17871
2242
462479
13615
469950
EAOOOOO
9036
448715
736
451650
455473
22492
IO
14736
6359
26388
454503
462281
13615
470850
16499
13777
9645
479583
488873
42644
3200
490657
OAAOAUO
467262
468295
16107
477275
9706
482343
488155
494624
497943
499003
24675
2401
500838
502197
505987
515371
524038
IIIUEOIII
34592
498800
501425
UUAIOOAU
12938
489404
2235
491469
498260
500563
736
504957
14516
510110
519387
521536
9752
527870
535822
OOEOIEUO
50723
509623
UOEIIUIIII
483708
AU
26795
465032
16393
4822
IEOEOAUI
455848
458270
461062
33530
470682
477971
UAUIUI
478486
16107
486536
488240
28072
492157
492664
12261
496177
13491
504586
508764
510681
518068
520492
OEOUIOUE
505069
505783
514641
IEE
506992
18367
510503
27458
30781
2306
512753
513183
UAUIUI
493927
23743
495168
OEAIEI
15210
16585
483140
1680
0
484218
485541
493972
494140
9621
501455
506250
15472
508947
21149
514631
10218
517940
527142
530250
539780
OEAIEI
EOOUEIIU
519297
525220
AAEUAU
19248
526045
24675
EOAE
515354
16427
6453
522472
49523
527667
534765
541889
EOAE
10109
544466
5101
554109
562283
567652
572331
5209
UIEAOIAEA
562000
22105
567999
576740
2235
14516
581792
586737
588830
17604
26388
IIUIAOAIEI
19953
23972
573623
771
576929
EEOIEOAIUA
555977
560290
565348
21500
566231
571652
EI
572453
IAEIA
IEE
525900
OAU
EIAOOIAIO
27360
475024
484054
488186
491011
497401
OAU
490229
499364
499827
507143
23972
509720
511140
515390
19248
IE
502055
505447
513251
6941
25215
10873
520714
530212
531094
540399
540702
550095
UUOA
OEUIAEIEI
522352
526849
1680
536675
UEEIO
6610
EO
513364
33945
11734
518521
49194
524671
530454
42914
534530
11264
537057
7912
546792
553197
556377
OIUIIOUOA
557269
IOUUUEUUO
16427
8010
4840
21394
547413
12872
IOIOOOOAI
AIUIA
525026
7272
533462
34128
EIIAUOA
19248
UEIUA
527322
26571
AEUAOOUI
500804
34592
41143
15120
507437
34592
513022
520750
520870
526201
EAEUIEE
13712
517019
517607
518550
528098
10218
534445
UAE
34592
26154
527839
528726
534397
14098
4291
535439
544490
35198
32617
550356
560187
31404
561685
562097
569639
572188
12156
581210
21215
590529
17604
AAEOOO
565038
4093
UEIAI
560734
9752
EIUUAU
556721
557332
561463
20000
565194
11734
573551
10626
580948
21007
16702
584248
590066
42914
598888
604851
610373
18403
611307
612626
616754
EIUUAU
6345
620997
624456
630461
631735
632732
5613
16427
7971
6876
3833
637413
29176
642938
EOAE
21484
15341
635142
31092
21394
7823
25215
641301
4093
642917
27995
20292
29218
644097
9872
AEIUIA
628526
632588
642492
643971
644575
15466
EAAIUEA
10113
7823
635257
IEUAIOII
615266
24413
9645
AIEOEI
16650
29283
590672
597069
598628
605137
609667
609790
613186
613358
AEIUIA
29636
8771
602405
11989
610011
615357
29841
618438
624400
1451
13712
630182
UOUUEOOIUA
617200
621480
4138
621850
10873
4291
12038
622589
IEOEOAUI
615457
34071
624469
629389
631171
635781
636703
9923
9923
IEOEOAUI
634289
643975
646585
647972
650897
14343
23435
IEO
20358
653064
20237
657809
667614
16499
11704
5802
672523
22163
678186
9923
684843
685143
688997
4298
696349
18659
14757
34128
699827
UO
10218
IOUEEU
14283
692123
13271
701531
25201
22040
708302
15341
715472
723921
728395
736402
20292
771
737158
741275
744605
747995
10303
IIOOUOOE
AEIUIA
726559
24186
732576
736277
30252
740208
9621
743134
745971
746847
752294
29913
756960
OIE
762126
763344
20358
49407
764866
29191
30638
765927
31404
768617
29218
AOOAUU
762559
AOIIEAAA
29283
746043
747434
750527
755346
755359
761600
770793
773044
OAAOAUO
IAIEOAO
754971
758451
EEUUI
25756
14757
741703
EAUAI
EOIAU
693222
693998
6876
699074
707145
712642
722031
723263
729359
738969
15120
740731
9041
8010
741494
750358
754866
756251
16427
762083
9818
15734
769300
774057
4298
778137
780351
14614
786452
24984
787717
794326
26795
AAEUUE
783655
UAUAE
37010
30638
8953
772154
24829
772501
EAAIUEA
6912
758007
761130
23511
770897
773234
774292
774442
20891
781066
787192
793933
10972
22163
27995
UI
4138
18577
787951
788682
3964
7267
789452
789738
796505
797154
800710
26571
27995
801318
AAEOOO
802460
25756
75706
812414
819003
UEIUA
UEIUA
799304
EEOIEOAIUA
IAUOEAI
767002
9686
AAEUAU
11294
758851
761210
770793
9144
31190
26795
20292
9430
5295
EAA
26351
753695
761477
19449
5802
771080
779571
785499
8215
794105
803190
806495
15472
812382
819859
826794
828163
OEOAOAU
807703
810317
34166
814386
11734
816732
EOUII
EEAAO
781276
19183
787686
792254
799962
3964
55958
800463
EAOOOOO
7912
791143
800038
26351
EAOOOOO
AEIUIA
787316
29913
794669
IOIIUOUAII
777300
782702
783908
17403
784826
791616
29841
OIUIIOUOA
31092
786819
29192
34071
AIIEEEUUU
773319
779305
787156
4840
795043
797523
EOOI
EOIAU
757487
759152
763115
13624
772798
778017
26903
EAEU
36264
761979
33146
AIIEEEUUU
14452
10972
9144
758743
761767
765768
AIIEEEUUU
775098
15466
781112
787930
788457
794266
798115
AIIEEEUUU
12362
807319
4840
30400
OOUUIUOAA
812990
7267
OEOUIOUE
EE
795598
7399
26795
796438
24898
16793
22588
25415
UAUIUI
30783
791161
IUEUUO
31790
768646
774757
775063
777861
8215
778689
8496
42644
779916
29176
783163
23906
786291
794295
18456
EAA
23147
774959
IAEOIOIA
771338
779179
42184
784304
16947
12261
24633
793725
42644
18403
75706
800990
802410
21109
EIUUIA
782181
783607
AEIAO
59877
27360
786504
AEIAO
793961
AIAUAI
16460
774593
20901
782752
30783
22206
784289
787574
21635
796464
804412
810094
23150
2031
29451
813409
822576
824086
828729
OIAUOUUI
13872
OAAIU
16947
812259
IUA
816262
823975
AIIUUAAIOI
16947
818813
EOOI
11989
809864
47855
IAOOUEUEAI
AEIUIA
777384
779705
787538
789367
23511
7095
794771
803294
OAOIIU
OUAE
4093
13624
772801
23147
774047
OUAE
775554
777876
29105
15328
782451
7956
789066
4840
794993
16947
21394
34071
796603
32612
801744
803513
9872
13624
805894
8268
806775
810160
817063
824081
826394
830064
4094
12663
834725
838074
842059
843539
OIOUEOUOAO
4298
OU
28912
16527
12829
8215
837345
16427
842754
EAUAI
4094
832875
23906
840790
846245
32217
11734
853969
32612
35410
855103
862727
5101
865692
868429
874535
5509
875055
41675
28912
882077
4840
8771
886967
16460
EOAEEEEAOE
9923
879436
884052
886262
893349
895052
EOAEEEEAOE
893533
OOUUIUOAA
22420
873640
879351
OEEO
17690
27296
863904
UIO
30783
OAU
850584
858228
864325
29105
25415
42644
870747
880158
OAU
24359
OAU
35198
875432
881073
882720
883108
50723
884216
893048
902710
911115
39244
912699
IE
916658
921882
922545
23892
922673
OUEUUA
OEU
892812
898461
907800
909963
IAUOEAI
899685
9144
35232
901320
41643
UIO
882208
887960
UEOOEEA
29218
47855
861275
865676
874377
10160
879704
888982
890427
IEO
871041
872751
36219
AUIUA
867077
57135
876996
31166
877483
882198
12261
884116
889927
893458
24012
898672
905455
915271
30423
917109
926192
24010
OEU
917923
918306
927440
EOAEEEEAOE
916785
30906
41643
EIUUAU
902119
906160
911444
911942
33692
14614
917637
38079
29537
920337
UEEU
896205
905015
21154
910772
912336
AAIEUEUI
895500
904209
10761
AEIUIA
897185
902396
909838
17236
34974
917665
921394
925296
928473
930384
IAIEOAO
UOEUOAA
902395
912393
10887
915635
24763
923689
15466
925240
UEOIOEAIEA
898157
905583
907901
915664
37670
919524
926489
10887
928434
930238
10887
10189
22306
10189
931470
939053
19230
948783
949714
952519
AOIUEEA
9314
17782
949387
951060
952163
957920
961055
30654
18726
966251
971862
17088
8268
IEE
EOIO
941079
946722
EIOEO
13872
935770
938018
944352
27759
35232
EIUUAU
927858
928832
25205
23325
935313
30423
19298
IIAEOII
927357
EEUUEEE
918084
919492
IAIOEEOOA
917534
30815
10189
920047
17966
35535
928060
933059
5498
938568
948568
957751
966372
32612
36617
968062
17782
974128
976833
57135
37390
34592
4666
16527
26703
29126
986229
989275
989943
OEIUOAOEI
977066
985640
19183
48229
993384
998297
1000134
1009718
1018183
OEIUOAOEI
1022923
1029436
1033242
9004
1038677
1043400
1052192
1053679
1059745
34974
1069563
25012
1079114
8771
20606
1087396
1093333
EUOOA
1072982
EIIAUOA
1056990
1063140
1068885
1078775
1085262
7149
1087799
30654
1094719
12829
1100414
EOA
1096398
1097154
1098521
1104164
EIUUAU
1103904
30423
10189
1108273
1110736
30147
1120566
EUEOUAAI
1117364
1127070
1136385
1138393
35352
1141332
7270
1145876
1151995
30815
1161973
IOIAAOIIEI
38616
OEIEEOO
18450
38510
46274
17966
1136682
1144507
35352
1147974
1155954
1159549
31175
OAAOAUO
26703
37390
4094
1146230
1150490
1153350
23662
1160921
1170467
1177601
23325
49547
OAAOAUO
17690
19029
1185274
1185355
1187396
1191961
46168
1200891
1201540
1209666
OUIAOIEIEE
1194388
13518
AUIAEII
1173200
1180660
1190156
AAEUAU
57135
EIIAUOA
34592
1152362
1157501
1165275
1168915
1172601
30815
1179136
1181041
41655
1181096
1183253
1192337
1202299
37601
1211457
14275
8771
36967
1211967
EOIAU
UII
EIEI
1168643
1178006
1187469
1187693
37599
1190032
60102
25321
1195902
1201957
1210016
5613
36974
1216491
1220889
13409
9641
36576
OIEIIOIU
AEAUOUUA
1181413
1182927
18834
AAAAA
1156533
60553
19029
4666
12603
IUEEOOEE
1152447
1155498
1155858
1165813
1170091
25586
47855
EEAEE
1169989
IAUOEAI
1167428
1167637
1175202
1180373
1181712
18450
IEO
1168505
1174937
EIUUAU
IEIEOEII
1150770
28552
1150785
1151028
IOUUUEUUO
26792
IO
EIUUIA
IU
34533
1085272
1087083
IOIOUEOIAU
19655
1087658
10887
8476
6876
13017
22420
23435
1091649
1092803
OEI
36219
35327
35327
19029
13399
57266
1066419
1066451
1068182
OEI
1072677
33407
28953
1075970
1077808
AOUEOOUEUO
1060151
19183
1066978
1070811
IAEAAAE
1072698
AAEUUE
20606
18372
OOUEAAEAI
1034057
16497
OUU
45982
1011891
1016845
1019279
1023141
1028487
1030776
1033253
1035873
1040202
1045817
1046929
15471
1047173
1048106
33604
1053073
UAEAEUEEIU
17782
OUEIIO
IAEAAAE
41655
3964
UOEUOAA
24010
984326
IAIOEEOOA
967864
968188
975529
21701
16497
OOEOIEUO
970117
51550
18851
16427
31069
OOUUIUOAA
EAEUIEE
13237
933154
OUEEUII
913126
27260
42269
22762
40538
IUUOIIUUUI
IAEAAAE
28845
IAUOEAI
870806
11989
19095
16020
877087
879122
28845
884772
35410
887038
40113
EAOUIAEIU
30065
875332
34709
883801
887782
21675
895603
898982
IEOEOAUI
35410
882086
889472
894556
895297
12047
901221
905853
31069
13387
64561
EUEOUAAI
893384
899811
39183
15471
903969
23511
913601
17236
28522
915340
921521
925976
928019
EUEOUAAI
EUEOUAAI
33114
14598
22762
934673
22206
UA
936465
941364
944874
950065
26351
959890
969202
972274
982134
12535
41655
31862
986038
51550
986151
7645
994178
1002290
13387
1011980
16607
1019039
IEOEOAUI
19655
1019289
1019353
31069
1025153
1027366
1033964
1041094
1050731
28405
42969
IIOOUAU
UAE
IIAEIEEA
999322
1005633
UOEAI
994857
37612
1000678
IIUIAOAIEI
28709
46310
23511
971759
976947
OUUUEAUEA
952217
46310
954859
IUUOIIUUUI
OIOUEOUOAO
922432
929900
933842
29082
34153
939069
942488
15191
43009
948106
29636
OIOUEOUOAO
50807
953915
954012
957594
8476
A
958991
14275
964544
34071
969296
6185
19655
48415
27760
978491
978509
22206
983644
14765
988112
990274
37929
18403
993898
33114
46310
IO
IO
17244
69984
981157
985961
992222
46168
1001721
EIUUAU
984503
991365
1001080
51550
AA
48415
1003899
1007507
1015563
EE
24208
1008739
1010025
1011266
1018162
EOOUEIIU
AAEUAU
985645
994775
20623
26792
44001
OIOA
4666
981800
29082
35410
988429
989920
994323
995973
998745
22206
12112
999561
1009438
1015752
UUOA
23188
999340
UOIOIAEIII
UA
UA
25956
39518
948045
24114
10189
44001
35602
953410
28544
959470
UA
37010
IIOOUAU
46310
951610
5498
14275
955025
965006
25956
35205
974124
UOIOIAEIII
953383
19183
956227
961874
EOUII
959283
959946
10199
969702
972356
UAE
UOUUEOOIUA
926835
933829
UOUUEOOIUA
38729
941599
37037
943260
943939
945435
945590
951914
40865
24010
961026
39816
10130
34592
28953
970003
38729
23892
EIUUIA
UEOUIIUIOU
937576
942275
45982
32612
950104
OIUIIOUOA
40384
940360
947170
948995
951162
956790
39288
959594
17244
961667
970137
977618
UAUIUI
976639
986457
28940
990465
27017
15062
37390
25573
994226
UEUOUIO
986780
991299
1001234
1004373
1005974
1008497
1014205
AIUIA
1005127
1010391
1014082
46314
1019840
1029798
AIAUAI
1012313
42644
1016273
1023025
1023287
61663
45042
21675
1032322
1036826
OIE
1010449
19655
EAUIAA
1008994
1014283
33473
45982
1014770
1019932
1021944
1025914
AEUIUIIIO
1013840
1022654
1028101
56468
1029280
35193
1033885
38027
1038563
30078
OAIUUUUAIA
1035320
OAAOAUO
31799
29082
1008977
IIAEOII
IAIOEEOOA
993031
13909
1000901
1005222
1009496
30423
1010275
1013535
1021998
1023619
25573
26742
22645
OAEAO
61663
1017308
OUAE
1010024
44001
1017844
54969
40873
28552
EIAUEUA
35500
1017079
1021178
43762
34533
38707
1027420
1036449
EEUUEEE
54969
16122
1020836
3964
57499
1022905
31437
EEUUEEE
1028776
24010
28845
37037
17966
28246
36419
UEOUIIUIOU
1020673
1028285
18908
1036898
1038934
13850
26351
33473
1042692
EOAE
1035170
1039930
22234
8496
AEOO
1041700
1049433
22845
1049574
38552
1059424
OUIAOIEIEE
55350
OUA
1032815
AUE
UIAIOIOU
1026420
1029374
20681
1038574
1040721
39816
24010
55914
1041762
1049367
1058062
UIAIOIOU
AAEUUE
1039245
1040025
1049735
18043
1050597
39288
18763
1054188
1056004
30808
17244
10130
OUIAOIEIEE
22772
1054297
39810
1056952
28405
1064729
39542
20088
UEAIOI
1058726
1060630
30733
45813
EI
1056702
1061952
14380
1067510
37242
10887
61326
1069571
AEUIOA
1056227
13909
1066130
AEUIOA
1052885
21675
1057333
11080
1058622
1065599
45638
36967
50727
1070367
31960
1076447
1079999
1088506
10270
1096014
1102441
EAAIUEA
AEAUOUUA
IOIIUOUAII
1059747
23416
14845
33407
39339
1065929
1072108
39810
1075363
1077160
1080727
45545
30451
19095
31799
1082620
51241
1084064
1090736
1097690
1100920
IAEIA
1082497
35238
1084814
1092434
14424
1096448
1099616
IIAEIEEA
41984
15687
1084117
OAAIU
OEOUIOUE
1054991
29082
22420
IAEEAOIAE
35232
1041771
24182
1046227
1050758
1060624
1060917
1066517
1071033
1077934
42271
1084430
IAEEAOIAE
48283
15191
1087921
IUEUUO
1068896
IUUOIIUUUI
1052064
UOEUOAA
19183
45204
32007
1028787
43715
1034944
69245
1043823
26742
14845
1045835
IIIUEOIII
1022592
32007
1028351
1034831
31740
1038730
50283
22475
40865
1039718
28953
1043851
1050019
1059774
39513
UAUAE
1062632
1072061
1080656
26618
10270
1083962
50727
1084531
46974
1084623
1091462
18122
1100293
51550
1101441
24934
68991
1110833
1113923
1121888
1127267
40865
1137082
1142536
38514
1144901
26618
IUA
IUA
1123033
21844
39816
35980
1127835
1136107
1137689
1144714
25573
18450
1146334
34592
1154264
19402
EUOUUEE
1142924
5680
1149505
1155551
AOOAUU
1156690
10270
35677
IUEUUO
1135404
1138333
48383
IOIIUOUAII
1123724
1130542
AAUOEUI
1109244
36501
24182
EOIIO
24846
1101793
1103758
1105397
1106258
31960
AOUEOOUEUO
1088822
19945
30275
15191
15687
1097015
1097395
1106012
41659
43478
EEOIEOAIUA
1090989
39542
1092732
10270
EAEU
1098633
1101934
53065
1109781
IEAUAIU
IEAUAIU
1104071
1109716
38985
1113861
OOUUIUOAA
AIIAEUIO
1080944
1090834
1096605
34284
30808
42842
36577
1105074
OOEOA
1086495
1092894
29611
EOAEEEEAOE
1085507
52127
1085695
25684
UUOA
15471
1075793
46512
1078059
13909
EAUIAA
1057489
1062427
1071545
1073992
1079896
1080158
36959
IIIUEOIII
1075026
1076202
1085897
1086666
1092458
53538
1100636
1103336
1109066
UOUUEOOIUA
61586
1089810
1092363
OOEOIEUO
3467
1088600
1097797
OA
1095049
47378
AUIAEII
26618
1086872
28540
1095088
1103655
1106214
1107120
17857
1111108
1112177
67227
1113790
29520
1116411
1122545
1125480
28953
IOIOOOOAI
1107078
1113445
1117219
13909
1119155
IEE
1098744
26220
12944
68090
22206
IEE
30275
EAUIAA
1086976
1095361
31821
1101243
33874
57475
18165
24379
1106997
50727
1115286
1121226
IAUUAOO
1122396
OEIEEOO
64904
IEO
39816
54365
1097516
31960
45204
35301
1107495
54150
16938
1113241
54609
1116189
24182
33874
1119159
47833
40873
1125643
UIUOEAI
OEIUOAOEI
1104985
1114911
AOUEOOUEUO
26313
1101253
33874
1105898
1109284
OIOUEOUOAO
1106479
51360
47378
1114770
44527
18450
1119914
26220
19945
1127316
EI
1114041
29520
1116330
1116360
1120894
53538
58447
1124645
OUEEUII
1097364
OUEEUII
1104022
1111476
1115050
1119246
42196
41113
50727
18467
24182
1126666
1127205
1133019
33241
11989
1135996
1141297
IEE
58654
71475
25375
24983
1131945
22420
1136031
1146016
1149024
U
11989
1123872
1130271
47445
1139218
1143337
EAAIUEA
74798
1146837
1153387
1158592
EUOUUEE
36109
UUUEAUIU
24182
19183
36109
1130860
30423
1134667
1142448
EOIAU
18465
39513
52223
1142657
1143118
23732
16096
24934
1152396
26313
18043
1154497
1156685
18763
EIIAA
1147842
1157437
1158772
1168574
24010
54365
1172969
22855
OIAUOUUI
1172049
IUUOIIUUUI
1168510
1176208
60722
1182758
1191400
56069
19095
70660
22772
17754
1200604
17857
EOOI
47527
AEUAOOUI
OIAUOUUI
1153232
9782
1157253
29520
1163566
27341
IU
8472
1144153
UIEAOIAEA
1133474
1142511
EOUII
42196
1134506
1137635
EOUII
1138655
1144987
19993
EUOOUA
26313
1150924
70660
60722
1151090
1160181
76004
32215
30376
1164390
EUOOUA
66575
33111
1171668
1179994
1189257
34284
1189836
1198950
1205548
1210026
43478
44474
1213426
OAOIIU
36501
52763
34284
1196275
IIOOUOOE
1177927
1183824
1185064
1187550
1189491
1193085
1201753
34172
1208452
29142
15845
1216811
1225675
1228741
1234500
1238947
1245739
49604
1247105
66575
UAUIUI
1226689
37779
9232
OIOA
UIAIOIOU
31821
EOIAU
UEEIO
47291
26220
1190141
1197486
1203382
1205095
1212346
27215
1221101
1224570
IEOEOAUI
EOIIO
21973
1199575
1208802
25369
34723
EOEUAOIOI
44517
IE
1170931
1177730
1185289
IAEIA
24287
1170190
1177992
1183185
46314
1189846
17857
1192570
IEIOIIAU
1171533
20329
1176794
55425
OAU
AIIUUAAIOI
AIIUUAAIOI
24983
47593
39513
EOAEEEEAOE
1132271
47378
42431
1138184
70866
EOAEEEEAOE
1139302
1139943
8472
1148651
35301
50283
1157242
1157851
1166276
27908
18043
1170245
40336
1179736
1185778
1192318
1200283
10270
1207693
22772
1215743
57199
54440
1219262
36031
22372
1227812
47445
1234587
56712
8472
39698
1242454
53124
1247469
1253168
1253537
AII
1233904
IIOOUAU
1215942
1219121
29611
40523
1221059
1223939
47833
9782
15687
1224333
1234192
1238301
1241797
29142
58740
1245590
31080
73394
1253369
AUE
1243822
1245431
1250546
1257434
1262474
IIOOUOOE
58627
19993
1261909
1268366
16096
1274615
1282181
1284749
1289603
1296324
1297427
1306352
1314681
66411
1320475
30753
1322082
1324286
UE
38275
1313002
OEIEEOO
1312749
1318425
1318478
1319039
1325075
1330288
1337462
1339949
1347183
23936
1354758
38588
88750
14219
46075
17754
63161
59744
1363777
1364865
34545
1373270
42842
1380913
41062
58654
1384344
IEUUAOO
12041
1378453
1378782
28381
1387164
19402
44924
1392528
1392762
IE
1384974
41006
43198
IUEEOOEE
26313
19095
1383432
1392631
1393571
1403499
29201
47833
1412949
1416182
1418714
1424563
1434112
IUEEOOEE
30654
1432334
1432365
IUEEOOEE
UUUEAUIU
1395848
21962
1404239
64498
44517
1406162
1414060
19993
UEOIAA
1411977
1420701
1421950
OOAUAI
55737
1410566
26351
1418976
1419317
1426033
1430047
56224
1437560
1447033
1452807
1462090
28381
58654
OOAUAI
1464509
1469369
OAAOAUO
1469341
1474358
41564
22206
16096
25375
1475735
33422
1484528
1484598
1488147
36109
1490903
1499079
1505928
60167
1509944
1511828
22772
1518071
1524397
1525304
1528610
1532013
1532596
1536548
21750
1543461
22772
1551587
1552537
1559216
1561345
82172
1569943
1573452
1582186
AUIOU
58654
1577752
1578750
1584411
1590183
1596222
AUIOU
51241
1597130
43478
29522
15687
1603876
1611760
41659
1620409
1623785
1632576
39513
15191
1640947
1649726
51241
1657510
73394
46314
1658663
OEUIAEIEI
1653454
34284
1657563
AAAUAU
22772
1639698
37218
AA
1633084
1636797
UOEIIUIIII
21973
58447
1639813
1645906
23254
1647303
1652419
1658733
1661770
1671274
UOUUEOOIUA
UEOOEEA
EIIUUEAIU
48360
OAUUU
EIIAUOA
66575
49125
37360
24182
1581073
1582734
1590774
1597952
UAAAAO
1582649
30423
37959
AAEUAU
39810
1563070
1568494
1570931
1579781
1581656
26351
17485
1585964
47272
27215
1594676
IIUAUEAI
1567150
1571914
1576292
1580173
1587077
III
1562061
1570160
12041
1577067
1582457
1582923
1592196
46628
1599118
1605440
1615162
28872
1617875
59152
1627278
IIIUEOIII
1602067
IIIUEOIII
1597741
47593
55064
1606443
1613296
1619383
39518
UEEU
EIII
1591489
1600635
AOI
1593747
1597486
1600706
OEAIEI
1591169
31080
15826
1593145
38285
1593254
13435
1594134
19993
27140
31821
1594962
21675
EOAE
24287
17926
1593975
1596108
19357
1597609
OOUAEIOEU
46311
OOUAEIOEU
1588136
1592083
33652
1595577
UEOOEEA
1577758
88750
45636
48992
EAEU
1561521
1567879
1576003
1582246
1583649
1586031
29914
UII
19945
30163
1582212
75144
35533
1583540
1589937
38248
IOUUUEUUO
1587259
48383
46628
1589018
1592652
29201
30163
1593448
43573
27763
1599549
1600718
EAUAI
22772
AAEOOO
66575
1575910
1576022
1580384
46444
1583887
1584875
1590147
OUIAOIEIEE
1587707
1597339
1602611
1609049
1614601
1623413
OUIAOIEIEE
1630478
37779
OUIAOIEIEE
1630783
1639093
1644083
52060
1647694
42196
53124
57499
1649164
1657094
42196
1662346
1665243
1668934
OUIAOIEIEE
EEAEE
1663669
AIIEEEUUU
37218
IAUOEAI
40336
UE
AO
1599732
1603620
1611693
1613315
86160
1619541
AO
35533
UEAEEO
1621717
1629103
17857
50808
1629953
55884
1635189
1643003
1643894
1647218
EIIAA
1628647
1631712
1638703
1642578
40090
EIIAA
1644984
1648229
24657
46311
IE
1633965
58740
1640488
41942
1644954
1646942
IE
1654269
1662155
1666611
37569
1674912
9782
47833
UIEIO
38689
1677453
1684642
1688435
1694885
1699655
50808
39810
IEUAIOII
1676657
1685480
1690543
1697408
1698392
1706686
1710384
1715252
1717772
1722120
31960
EEOIEOAIUA
1704863
1706709
1713465
44924
IAUUAOO
1696164
1696698
1702507
1703567
51360
31080
32407
19993
43573
1711112
38588
33154
1718200
1719138
54900
1728712
1728895
37433
44860
1730657
1735771
1740541
1746502
IAUUAOO
1745947
13435
1751819
1759451
EOIO
1749816
1759360
1764883
26085
31080
EOIO
39698
46311
1763680
39031
1764121
58627
1765602
55884
83090
1767670
52104
1767925
1769423
IOIOUEOIAU
27341
1754377
1764065
1768779
1771276
1774030
58882
1779975
21973
1784425
35926
1785218
35533
1794639
29085
91929
1803255
1807011
1813670
30376
47085
1822041
1827431
1836479
36021
1844668
1850861
52285
1856059
1857581
UIUOEAI
1836739
1843205
1852638
36021
30163
33505
28617
58864
OEU
EIUIIUOO
59152
1826155
44860
1833569
1838375
IOUUUEUUO
1820032
17485
1828853
EAA
1827928
EAA
42842
25223
EAA
10270
1821022
1830784
35973
25375
AIAUAI
1822169
30078
98527
15960
41006
1825007
1825198
1828056
1832578
1837105
1837561
OIOA
EIAUEUA
1820645
1821877
1824454
1832608
17857
1833667
27908
1835674
38248
OIAUOUUI
25067
AEUIOA
52104
30741
1784378
1791415
IIIEIIEI
1788409
26220
39816
18043
1794379
1794828
35973
1799281
47445
1802256
1805381
31080
OUEIIO
1797911
IOUOOO
UIEAOIAEA
1766868
1774160
65215
41283
41006
IAUUAOO
67894
EIIAA
57039
1750835
1756822
35973
19945
46311
35507
1763169
OUUUEAUEA
1755927
1759485
1761499
37959
1768563
1771296
72986
1775021
1775197
36004
1779264
1788686
OUUUEAUEA
1789963
1798913
37848
1803803
82831
1807143
1807957
14219
1808262
1815592
1821713
IUEEOOEE
1800193
AIIUUAAIOI
1775488
1776770
37571
19945
15687
20578
OEUUOUIOUI
1763771
1765012
EEUUI
1744005
1745515
62595
1746600
1753624
44860
24983
1756679
EEUUI
1761304
1767597
78668
1775292
1780253
1786519
OUU
1775295
1783959
AIUIA
25535
1779342
OUAE
22475
1775214
26370
1776028
1785545
83090
1786895
IEIEOEII
1768226
1769556
98527
1774578
1776528
26220
1778183
23403
OIUIIOUOA
1764087
1769794
1778502
1788092
AEEOU
1787825
1789339
24643
1790737
37051
1791733
1795739
26220
1801661
31857
1803186
1804452
1808676
41942
1815690
70577
1823575
42842
1832840
57634
62344
91919
21973
IEIEOEII
1828500
51360
18043
45636
1834322
1837684
34649
EUOOA
57336
1823470
IAEEAOIAE
57336
1804421
1812491
1817313
1823797
1826926
1831398
1838775
OAIUUUUAIA
21890
1813416
34285
1814367
1819892
44607
OUEEUII
EIIAA
44860
1789243
1794428
EIAUEUA
38285
EEOIEOAIUA
IAOOUEUEAI
AEO
1719642
1726027
1735849
44607
IAEAAAE
33652
1720943
1726540
1736540
1742181
1746165
80078
1755263
64652
38541
82831
50084
21193
1755649
1763286
44607
IAEAAAE
15960
44607
1761430
1762893
75144
39955
1765260
IEUAIOII
37051
1751767
1761759
52743
1765735
1771613
IE
AAEUUE
1735513
38552
UUOA
UUOA
1724665
UI
1715433
41466
1721286
EEUAAEUEE
1706815
1709787
1716914
1719959
44924
UOIOIAEIII
69010
1708263
1713487
OOUAEIOEU
1709484
1713489
1718549
1722245
62673
25535
1727936
UUAIOOAU
OU
30078
OAU
IAIOEEOOA
1657905
1659759
1669646
UEEIO
1668757
1676314
IAUOOAA
1665890
45884
EAUAI
1661133
EAUAI
UEEA
UEAEEO
46686
43849
1631193
1632503
62595
1634858
1638571
14219
1643274
IEAOEOO
1638683
72986
74098
37771
46628
14219
1641548
1642476
1644392
39816
39459
1653979
1657057
1663789
1670527
27908
UEOUIIUIOU
37242
1668621
IEIOIIAU
1664437
1666423
UIAIOIOU
1657198
34285
1657410
1659736
1662981
1671733
40626
1679353
1687919
UIEAOIAEA
1660245
1669218
39816
UIUOEAI
60879
UIUOEAI
UIUOEAI
45764
1652162
24090
1661919
41942
77468
1671253
1679374
AII
A
33735
35057
AOIUEEA
19993
OA
1630003
86456
40758
1636246
1646099
35837
92765
IEAOEOO
1647802
EOOUEIIU
AEUIUIIIO
51450
1626462
34611
1632501
1641749
IEUAIOII
1635421
1640549
1645026
1652000
23720
OUU
UEAIOI
OAU
1616641
1622508
1627922
1631270
54273
EOUUOIEOI
1607572
54781
IOIOOOOAI
1601601
OAU
1592968
1595693
35624
1599981
1606096
36501
42101
1609133
1612364
UOUUEOOIUA
OEEAI
EUOOUA
1554595
31857
72986
1554994
1560654
1568488
1575330
23198
42884
1585104
43198
IIUIAOAIEI
1563518
1563802
A
EOOI
EAOOOOO
86456
39459
EAOIE
65060
1490948
1500727
IOIOUEOIAU
1499050
1507181
59816
UEOUIIUIOU
1497025
1499388
1502173
1506863
41964
1509616
1518903
1527982
IUA
29749
1530082
65820
25607
43198
1535362
1535796
OOEOIEUO
28626
1513077
EEUUEEE
EIAOOIAIO
55901
1500073
29749
39801
39816
67197
1504629
1510562
OOEUOOOO
43407
29749
1495632
63287
UEUOUIO
65341
76829
65284
1480009
1480116
1487842
52285
39459
1497252
1503768
1504170
21890
1509876
28815
23720
65215
OOEOIEUO
1501313
1506084
55084
UIAIOIOU
56224
69132
44571
1500504
1508898
58989
46065
1517365
IUUOIIUUUI
46065
43789
EAEUIEE
26863
1499133
37771
57497
1508602
39435
24379
1517974
1523740
39435
1533730
35975
1539279
1542963
1549358
50098
54781
1549790
54327
EAEUIEE
1549501
64713
1552898
1557307
EAEUIEE
1560898
UOEUOAA
26220
1555657
EAEU
36109
1549670
1558865
69132
1568752
EAOOOOO
1545304
1554914
36275
1559530
1562472
1568128
1574769
1580648
1580900
IAUUAOO
1565619
41001
1569382
IIAEIEEA
1572062
IOUEEU
19993
49948
39955
1545624
1548253
1550924
65341
1553722
51082
65215
65215
1554093
1562454
1570536
27859
36109
31569
69868
31076
1579162
64713
1583527
64220
65341
EOAE
46337
AOIIEAAA
1544430
1553911
UUAAUAOIAA
61491
1542405
1550211
101407
49948
1551811
1552720
1558300
1560167
1567600
81890
1568320
1576146
44021
1582079
46337
37979
1582591
1582856
1588723
24016
OOEOIEUO
44776
1575643
1580188
1587178
1594629
EIUIIUOO
IEOEOAUI
1561642
1566850
1570511
IAUUAOO
1547326
33066
IAUUAOO
24016
61566
35102
56481
49362
1552169
1557265
70497
1563599
EOAEEEEAOE
1562017
1570215
1576053
1586033
1595613
1599033
AAAAA
1600408
1602176
1602542
AAAAA
1608470
40270
1612133
43734
71114
1616309
1623144
OIUIIOUOA
91520
OIUIIOUOA
1595793
64652
1602148
62344
1609605
1618572
61275
1626761
1634651
1644311
1653687
61491
24090
59108
35837
1660961
IOIAAOIIEI
74098
1649806
39665
1656042
1658300
63360
41232
73712
29749
1668286
70497
1668501
1676423
47551
53978
1680739
68308
64616
IOIAAOIIEI
32606
1684462
1688687
74098
24643
1698397
1701780
I
1678102
37113
44881
1682651
1691755
1700868
57336
1701270
1702013
37848
1711346
1711751
52395
1712784
1715952
1725861
1727940
53014
1735768
1737460
1738754
1745483
1755350
69868
53978
33122
1757596
1759392
1764762
EEOIEOAIUA
83069
1746178
1753280
1756410
27859
1760709
UOEAI
1751422
1760826
OEEAI
1731219
1741021
1741576
1742479
1743694
1752501
1760607
45777
1768677
23198
34545
1776688
1785134
70660
51813
39435
1789893
47551
1795010
1797077
UA
1788069
10270
1789351
60288
1793039
62829
71114
1800947
1803181
1804101
U
59620
43228
34611
1784764
1791616
60357
43198
1796852
47551
1804229
IEAOEOO
43395
44298
1796192
1806053
UO
1805990
1809838
23720
27859
1813979
34611
1818246
1824014
AEIEOAO
1809925
60357
1818370
EIIAUOA
51898
1792126
1796995
60357
1802674
43872
1808215
1810420
67966
1819618
40004
1827957
1828929
1837899
AEAUOUUA
1835442
1839528
1843698
38541
33122
1848880
1853336
56089
41057
1854727
27298
103414
UIIIOEIUAU
AO
52395
52395
1815697
1820052
1820578
37571
43398
1827773
1834561
1844012
1847493
39722
74098
69519
62713
1848833
39380
OAAIEO
1839287
AUE
1826836
15841
UUAIOOAU
IUEAAAUE
1800573
48558
80078
1802445
77216
36484
1808093
36558
1816167
1819875
92267
1826916
UOOOEAIAU
43228
1825748
36031
1834192
1837945
65651
1841022
UOEAI
29505
40035
UOEAI
40523
1835735
61789
1837721
45795
1839333
1840690
53401
1846215
UOAU
65362
1850222
1855691
UUUIOOOOO
1845465
26067
OIE
1840641
IAEAAAE
UEAIOI
40035
1806062
65651
65481
1808914
1810996
1820676
44834
1827793
1833563
38023
1833792
1841865
1842083
44557
1848875
1857868
AUIOU
1834902
57926
60500
1840135
47551
1841633
1845668
77216
1847562
37771
73195
1851225
63797
1856984
1857358
AO
AEUIOA
1839282
UOIOIAEIII
1835630
1840790
OUA
OUA
OOEOIEUO
45795
1818366
1828128
1837727
1839611
EEAEE
1818614
EEAEE
42847
62829
1822520
UUUEAUIU
1802913
1811768
1814732
32810
1824253
AIEOEI
1799946
60357
AIUIA
OEAIEI
24016
1773739
AU
1762212
AU
71114
91520
1768254
1768843
1771394
1774642
1775004
33122
1775181
1781669
46065
1784096
1788619
73195
AUIAEII
1771413
1779819
44298
1787388
36076
103414
1791936
92267
91520
1792996
1802935
1805013
77216
1814725
50476
1821250
1830536
1836175
31570
1840266
51477
67457
1844078
1849249
71666
37571
1855259
34240
1862398
77377
1864778
60500
1866387
65362
UEEIO
1848697
1855737
41638
49516
1864541
51303
1871917
70083
94626
48987
24016
1877561
1879868
EOOUEIIU
48558
1877232
1881289
77377
40751
37979
30465
81890
77377
1887934
1894983
21187
1901430
1903213
46163
32606
1907843
1908755
33122
48953
1915247
36155
1916180
48987
1921086
1928247
UEIUA
42842
1914774
1917199
37242
67729
AEEOU
53685
53401
1896761
42258
37771
34240
1906435
1915414
32438
1917505
EIUUIA
1913764
1920545
1929872
48953
1937856
74889
1944278
29387
1951393
55260
44571
1952173
51303
1956755
72087
21187
1957456
EIUUIA
EIUUIA
1959310
1968280
IEAOEOO
EUOOUA
1948400
44814
42551
74889
1956697
1964645
65481
1971624
1980535
1987017
1996784
1999377
2007294
2008412
2013009
IUUAIOUUOA
56224
2011541
2019468
2020553
52285
2028703
2037604
47913
2040042
2046947
49585
37771
IUUAIOUUOA
2051455
2053358
2060865
2064791
2068678
2073835
2083206
UEAEEO
2067590
2074877
2081930
2089668
EEAAO
2079636
2084775
2087690
52345
EAAIUEA
2069327
2079046
73195
2080034
2083274
2089320
21187
47913
41001
2093279
69519
IUEAAAUE
2070284
49948
33122
UOEAI
38023
UEOIOEAIEA
44650
2063290
2069862
2079543
70497
OEEO
31773
2073484
2077935
81289
71666
2080150
2082044
67729
66943
67356
2091367
OAAOAUO
94626
2063909
39722
2065000
2068877
2074786
OA
2051176
2058252
2066119
2074177
2083740
2093422
2094254
2097951
2107381
IEIEOEII
2098566
2105914
2114981
2123266
EOEUAOIOI
AEAA
2079645
2083542
EOAEEEEAOE
2077770
EOAEEEEAOE
EIAOOIAIO
EUEO
56224
2043625
2046697
67961
2051757
AOUEOOUEUO
2051320
72522
2061270
2069030
2069096
2073359
IAIOEEOOA
71114
AAUOEUI
2029993
87609
IUUOIIUUUI
2016297
2026066
53942
44557
2027821
2032143
39435
2040916
2044961
2052767
2057671
2063778
2070542
2077470
2078487
2079625
2088921
2092991
48558
2098241
117564
2102573
AOUEOOUEUO
2081313
34993
2088083
2092696
2097836
2101287
2104956
2109046
UII
40035
2098493
2101731
76364
45252
2105700
AUIOU
AAEAAAUU
IEUAIOII
2036188
2037876
2044859
2047822
84411
46476
37707
72047
2054664
IUUOIIUUUI
59442
2035264
2040945
11785
2045513
2049019
AAEAAAUU
2039328
46686
73881
45252
2041740
39665
2044241
2046508
2051997
2056319
2059990
76364
2062463
2068247
2071859
2079471
78940
2087950
2090860
UEIUA
2079968
51712
59925
2089854
2096617
2102721
OIAUOUUI
103414
87689
63272
2084248
52179
2086404
52451
26504
40090
2090721
48135
2096215
70396
2100590
2107299
70652
AOOAUU
42391
2102069
48889
59392
EIUIIUOO
UEOUIIUIOU
IEAUAIU
16720
66177
72047
44571
2034820
45902
2041423
2048013
IEAUAIU
2041220
51450
2044968
EIAUEUA
OEEAI
41770
EUEO
1998263
EUEO
1995542
53365
2004975
2009950
2015493
2024128
UIUOEAI
2025322
48953
39665
53365
2026708
78940
40520
EOUII
48896
2009494
2010477
53942
59442
73712
2013144
EOUII
53401
2013216
2015233
2017658
UOAU
47720
75707
2020730
IEIEOEII
1999460
2008495
2012937
2021901
2030195
2038071
52330
29154
2043850
OUU
2033817
70083
2040420
2044530
2049051
2053881
66943
2058170
72773
2059890
OAAIEO
2050141
2054067
2056908
2062475
I
2045719
2048014
52179
OIUIIOUOA
AU
2028977
2036122
66896
2039336
AU
IIOOUOOE
2027366
2027744
2036504
2036616
67333
2039208
2045674
OIU
2033741
OOEUOOOO
2028539
2036988
2040681
IAEEAOIAE
40523
52345
66350
2017251
2025994
77961
2029304
41091
2031384
2031407
86418
AEIUIA
77961
76364
2009434
50205
IEAOEOO
2005268
2011606
2014033
2023121
2024317
39698
2033857
IEAOEOO
2034172
2036044
69519
2044521
2052254
33652
IOUOOO
2041038
63025
2042046
2051248
UIUOEAI
UUAAUAOIAA
2027053
2028163
62548
78256
2031783
2040500
OUEUUA
EOIAU
1997444
2003878
2004290
2013878
2022817
2023709
80514
56998
IE
65284
2005010
2007767
87689
2010931
2012200
65047
46827
2021796
2027275
2035811
2044699
2046242
84304
74350
2053751
2061103
2067598
2076479
EAOUIAEIU
2065963
EIII
2060992
2067260
72008
2072637
2073222
OIU
2066446
OOEOA
35629
69246
55686
2044606
39698
68627
2054454
2056890
2062381
64200
50447
50666
OOUAEIOEU
2044027
44298
2050333
2054627
AEUIOA
50205
2052463
2053033
OAOIIU
2032658
30465
42532
2041890
2047191
2047706
48371
2056484
2058412
69427
46478
94268
OIOIOEO
2049817
UAUIUI
2052886
2057863
53401
2066764
2067416
53341
OUU
2046056
2056008
31004
UEEU
2053438
66896
2054737
2057916
AIIEEEUUU
50205
2059443
OIU
2037938
2047513
2055865
2065229
95508
OEUUOUIOUI
81288
2044261
2051613
UOIOIAEIII
EIUIIUOO
2030007
69573
76364
2036739
2043602
UOAU
2032598
37242
51303
54789
42663
2036970
2045873
72773
59442
2048472
2054324
45486
44663
92802
2056647
66269
2060145
2062925
64200
2069311
EAEUIEE
2069926
2076651
79891
2078798
2085788
2093725
77377
2100411
2108275
85000
92802
EO
47566
2092406
2098456
2107592
2113074
2114506
81289
2118800
2126208
2131163
2134455
77974
2134968
86001
108399
2141779
71072
IAIOEEOOA
68158
2129679
2136851
46686
2138370
64620
AOI
2129255
2135297
43941
2138880
19704
2140120
94268
UE
2148961
UIAIOIOU
2153056
2162334
2166119
2175898
2178180
2181714
EAOOOOO
2161669
2164845
2166125
70516
40520
2170604
IAEAAAE
2166994
2168347
2175385
2184332
66896
62460
46524
70695
2193365
2195136
2197212
37707
2204495
49728
2210514
2213612
86588
2219565
37707
IAEAAAE
2222024
59351
OAAUEEEIUU
40523
2201678
78256
2202646
IUEUUO
34993
43546
2209298
IIOOUAU
2182235
2189065
2192159
73143
IEO
101031
49516
2177072
2179517
2188868
2193595
76284
2198488
77974
A
2192847
52397
A
2198414
2202263
AUE
46827
2200568
2204459
2209772
IIIUEOIII
2216023
2219525
57158
76364
68007
76428
45902
2223885
2231867
EIAOOIAIO
45965
OAAIU
2197927
2198136
95749
IEO
2188691
2198303
2200190
2202659
84975
2207324
2217179
2219719
44663
59392
2223880
IEO
2230791
2233421
41925
58544
55574
53604
2241757
52330
42613
51358
2251010
2253172
2254147
2257071
2262998
2271714
54064
50411
2278707
2281560
2290054
2294186
2303794
45801
2311512
73193
2318965
2324762
35811
2331908
48896
2338038
48896
2345773
2350750
62301
69515
2356521
2359518
2361325
2368083
2373495
AII
UOEUOAA
2370330
2372916
76364
UIO
EUOOUA
43198
68221
2346469
IUEAAAUE
2353645
2360983
IUEAAAUE
2359669
81288
2363053
OEUIAEIEI
72047
2364029
OEUIAEIEI
2366855
2373242
2377134
OU
2369584
2372498
2373755
UAE
OIOA
54821
77427
2343303
2344250
2349297
40523
72047
2350262
62301
2354990
2361307
81905
46385
AAEUUE
2353012
38769
80894
EE
2344845
EOAE
59748
2326866
2335920
2340467
66628
2345239
2353184
30133
82608
94278
75246
2354023
53341
2358338
2362605
IAEIA
30164
2347746
2356552
2362026
2371777
49516
81215
IOIOOOOAI
110006
2352582
59501
AAAAA
2338274
76795
84975
E
46964
2329854
IAIEOAO
68007
43941
2307248
2310332
43941
2311377
2318621
2324802
2327948
IAIEOAO
2332539
2339984
2340367
2343414
48953
2347452
47000
2353050
2355920
63228
IIIEIIEI
2338197
2346783
OEOAOAU
52837
2326996
2332056
OEOAOAU
2330897
2332646
OEOAOAU
2333193
42532
56489
2340952
60144
2345993
2346923
2353432
45243
2362013
82978
EIIAA
88089
77427
53604
EIIAA
2353492
81905
45925
IIAEIEEA
OIOA
91556
2305991
UOAU
2292936
60301
61152
68292
71072
87850
EAOOOOO
30133
105458
2284251
72008
87334
52330
2292100
2293041
2295205
54821
UAEAEUEEIU
95508
2289992
2293422
2303271
2304057
51303
2309173
56089
46385
2315208
AOIUEEA
22191
2291279
2296902
90064
2298664
IUUAIOUUOA
2299921
85012
63025
45043
70695
56089
45486
2308340
IIOOUOOE
2296518
2302939
2308976
IIUAUEAI
2287563
2295341
42999
58217
UEEU
91954
99610
2277058
2284612
105458
94278
63025
2289362
UOUUEOOIUA
2283209
78256
75976
78187
2284201
2289684
85012
OUIAOIEIEE
20746
68292
OUA
OUA
72047
2263220
AEO
2242910
2251840
2261763
79848
IEO
IIOOUOOE
55260
2231664
UEUOUIO
2227566
94268
2229286
81289
61193
2236164
2237886
2246079
81637
75976
79891
111789
111789
88089
2252945
2261711
60804
2270296
44790
UEAEEO
50871
2266370
113126
AOUEOOUEUO
2267673
57686
2269615
EIIUUEAIU
2256825
2258414
86588
2266082
41569
2274983
2281401
2290656
2299476
2300872
UEUOUIO
2289820
2295571
55260
OA
58948
EIUUIA
2260309
EOOI
54768
EAUAI
UEAEEO
81761
UE
IEUUAOO
80894
2187020
AAUOEUI
2186752
43198
2196398
72243
17234
2199479
81261
68292
2207547
2209003
AIIEEEUUU
2195304
73605
83999
44098
AIIUUAAIOI
IEAOEOO
23501
EI
52451
2154329
2160822
2170527
2177812
2184901
2192033
66212
2200884
37925
2203780
2205394
2211497
84649
46686
76052
IIOOUOOE
2186131
2187349
2187843
31773
101314
41569
2191117
2200932
2201843
2205427
94278
EEOIEOAIUA
53993
2190927
2199853
59442
63228
34730
UAEAEUEEIU
48896
88228
62689
90623
UAEAEUEEIU
2181800
AOI
31773
2177700
2178236
AAAUAU
2170160
62826
2176690
2183583
2185766
2189089
2191502
2193753
46478
86588
2203320
53682
102584
2206006
2208033
2213127
2220248
AAAUAU
OIUIIOUOA
2207442
2207851
2215054
OIUIIOUOA
EOEUAOIOI
2186955
2187236
2195975
2203561
30803
65146
2204717
2210046
2219899
2222018
2223572
AOIUEEA
2219069
2225755
2235711
82978
2242940
99598
2248340
53993
2255499
86479
2257524
2259278
2263347
2268380
AEUIUIIIO
OIUIIOUOA
2243494
72879
78664
2253354
69175
102584
2262891
2271907
2280917
61193
2281094
2284924
IUA
2268026
2270553
88025
2279336
60890
37925
2288464
66344
2293107
AIIEEEUUU
2264718
OEOUIOUE
2248460
2257504
2263515
57082
2268274
EEUAAEUEE
2253169
77427
85802
2261148
2267543
46478
2270887
2275169
62927
2281511
47000
66678
53986
2288806
2294407
60872
UOOOEAIAU
27330
UOOOEAIAU
2272185
88228
52964
85012
65980
41804
2278523
2283935
2292264
43546
2293589
2299984
AEO
2301068
EOIIO
IEAUAIU
58217
2275939
105458
50136
2279743
2285641
100178
AUIAEII
48487
48266
2274437
2275451
2278963
2286383
UOAU
2275121
2284838
OEEAI
2273265
2274471
2281323
EIAOOIAIO
74752
2268443
IEO
2272314
99344
2277310
46079
88089
87086
UEEIO
AEUIOA
2244996
2252391
AEUIOA
90504
45925
75514
2244990
2249894
2257600
2264598
2265774
71801
82608
2266449
2272911
IOUUUEUUO
78664
52451
2263029
79848
2263067
2270651
2275033
2276289
2279698
AEEOU
2261021
2261136
2263904
2273212
88374
95098
2278164
2279086
2280345
2280882
2289161
2297495
56089
2297675
45925
70333
2301921
2303586
2307031
53682
83881
77435
85714
93231
85012
EAOUIAEIU
IUEEOOEE
2295008
2302111
AIIUUAAIOI
2295776
2300246
2309935
88374
2318568
2325439
117766
2325989
2335296
2340799
86802
2348909
78068
2351410
82946
AIIUUAAIOI
2355886
2363989
30166
2372271
75892
2380162
84709
AIUIA
2368016
UEIUA
2368971
2376137
2379881
2385307
EOOI
2377993
OIOA
UOIOIAEIII
72911
2340452
88374
2341876
2345133
2349520
UII
2351361
2353867
59392
2356690
2358869
48953
2367206
2369063
2369793
31041
2376736
UUAIOOAU
65305
75514
2358034
48487
2362559
UUAIOOAU
115204
IEOEOAUI
47486
31041
2343648
52467
47393
2344275
63792
72879
2349094
72879
94952
2352798
2358281
95156
43546
2361922
2364886
115204
2367042
2370108
96987
2372909
2377714
2386068
2392268
2393150
2395108
2396842
IOUUUEUUO
2385862
2388322
2389326
65980
93668
2390057
2395245
2403512
83908
2410993
37925
AEUAOOUI
86588
96987
2411259
72911
2417845
62684
2420270
2421468
2422045
78545
EAEU
2404624
2412111
2417000
2424201
2432652
2440314
AAEUUE
2442945
59047
2447764
2447821
OEAIEI
2446381
OA
2444002
62995
42613
68007
2445514
2455191
84649
2459224
2469201
2475411
49535
2478977
81289
2480714
AOI
2472452
2479413
2480879
2481711
47275
34413
2490760
2493556
2498268
47486
2505859
2515143
79584
2517662
59569
2526344
UEOIAA
102584
2519363
65422
2523615
43546
2524350
OEOAOAU
2518101
62826
2525987
2531839
2541255
2541944
2549935
OEIEEOO
2541228
52579
2547937
62596
2549509
2557967
2558069
2564414
2567233
2567381
57463
84709
46827
2570642
2572296
2576079
2579022
86588
76405
88089
2580841
2585724
2593687
2598247
2600572
UEAIOI
2594345
2598422
2604679
30515
62995
100178
2605845
2612403
2616052
30515
74752
2625825
2635603
2638553
2648008
EE
2635949
48953
2641298
OOEOIEUO
2640449
UUUEAUIU
UOOOEAIAU
63809
2620626
2625606
2632537
2640916
2643620
64409
2645980
AOIIEAAA
UUUIOOOOO
AOI
84709
59804
2611176
46079
2618519
2620065
66678
2622304
2628558
2638032
2641822
2645932
2650752
57869
2654467
88061
2657348
2662696
2665467
100200
IUEEOOEE
OUEEUII
92042
IOIAAOIIEI
2599733
2608939
2613229
50871
OEAIEI
2612194
IEUUAOO
OEOAOAU
2568850
79975
2577195
OOAUAI
AIIEEEUUU
2557411
2563671
2568120
80007
77435
2573319
2583035
83471
2583500
79977
31705
80539
AUE
131125
2576039
41983
2583709
2588790
49728
2597260
95156
63809
49470
2603029
91556
2611181
2612202
IOIOOOOAI
62995
I
2558562
60144
31041
99344
2564376
82540
45696
AIIAEUIO
2557436
33304
2562538
67244
EAUAI
2556893
66896
IIAEIEEA
70331
96738
43198
2539799
34413
46827
IIAEIEEA
2544216
50871
70333
2552350
101120
44451
2553171
2555301
92042
2564690
2564695
108482
2566847
131125
65332
27330
62927
88228
2574730
2576727
25253
57463
2577215
2583766
74752
55717
EOA
IOIOUEOIAU
2558627
U
2549075
2549140
2552217
2553860
2556559
2562360
2564654
2567382
2573890
EOEUAOIOI
2561288
EUEE
83471
101315
2553075
79977
63518
EUEE
2551891
2559349
EUEE
87017
2553040
2559797
2564940
52451
2574880
49535
2584258
IOIIUOUAII
2566907
2576190
2582163
2585307
2593207
2596843
2598335
EEIUO
2597690
73185
83471
91724
IOIIUOUAII
59804
2590161
2598434
2603843
EIAUEUA
2581867
2585016
UUUEAUIU
2560361
2562743
2567482
UUUEAUIU
47374
31041
UIEAOIAEA
2566882
2574667
AAEUAU
64792
2551426
82608
2552339
AOOAUU
OI
2520038
EEUUI
2495955
2497595
47393
66922
49728
98961
2504331
109791
2508448
59804
31206
2515189
IEAUAIU
64949
2494632
54551
OUEEUII
2477341
81280
2481155
2487872
93231
57082
64409
UOUUEOOIUA
2484803
2488457
2490272
2500126
99598
51946
104218
2507161
2515679
51492
2523466
2531702
82608
70331
48889
56463
2533061
70008
55468
90064
70331
68529
2540813
2549607
2558872
2564804
2567093
2576229
2580842
2589460
2589485
2589612
2596812
80523
2600029
2607280
2611859
94952
65748
EOUUOIEOI
111147
2606963
111247
63925
2616164
2623734
109395
2633120
51492
2642720
63809
2648037
88089
2649448
2650454
2650523
2658721
2659995
EOUII
AEIEOAO
2626186
2628983
100200
46774
64792
2637531
2642075
100857
2647529
2651872
46774
53682
2660694
2662251
2667143
2672760
2673832
OU
2654743
2663757
33169
2669244
2675668
IOIOOOOAI
2659632
IOUOOO
2639891
2645542
98961
2651729
77435
2654954
101436
UEEU
2633427
2642092
2644507
2645855
AAAAA
2629741
71498
2631608
2631957
IOIIUOUAII
AII
2608813
53682
82540
70008
2616865
2619547
88228
47176
2629172
2638397
2639533
2641552
109381
2649356
2651083
2658316
2662467
2666823
59804
2672252
66269
2679484
47176
2688745
108399
72038
2692833
2695350
2701839
2710155
2713454
99598
85179
32760
2721425
2726513
89837
2732429
2732708
81289
2740805
AOIUEEA
U
2728449
2733650
2738915
83777
76052
2743495
2748134
EI
IUEUUO
70331
83373
70331
88430
2715840
124085
2724499
2729993
59975
2733259
2739782
2741465
68309
83751
2744181
2748325
2754802
117314
2760285
2760761
80270
2763519
2767088
47475
88133
UUAIOOAU
2744669
2746923
2751469
86802
2753582
2756597
85179
EAOIE
UEIUA
2743458
2749536
70333
83849
2755668
2756745
2764206
65091
101315
49516
52768
2768112
2776466
2776564
OEUIAEIEI
50010
EUOOA
2740888
2749144
2753429
2761956
AAEUAU
49728
2754544
OIU
54642
2738142
97992
64119
2747936
76794
2755093
AUIOU
2734878
70050
OIE
81289
IAIOEEOOA
2709920
2711045
2717563
2718564
2722276
2731297
IAIOEEOOA
54642
AEIUIA
59569
2732983
2739698
55237
2740434
UOAU
2734176
2736006
2737467
2746943
56667
2755232
70331
2764933
88228
2772284
UOAU
2777199
OEI
101315
64999
75123
77833
2769858
2776826
EOEUAOIOI
104218
63925
2773021
2773949
65980
2783550
76687
95158
2787056
2789803
83471
2796959
2803637
116369
2807442
2811395
OAIUUUUAIA
IUUAIOUUOA
2784510
2784972
2791992
2798676
EIUIIUOO
60342
2791999
2800144
2809989
2814355
UAE
46774
2807136
72520
2816802
UAUIUI
2802473
2809179
2818040
2821065
77614
2824011
2830666
72789
2836696
2837615
2841940
49535
62562
63568
2842001
2842265
UAUIUI
56429
UEIUA
71982
93285
2833945
108482
60310
75123
UEIUA
2843638
2851309
OOEOIEUO
52749
2830431
2838328
2839332
56346
2843598
2844653
2846256
71265
56346
2856082
2864246
2865308
2869048
OOUAEIOEU
102249
2861855
71845
2867320
87017
IUEUUO
2864473
53682
80771
65091
57224
IOIIUOUAII
63568
2861344
66896
38769
91034
2868322
2873291
2876071
56667
2876920
2884556
2893109
75608
91968
52749
2898046
65036
93610
82857
2898804
2908179
2914230
74206
UII
2911770
2915610
2920676
109791
2923620
108399
78216
100560
UII
2927966
2929309
U
2924685
2931266
2939511
88089
111147
AAIEUEUI
2945958
2949050
2953022
2955423
EIIAUOA
2934310
2939201
2948660
2951179
74929
2956995
2962914
IE
2944427
2952613
2960765
99344
2970438
2973748
2982277
101980
2987545
2991207
UOUUEOOIUA
75138
2987588
2991400
2993488
52451
3003154
3003938
58157
3012753
3017242
90010
3022021
AOIUEEA
94952
3010362
EAUAI
68529
EOAEEEEAOE
AAAAA
2960313
53905
65091
2966660
2970429
2975423
2977751
2981349
2990854
2991168
2992532
3001969
3004631
3012578
3020932
28469
3028167
AAAAA
EUOUUEE
3017242
91034
88228
62002
3020961
EIEI
3003719
3011379
77535
85112
3012188
96738
EEAAO
EEAAO
3011025
3015495
3024487
3030581
3037970
75138
27330
IUUAIOUUOA
3034506
3034650
3035765
80523
91222
3044732
80000
56456
3048162
3057573
130578
3062938
3068257
O
UAUAE
93591
UAUAE
3049877
71299
OUEIIO
83751
67230
AIIAEUIO
75123
88835
68529
56645
3026759
3027916
3029605
3034573
3035494
66157
3038366
UII
95344
3017581
3018251
3021821
110378
91222
56346
UII
124085
3025992
UIIIOEIUAU
3008914
80423
3018127
3027718
3029875
78216
IEIOIIAU
104128
70008
65382
64949
3014579
3015183
93610
93610
84649
3018654
AEO
3020164
3030047
OOAUAI
3020763
66594
3028098
74929
UOEAI
3017505
3024422
3024538
108482
3030334
UOEAI
67176
UE
3022432
70008
EUOOUA
3002042
IAUOOAA
2996878
3004520
3005267
3013510
86802
3020492
108482
3025418
IAUOOAA
28469
73288
74979
3031023
3031670
3033366
3037950
56463
93231
3042136
3043688
3043908
IAUOOAA
73700
EEIUO
OAOIIU
3014019
3017354
3023900
3029783
71486
3039697
3047390
60310
3048989
3054238
3063825
3070353
3071758
3078745
3085148
83471
EAAIUEA
AEAUOUUA
3077355
3078208
100857
UA
112762
56463
3060165
OOEUOOOO
3056667
74979
75138
IIUAUEAI
EOAEEEEAOE
3032061
OUA
3018757
57593
124085
102249
OEI
3000251
3004840
82580
UOOOEAIAU
104101
2998277
OOAUAI
2979325
47567
94904
83245
2987707
AIEOEI
OIOIOEO
94952
2958947
2962495
UO
2956688
OOEOIEUO
2929185
2934193
54478
2939768
2947239
2955879
2959749
2968827
2969585
2973563
66594
96987
2978926
90250
AIIUUAAIOI
AAEAAAUU
2956176
2961592
82012
2971041
95153
2976356
2978074
71198
EOA
59898
AO
2928755
2938150
2946014
2949325
43025
2955611
2956928
UOEUOAA
47567
66910
64621
2933059
2933509
2934303
2942760
129106
2949359
2951913
2956309
2957125
AEIEOAO
49979
2946885
49979
2949330
2954432
2961991
2966679
2966740
2973192
2982799
62002
2984082
58956
97873
2985211
2985367
2993358
2998261
3000437
95153
75985
3001126
3002115
3009104
3015100
3015919
80423
3016531
3019720
3024550
70456
3031416
3037778
3042864
3043005
3052167
3054734
62562
104128
UEUOUIO
3061783
97873
3069653
68741
3074626
73568
101990
105371
3080209
3088123
3091821
101980
3098468
85275
3107853
AEIAO
3097037
3097819
3098173
3102553
71982
3107229
3112655
3115875
3124638
53905
65779
3130116
A
3130504
IEUAIOII
82020
3115088
3121497
3131396
71982
U
70456
95153
102249
3126104
72911
67176
3129566
U
74929
3133280
87769
3133329
3136373
3137383
3143366
80523
IOIAAOIIEI
60286
75379
102834
3131217
3132662
3136768
82020
3146264
3154311
EOOUEIIU
113783
60286
38637
58956
3148486
3151802
UUUEAUIU
52749
80423
3140713
3141764
3151633
OAOIIU
108482
3130338
59728
3139122
OOEOA
72399
3139038
3142004
3149001
3149607
78068
134824
3153882
OOEOA
3156631
3161910
3165702
IUUAIOUUOA
3155630
3156607
3160321
3166828
104218
48296
3167753
70421
88835
3172807
OAU
3158618
3166397
3170474
3171724
51880
3180117
AEAA
AEIAO
60941
3150460
3151220
3153375
87769
3154024
3163876
OUEA
110378
3141593
56456
83564
66608
98492
87903
83587
3146901
3155060
34837
3156031
3156466
83564
UAEAEUEEIU
3145495
EIOEO
126467
3117005
3118506
3125979
UOIOIAEIII
3107199
3107581
71198
60262
OIEIIOIU
70547
IAEEAOIAE
UUAE
113783
3053046
62562
3057707
3057897
59992
3065458
3070804
3078282
3084527
66940
3091315
3094664
95715
97112
3100898
3107793
59898
UUAE
3109280
EOOI
3084271
3091222
74466
EEAAO
104101
101011
3075258
3077719
3087565
3097018
EOAEEEEAOE
109803
3081733
101011
3082811
3089966
UAUIUI
3084446
3092771
3101378
IEE
3099321
3102816
3103867
36911
92617
3104904
76303
UEEA
47566
3095784
100200
3101830
3106414
3114109
80280
89572
52229
3121011
3121319
77655
3126604
82540
3127771
3134441
3143987
3147201
OOEOIEUO
89572
3144205
3145363
3151503
3155594
58956
3165152
3172443
3175523
77365
3176911
74929
130678
3183008
3188014
3189952
3195156
3197456
98741
3200176
IIAEIEEA
86545
OUIAOIEIEE
3174368
85603
3180790
73205
3181806
3183220
OEUIAEIEI
67928
3173824
3177345
3187078
3192912
59982
3194914
3196178
3200787
3209939
3214257
3222306
3224300
3228900
3232966
3242492
3248954
UEIAI
3223364
3232558
47566
46569
3236204
3236378
64495
EE
52229
UEIAI
3222570
51315
118876
AAUOEUI
80107
3219523
51880
54478
3225195
89735
3228287
IUA
72873
3217891
108921
105898
70547
3223766
3227167
3232814
3235713
3242398
90010
3244933
66690
106572
75031
130678
3252568
81767
3257617
51614
3262720
EEOIEOAIUA
62562
3244052
3247021
51614
70547
93720
49177
3254235
69469
3261805
94956
86179
102548
54751
3270949
EEOIEOAIUA
120341
3272009
3280976
66940
IUEAAAUE
111636
UIUOEAI
58935
65668
OEEAI
IIUIAOAIEI
86545
3221367
3227972
3234995
100777
70543
85535
3236845
EUEOUAAI
94952
3233134
EOIO
3227869
AIAUAI
93238
3201414
3206435
3213138
3219953
3229903
3236414
OUA
64740
66690
3223735
EIII
3228046
48296
68897
3232665
77495
3241967
74466
3244473
3252785
3258812
3260629
83587
3268126
3277480
3281805
62166
3282764
3290439
112762
3296366
3297972
3302321
3302961
84709
3304093
98912
3307956
3308038
3314636
3315005
61768
EOOUEIIU
3311429
67245
3313526
3314867
3319234
UEOUIIUIOU
115480
3311074
IUUAIOUUOA
3298350
3301403
UOEUOAA
3302963
103036
3309727
UOUUEOOIUA
3287825
UOUUEOOIUA
3289857
94952
AAEAAAUU
IOIIUOUAII
3269698
3273900
67176
112531
96987
68067
3283418
66608
3285632
3289567
3294007
IOIIUOUAII
AOIIEAAA
3287071
IEE
3261159
3269184
3277693
OUEIIO
EEAEE
3248289
66490
3256944
3262808
94956
60286
3270316
76303
UIO
88005
3265340
3274292
114168
3276465
86179
UIO
3282798
3289630
3294350
3302222
3307769
3315685
3319883
3323583
84382
3331443
3340572
UOUUEOOIUA
3322989
39719
73794
39719
3328576
EIOEO
64621
3304782
108482
95865
75031
3310434
70547
3319205
83104
AIIUUAAIOI
3315295
93720
3317674
3322055
83751
3331600
75551
101446
3334960
100341
3337178
3343668
72873
3346554
EAA
73568
3340953
115096
72873
3347845
88005
3352390
124129
51880
OIE
3344514
3350424
66490
3358509
OIAUOUUI
OUEIIO
3332079
76398
67405
102938
3334856
88005
3340163
OIOA
3332681
102676
3336925
120341
3341176
3350544
3357985
UEU
3349202
59992
55260
3351484
91087
AEUAOOUI
83751
93822
46569
61420
93238
3335738
3344748
3349238
3353407
3357141
41089
3363137
75551
AOIUEEA
3342021
3347375
102609
3348636
3351395
59551
3352022
3354015
106191
68741
93822
83751
3361668
83245
OEOUIOUE
66263
3355972
3361046
3364344
3373445
IUA
3368238
3373622
96987
3376376
3380847
3390003
59831
45108
EI
OIOIOEO
3357567
3365545
UII
UA
3331714
OEUUOUIOUI
126217
3326524
3333496
UUOA
63925
83882
3333851
3341533
3349575
3354474
3363465
3372261
108921
114636
UUOA
3381794
3386620
115096
UUOA
78128
3389178
3398792
93238
70543
3403595
3403757
3405948
3410040
3415825
87108
3416968
AAEUUE
48296
3396404
77655
64924
54922
EUEE
3393894
88835
3396739
3405321
3405709
3411663
3414047
58266
3416432
113252
3426187
107517
UO
A
3416917
63925
58266
116835
3418602
94549
3427834
54922
IAEAAAE
3411348
EEIUO
EOIO
3375247
3376693
81518
3378180
EOIO
3385083
108482
3388722
3397027
75998
3402695
3407842
107903
3414947
3420945
56456
UII
62562
3399603
66594
3404337
AEUIOA
59447
3377831
3380611
85523
59447
3386888
3395593
3403439
87108
3405138
100834
106188
UUAIOOAU
3388520
75358
85112
3395948
3400567
3406636
3410422
108822
121306
78511
66785
75225
3411729
3418323
65160
85983
III
III
3411550
39719
90250
3420363
88548
119043
3420404
86545
3422219
3425385
86814
110554
3426127
3427064
OIU
3410802
IAIOEEOOA
68741
3409138
3416068
92912
116835
86545
86257
3425456
3433304
3442120
116369
AOI
AOI
UEAIOI
61768
UE
3406551
3407788
3417688
108696
93720
77655
89572
3423853
3425027
129974
86257
3426554
3428606
3434243
94631
3442925
3449676
3455467
3456066
102609
113004
3461808
3468598
131972
3477287
OOUAEIOEU
3473771
3482868
3491712
3501129
51113
3504755
64949
EOOI
3481211
3489170
3497929
3500598
3506099
3512330
54478
3518624
EIUUIA
64495
3520795
UEEIO
3497558
3498518
3506317
3513247
54665
59898
3518718
3528455
48296
IIIEIIEI
92224
3535155
3542265
UUAIOOAU
EOAE
3526590
3526629
80270
84949
129867
3531078
54922
IEUAIOII
3514190
UUUEAUIU
OEI
88835
3507725
114990
3513553
3520888
3525320
3525918
130647
73568
3527986
87367
IOIAAOIIEI
3505485
3510097
65549
OIU
3501154
OIU
154925
75998
UO
3476702
70547
84709
135901
OIOUEOUOAO
3463442
3465979
AUIOU
3466135
103098
68666
49177
EAOIE
122114
AOIUEEA
3442384
AOIUEEA
60941
3446222
122255
72873
3446610
UEEIO
UEOIAA
3401431
111482
3408733
3418463
3427394
3435587
54922
UEUOUIO
3411417
52229
3415211
3420374
3423882
3433321
3438598
3447584
83914
3450011
64924
3456445
3459989
3463615
122114
79989
88970
85999
3469438
80969
3475421
49177
3479691
118876
82643
3486416
3494288
86109
3497710
108513
3500841
3502435
3508683
UEOOEEA
3488407
IEO
3469005
UAEAEUEEIU
3459659
3468536
70547
3472648
69469
3474810
3477247
3485379
3495156
70806
IIOOUAU
3470304
3479611
3489542
3494259
EAEUIEE
3470842
EIUIIUOO
92912
3468853
3475185
OUEEUII
67707
3469136
3470965
OUEEUII
IIIEIIEI
EOOUEIIU
107903
124129
3442055
3446587
88835
70547
OU
IAEEAOIAE
64134
64924
86312
3419696
88548
UOOOEAIAU
3411820
3415896
3419033
96495
71893
83882
AEAUOUUA
3415717
3417909
3424259
59551
3432150
85999
3437100
3446228
3446740
3450974
3451711
3461293
3463778
3465662
88835
94631
3475346
3475865
3478045
3479958
92912
OEAIEI
56695
3456567
EIUUAU
3437694
3438466
OUAE
3417784
79895
75604
3427158
3433475
IAUOEAI
IEIOIIAU
UEOOEEA
OAUUU
3347745
OUEUUA
3341675
3348979
66594
94031
65382
3349424
96747
3354035
3362671
3370920
100834
82278
68577
3380179
3380681
3387691
3388450
3395454
102834
3404159
76678
3408556
3412590
3414154
3417639
100566
85112
3420161
3422175
38270
EIUUIA
O
UI
3398342
3401960
73235
3408858
78511
3414108
88970
56695
64605
103098
107903
UI
3411256
110946
85796
116369
IIAEOII
3409266
75998
69614
63031
3413114
86312
57926
67430
72328
3418366
3427219
3429846
114907
3431692
3440484
3441478
3445743
3448364
62817
111482
UIEIO
83929
3426299
101446
3430519
93238
3433583
3435786
IIOOUOOE
3419241
3428038
80785
3437753
3443325
3447582
62817
3454625
85337
EUEE
EUEE
3453098
129604
3460265
3465167
80270
3469985
III
3448305
62085
112838
3453956
3457651
III
103619
89735
3457261
86312
3457598
EAA
3433395
IOUOOO
3418999
3421405
3421457
IAIOEEOOA
3404061
UOEAI
77961
3384429
AU
UUOA
AEUAOOUI
3318789
3323211
3329658
3331498
3332032
75604
88548
3336084
3345934
73235
3351119
IOUOOO
3346978
3354198
OEEO
EAUIAA
3327070
3329085
I
3305754
EEUAAEUEE
UEOUIIUIOU
52973
3271284
3278275
113276
IAUOEAI
AOIUEEA
127676
3240831
73502
106502
3247116
3256087
3257230
3257483
3258627
3262539
OEIEEOO
96483
75604
75998
53229
93238
112029
3261588
86816
102806
OEIEEOO
83250
EOA
EIUIIUOO
108822
IAUUAOO
54922
104189
3203313
3209650
3219602
3228435
AOUEOOUEUO
112959
115024
OAAUEEEIUU
3193778
92269
3197347
3200615
3201247
3202268
3209387
AEUIUIIIO
57401
3205016
3213909
3215032
UEAEEO
104189
89735
3196986
UUUEAUIU
89735
3190065
62739
105044
143415
84101
3192940
76671
131551
3196182
3205399
121149
3214268
84257
EOAE
3189176
3189499
99579
3190878
3196756
3205588
104632
IEAOEOO
74429
3196854
3202654
3209665
61444
3216015
3217141
105067
AOIIEAAA
86092
IEUAIOII
85314
3175931
76687
3183330
3186011
118920
98745
3190373
EO
3167555
3168972
3176526
UEAIOI
3178536
3185711
88228
3189678
3194095
EEOIEOAIUA
3169778
95439
64495
3172855
OEUUOUIOUI
3160107
3162773
UEIUA
86816
3170784
3178091
85337
3186335
3193377
102453
3197690
92719
3201124
3207333
3210922
3218560
122255
EUEO
3216088
3221975
3231493
3239702
3244938
63862
3247447
IIUAUEAI
3249622
IIUAUEAI
3257876
97416
3265890
3275750
3280860
3288831
94674
3291860
3295379
3300855
3301074
95439
121783
3302131
3304531
146055
86655
UEOIAA
64361
AAAUAU
3273985
3282846
122255
UEIAI
67141
95366
93920
3262016
3270197
58428
3270909
87860
3274066
3283131
3289170
132048
92203
95439
78511
UEIAI
3291121
3293271
87875
3297428
3307415
OIEIIOIU
IAEEAOIAE
UIAIOIOU
UIAIOIOU
3255948
52973
3256040
131551
EOOUEIIU
3245377
EOOUEIIU
3241869
3249355
3255468
3257854
3259441
3267982
76332
OIAUOUUI
3269893
81609
141696
102806
87875
75929
3274884
3280099
3287777
3296226
3304170
74657
3313973
53229
3316779
AAIEUEUI
3296438
3303976
3307078
3314466
115473
80996
3319295
3321175
3323126
3330233
3332016
103098
3335134
EI
3314931
3318408
95161
3326302
3331154
3340997
AUIUA
AUIUA
3333621
95161
3337666
3347309
AO
3333995
3334682
3335119
3337204
EIII
3327993
76217
3330987
3336072
117465
3341861
3342978
68406
97249
3345414
3354106
3358060
3359200
3367233
3372569
3376924
3381873
UUOA
UUOA
3360158
3368769
3375887
73623
3381914
3391232
3394041
3398078
3399640
3401006
141696
3408849
UAE
3398628
3402215
3409541
3411447
OIAUOUUI
90659
87875
3386561
65871
112111
3396037
65871
3397102
76332
3406743
3411511
62085
3416669
EAOOOOO
3418223
3420849
AOI
3398518
3398747
79001
OI
130655
129451
75929
67430
3383658
50798
3386849
OOAUAI
3380944
96779
103285
AAEOOO
180506
3366176
3372460
3373615
103925
86655
3382422
3390794
3394504
3400148
3407897
105566
3415655
IOUOOO
111612
127676
3400189
81565
3405868
AEUIUIIIO
119543
50798
52406
60274
91123
AEUIUIIIO
140269
EAOIE
3371664
3372048
AOIIEAAA
3356619
3362212
75604
70122
98745
68149
OUU
3344879
3346072
110898
3349169
3355791
3363018
3369043
EAEUIEE
102806
3355140
93279
3363460
3364730
3364807
3372761
140255
E
153276
3358032
102453
117465
3366623
104632
75929
IIIUEOIII
3362837
3364688
3366645
73767
3366865
3367029
3370366
3379832
3385565
3394804
IIIUEOIII
3390891
3393325
96747
3403250
69614
3404291
89848
IIOOUAU
103098
3390823
3395261
AIAUAI
3396485
77092
IUEUUO
3396706
140255
3404792
88529
3414740
133074
132783
161944
3419305
94398
3421705
3423620
3433008
AEUIUIIIO
OUEEUII
3409161
87598
3413657
3415815
3417056
75604
77920
3419591
3421659
3424310
3433829
73235
OEI
76332
3430432
117465
EUEO
3433470
3434532
3438600
3441104
3450571
62085
3460505
3466118
3468676
109080
3474235
90393
85689
116109
124219
86894
86497
3476924
76038
IEUUAOO
3471753
3475473
3476292
3486141
140255
3486577
IAIEOAO
AO
157388
111612
102453
73767
3454044
3464016
3471893
3477764
109469
76678
3479857
90778
3480731
3485381
3489608
AO
3498597
3508007
3516581
3519613
102016
3524917
161944
3525883
64703
3527808
3527907
3528988
3538438
3540680
3550523
AEUIUIIIO
3531778
126302
71312
108620
3539864
118920
3541416
118130
123849
3546599
65871
109080
77092
95833
3549492
3554974
3558048
3563301
IAEIA
74594
3547453
3553814
EIUUIA
IOUEEU
3535794
96225
3544423
110794
IOUEEU
61444
80085
3547156
3550874
EIIUUEAIU
EIIUUEAIU
3529063
3530711
80995
3531536
3537158
94446
UOIOIAEIII
IOUUUEUUO
3499541
96747
77920
3504213
3505633
3514829
68149
138986
UIEIO
3495885
3505412
110019
127676
IIAEIEEA
120824
3500494
IAUUAOO
83356
3479530
UIO
EAUIAA
3461564
3463836
3465092
111612
3474543
69614
3476048
116835
86616
AAEUUE
3472060
3481216
3489619
3491972
AAEUUE
3493359
157231
IAEEAOIAE
EAAIUEA
3449989
3452559
3453057
3458962
3467290
3472725
3480983
3485255
102856
90404
3487813
3492183
3497740
108013
42427
83900
IUA
IEIEOEII
AIIEEEUUU
3452657
3460007
3462487
3469837
3471656
3479793
3488217
102730
3491888
70236
3500358
3502119
3508195
73235
3512844
EUOOUA
EUOOUA
OUEIIO
3479983
102856
3484842
89266
132048
OOUUIUOAA
3470248
EOAE
3461993
UUAAUAOIAA
3441071
3446667
3456136
UAUIUI
3439819
89266
108013
3443226
3443583
70574
3449881
83900
119901
IIIUEOIII
3421720
99579
3427256
EAOUIAEIU
EIIAUOA
3392623
3401619
3409329
141560
76125
EIIAUOA
3409794
3418851
3420007
OIUIIOUOA
OIUIIOUOA
3395637
127268
69614
3400795
3409611
3409772
98745
3416365
41089
83929
138986
3419683
3426372
68149
3434083
3442141
126521
EO
98745
87959
3430806
OEOUIOUE
70236
3409907
86894
104082
OEOUIOUE
3414814
132048
3420050
3425631
3433907
3435267
3440605
OOUEAAEAI
117593
OIOIOEO
132048
3409484
3419097
100223
3428219
114511
3433200
3442583
3446552
90705
3455146
OIUIIOUOA
111612
118828
111975
3444893
OIOA
65871
3422327
102806
3427224
AIIUUAAIOI
3412806
89265
102856
3422284
3428966
111546
IEE
UOEIIUIIII
3422240
3426204
3428046
3436951
3445843
3455048
A
119543
3451918
118130
3460319
109163
76011
62320
3462579
3463372
68149
107700
3473015
3480816
3487338
3490160
UEEU
3465602
3475280
EOA
121634
3462552
3463380
3469721
3476989
3479805
IUEUUO
161944
125102
3481212
3489949
69614
3492744
3498797
104590
IOUEEU
81666
IOIOOOOAI
3457932
3463274
3471631
3480366
3480925
OAOIIU
3464562
3469342
OEOAOAU
94783
3443752
3450596
3456951
77920
3462274
3465227
3471135
3479247
144635
3484856
3487011
97156
3496093
77217
3499562
3501214
118920
74429
3503101
3508747
3512712
3516523
3522669
3523389
3530580
3532135
41089
3537109
91651
3543866
3544145
3544269
3547498
3554334
92719
3561844
3565000
3568042
3571066
74429
99912
3576064
87959
3583000
103098
3589115
3596116
3605279
3605595
OEOAOAU
3608180
3612649
3614671
106393
112631
3615404
67141
OAIUUUUAIA
109080
81666
3595215
3599987
3603686
126521
3606201
3608564
EAOUIAEIU
3584300
102856
108620
III
III
3571802
73623
3577176
3577873
OOEOIEUO
124219
EAUAI
79304
3552798
3560722
3567269
153232
79868
EOAEEEEAOE
3557708
3558062
3560779
3564943
3568263
EOAEEEEAOE
3568086
UIUOEAI
OEEAI
3541907
3550484
AEIUIA
3528179
76866
78446
3532396
3535775
3544759
3553964
3557656
3566597
90507
76497
43803
OEEAI
3548089
3554387
3559746
3564762
3570184
OEIUOAOEI
3558174
3567693
95314
EIIAA
95080
3547137
AUIUA
IEAOEOO
3517660
66656
3519785
104082
71412
3525493
3534892
3537929
3538895
124033
OIEIIOIU
3530274
122568
IAEOIOIA
3532554
3535392
3536329
UI
3532815
3533840
114201
3541599
3543808
OIE
3549384
3554092
66681
3556595
3563722
3564454
88243
3565361
3566632
UAEAEUEEIU
124195
3570963
3576545
3577688
3579773
AOIUEEA
3565910
102856
UOEAI
86894
AEAUOUUA
3556430
3560963
3565771
3570106
117818
AEUIOA
3567157
UEEIO
3568189
OEEAI
3546310
3550112
3559925
OEEAI
72204
94346
3568324
137437
170526
3575952
115137
3579985
3585145
3594585
3601545
3607416
86497
OEEAI
3603510
79633
3608378
IOIIUOUAII
3590289
108620
3591558
3596523
3598059
141433
3605822
AUE
3602915
3610033
66267
3610047
73234
53289
3613254
117288
96288
72204
3618971
114559
3622735
3630431
AUE
3636737
3637866
IIIUEOIII
3628304
3630881
63820
3634759
119092
3640837
EOOI
3630449
AUIAEII
87959
OEUIAEIEI
104082
107888
3600178
3605765
72204
3612203
87674
3616318
EOAEEEEAOE
80756
3595441
3598008
3598554
99912
3606826
3613044
3614286
EIUUAU
3615722
62085
3618500
3626183
133933
3633639
63820
3634869
3643612
127214
OOUAEIOEU
3631350
3634811
3643970
90705
UEOIAA
79063
109102
72095
108961
3629009
3633677
3637426
75525
88243
113483
66267
3642429
OUIAOIEIEE
86497
3638541
OEUIAEIEI
90705
109251
141599
98745
117288
3634058
102730
72755
75604
UIEIO
3608170
3609607
3617601
3623207
AAEOOO
3615041
115540
3622694
127214
158909
3631324
3638900
3645955
3646245
102730
3655384
111546
63820
70414
95080
3663797
AAEAAAUU
EAUEUOOEU
3642841
3643154
IAEEAOIAE
3629034
3636045
3640918
83916
IAEEAOIAE
93520
IAEEAOIAE
3644150
108013
3645552
111743
94918
EIIAA
3625408
132048
IEE
3611065
AAAUAU
3597427
3602243
114201
3607916
3612934
3620172
3627786
113845
114818
EI
3614427
3621739
114818
3630987
62320
EOIIO
IUEEOOEE
3601309
3608312
3614717
IUEEOOEE
53289
71412
111743
117377
87686
143114
3616804
3620562
IUEEOOEE
90507
79667
3624763
3626806
118602
118602
3629943
3634772
3634903
107933
3641106
3648496
79633
70236
3648980
UEOIAA
142780
3629463
3637837
84103
3643622
3650298
3651341
UEOUIIUIOU
106750
99912
OEUIAEIEI
129933
3609857
3615586
3617850
71412
OEUIAEIEI
46665
3616846
3626657
3628440
3632633
3640784
AU
3633163
3637685
3644480
91525
OIOUEOUOAO
3641963
3650023
141599
3651163
111743
3655544
3656942
3663839
73259
3672344
53677
3672652
3678373
3685118
III
66267
3674200
78446
3677295
73833
3686871
3688943
3696673
3698231
145276
3705040
AAUOEUI
91037
82348
92877
99649
99989
3683270
109102
3683382
AAUOEUI
OOEUOOOO
155732
108620
3665324
3668779
AEIAO
3656763
133074
IIUAUEAI
3642841
3643822
3647110
98895
118920
68149
EOOUEIIU
AAEUUE
3621675
66267
UIEIO
OAOIIU
3598248
3604149
53677
3605344
3609406
155871
114021
106738
77217
OAOIIU
3610799
81867
3614539
94918
95265
3619813
3620537
3624611
UUUIOOOOO
114559
107642
86497
3606424
EIIAA
3603139
3612888
3620947
3622461
3625017
3625194
E
3605757
168474
3609772
3613141
110313
3614017
3617377
86959
EAUAI
3613820
OUAE
3598978
3600970
OUEUUA
UIEIO
3593291
3599986
3605647
142780
102806
3614757
3619175
3628963
OOUAEIOEU
3623269
128299
3624398
3630554
152580
114021
98927
3633993
EOIIO
81837
83377
OI
AOIUEEA
3614581
100037
IOUUUEUUO
3617172
94527
79063
125579
72000
OAOIIU
3604133
91037
3607326
102856
117567
72000
3609301
3609733
3615743
78242
3621292
AAIEUEUI
3605432
I
OIOUEOUOAO
3590961
AOOAUU
118390
AOI
OEOUIOUE
3537233
114021
3544021
AEAUOUUA
90507
81772
UO
104200
3522483
101941
3527108
94553
74497
3527400
3529296
EIUUIA
3514961
3519762
3524518
3528232
141370
3536989
54577
139490
3537077
98327
3544168
3544503
IEUAIOII
3540488
92704
IEUAIOII
61444
UOEUOAA
3529038
3538396
3547690
118952
3557087
IAEIA
3543699
3552006
102730
3553305
3560435
138730
79405
107694
EOAEEEEAOE
132145
IEUUAOO
3534287
3541538
143871
102806
3549611
3558851
89161
108282
3560020
67141
86029
123849
146519
94527
138425
3568992
3577001
3585871
131234
126620
93649
3591918
3595547
3599591
3608101
123849
72095
113471
91035
UIIIOEIUAU
3604781
3611842
101314
IEAUAIU
UEAEEO
IUUOIIUUUI
3593674
3601880
3602305
108251
3610130
128299
92608
3614407
73259
99642
3619541
3620512
3627435
3630904
IUUOIIUUUI
106069
OI
3608303
AUIAEII
3594215
AEUIOA
3577083
3577629
116262
128299
3580408
3587177
3587851
IIUIAOAIEI
3567029
3575750
3575835
3585740
3592743
3601618
3611189
3615495
93649
3616925
141304
UEOIAA
EEAEE
3575484
129943
121634
UEIUA
108149
3569924
144152
3574671
118952
OIEIIOIU
AAAAA
3543714
3544780
OEOAOAU
87604
136901
113084
3538421
3538895
3545560
IEO
3538644
3548320
UAUAE
113084
3545088
3550205
UAUAE
3552633
164390
3556587
102730
118920
150151
108282
UAUAE
102730
3564465
3570905
3578494
191415
3583124
3590883
3600817
114021
3609459
3615725
3624469
149848
104200
3626930
3630396
136194
3636344
85226
117593
AIIUUAAIOI
3630265
3633572
117567
3641883
98949
3651243
AIIUUAAIOI
3658811
102686
AIIUUAAIOI
136901
72095
OI
3625851
EIII
3629537
EIII
IAEEAOIAE
UOUUEOOIUA
142391
93990
116262
102806
93720
EIIAA
83377
87960
3587156
103941
IEUAIOII
3592459
3598656
3604614
3604921
80534
3611574
78784
3617388
3624773
3627997
103941
151694
3633850
AU
UOOOEAIAU
86264
106750
149147
3592397
3601534
3607593
3612385
118130
UOOOEAIAU
3612807
3618083
3620120
3622301
120515
3630135
3633432
OEIEEOO
117394
3638154
118818
79063
3640400
3641379
IU
115983
3631662
3635067
3641177
3648140
3649155
3651943
117593
3661604
3670849
126433
3678989
94682
141972
133927
3683684
