2186
0
0
0
0
0
5688
0
IOOOUOI
8946
9165
0
0
0
0
10206
AIOOIIEIA
13868
16253
UAIOEAU
12169
18334
0
22149
30771
33972
37445
0
39723
0
0
46878
0
0
EI
0
52374
55712
0
0
61215
63747
69348
0
0
75656
0
0
81315
86465
0
0
OOAIAU
86847
IU
0
OUIOEAEA
0
51750
9594
53040
IUA
31754
36170
45817
0
54288
64071
66938
69850
75370
77442
80388
UUOOUAUOOA
OAAEUAIOU
OEAOOA
42986
0
43692
IOIUU
26496
0
33510
37537
0
38144
46774
0
47266
57049
0
0
59704
63105
OI
OI
IOUUAIOOOE
0
2912
0
24506
IUIA
UIAAOE
0
17715
20177
AAAIIA
0
AOEEAAIUO
0
3868
13694
21515
0
0
9951
0
0
EUOOUEE
15588
16586
21692
2946
2946
0
26634
0
7155
0
26852
0
32022
0
41792
49480
53100
59265
68728
0
74777
0
0
82939
0
92010
0
94283
102975
EUOOUEE
108596
0
0
4922
114948
0
0
119961
9826
121405
131070
139427
EUOOUEE
136711
141271
6601
0
4487
144296
0
149753
EAII
126989
706
OOEAE
0
111921
116767
OOEAE
119858
121494
125338
AOUEEIOEI
0
4027
0
8630
UIAAIOI
0
100368
4973
0
8630
108950
113934
117744
EAOAAAE
90913
EAOAAAE
EIOOAEEE
93285
96344
97466
EIOOAEEE
UAIA
0
88727
0
0
96090
IAUIEIIU
74642
82185
4973
85846
0
86019
AIU
0
59957
UIAI
0
49903
0
59595
66203
67925
0
72952
76438
84996
93783
95488
EAII
0
97534
106180
107671
115459
EAII
0
5265
2912
121227
127531
131918
0
0
138375
143360
IIUOO
126426
0
0
0
129090
9783
133473
141451
AUUIOOE
0
119036
121346
OUUIUOIO
115299
9463
121798
122053
127721
0
130219
0
130742
0
136517
144686
0
UUUUAOAI
137485
EEIAOO
0
141905
144521
146491
156262
165385
5926
AAIOUUUA
144972
0
146157
AAIOUUUA
151978
IUO
147914
153587
160684
8162
164356
168980
0
170125
6706
177972
8646
183733
UIA
1722
160028
0
168105
169658
172164
IOOAO
165468
174376
0
0
0
2946
174648
184629
5041
185671
0
186520
193369
198621
204157
209282
6304
1122
214993
224166
0
232447
0
6716
9665
232825
234810
241276
250347
250710
0
257977
264480
0
OUUIUOIO
246117
8630
7647
4487
255620
263299
0
266051
271536
IAOAEIAE
253498
258768
264073
0
267489
0
0
271657
279413
0
0
6049
283009
290303
0
9416
299905
302977
5265
2462
311657
IUU
EOEEAA
276120
4846
5150
9071
EOEEAA
2273
0
277281
281692
289484
7944
293674
303602
9071
0
304918
OUOAAU
301684
307248
308516
315396
318840
0
328774
0
331459
UUOOUAUOOA
0
331796
0
333621
0
342619
347667
350570
9936
2616
357220
361379
368399
12984
UUOOUAUOOA
0
0
370802
IEEA
349598
352485
355254
358118
363885
24437
373835
6304
374944
380430
OA
364744
373702
OAOEUOOUA
359590
OOEAE
0
2655
8622
337842
0
0
UA
5252
4942
10519
5076
318329
0
323681
0
333120
338097
346520
351238
3341
355674
362795
364086
370992
0
377436
378748
E
357263
364792
AUAIAU
AIAAUIAUA
7522
324334
AIOOIIEIA
II
5408
4168
308608
0
318200
325412
EAEAAAIEUO
IIEUAEUUOA
0
IIEIUEO
263911
264659
267706
268918
218
276423
0
2385
284764
285114
OEEAIOUAAA
289581
0
290314
EOAIOI
OOIEEAEUA
268669
276314
OOIEEAEUA
0
285056
0
4846
UI
275853
278452
287264
290139
8646
7442
178
9665
UAOUIEII
6003
AIIEII
258780
268391
273048
4939
4411
AIIEII
4411
269341
0
EOIOUOIEE
261757
7734
1122
IAUIEIIU
12069
263465
272584
278835
0
EA
0
IOOEAU
259695
261468
8169
269939
IIEIAOU
8978
241371
245915
0
IIEIAOU
251142
0
0
AIU
AIU
232239
235736
EOAU
216004
220377
26350
226862
7155
235273
240803
240903
240905
250441
256776
4416
261314
0
8646
0
261602
12069
IIIAIIOIE
8646
242854
245723
255359
257030
259086
265091
265610
3444
267652
7433
270008
2655
278867
281537
OEEOEA
269171
EIAIIUAOIU
4560
IAOAEIAE
223180
228533
UIAAOE
5048
UIAAOE
222515
0
6308
2655
230522
0
1185
233897
237605
247594
249339
257339
0
10944
2616
259182
0
259860
0
269724
UAUA
250177
11097
17689
IEUUAAU
0
239977
241646
IAEAIIEOE
229991
232002
232363
235342
239249
245297
2875
251100
13514
AOEUEU
242301
249222
254744
259195
8646
III
247182
AAAIOOI
223842
232778
8646
239476
248842
254520
256466
19857
264574
9951
AIOOEEIAU
1212
25192
268730
8558
271171
273493
276718
285740
293776
299511
18359
9954
302846
4487
306681
309027
UA
292053
1145
292397
1751
IOIUU
286673
287330
291353
12033
11449
IOIUU
295531
4037
300303
302575
303073
6352
308302
8050
315891
320307
1751
323842
9043
332436
336864
343860
11449
344812
0
0
9043
346566
348560
AAOUEE
AUOUIUUU
332279
10379
332353
338490
1773
612
346407
AUUIOOE
0
340715
IOOUIII
EEIEAEEAEO
EAEAAAIEUO
281896
AEA
271744
9826
10519
0
274737
280084
0
4894
EUI
OUUE
9483
6716
9734
0
261132
3844
12367
0
266449
0
OIUAEAAOIA
0
251234
257268
OIUAEAAOIA
257158
13169
EIA
261320
265631
270921
274467
284184
289323
15259
294367
296744
305695
307703
3988
4846
313803
OOAIAU
309773
13124
316396
320085
321589
4411
324503
325068
332634
5542
UUAOOU
314874
5048
9826
8630
IOOUIII
310397
318114
327246
328713
337055
343861
6253
17689
9734
IAUAEOEA
341637
349952
357284
366282
14855
IAEAUAEE
IIOAEEOO
27685
UEIUUOOAI
305966
314270
14210
EUI
293164
10441
302838
18359
20638
IOIEEIIUA
294064
IEE
UAOUIEII
10085
2864
251169
259295
266750
275835
EUOAU
264333
270888
272890
281475
282527
4846
287391
293557
UUUUAOAI
287821
0
289465
UA
IAOAEIAE
248699
255979
265537
271339
273227
275455
10428
283776
6304
14642
13124
8281
AAUUI
264864
9934
270889
AAUUI
UAEIO
246758
OU
19521
IU
2655
0
219922
225837
7547
230976
3025
IU
237990
AII
220800
UI
IEUUAAU
10164
205474
OUOAAU
199912
207665
8608
209387
209478
214820
4387
216731
222950
2987
EOAIOI
212964
218543
10909
225879
AEUAUO
6476
228732
17689
235776
238033
7543
AEUAUO
245691
249584
12965
256202
AE
35209
244109
AUIOUIO
AUIOUIO
237914
UUOOUAUOOA
612
214659
5551
UUOOUAUOOA
215643
3988
216032
11289
218854
27771
223716
230034
238353
244645
246586
247935
252781
6352
20643
257622
264330
UAIOEAU
0
20858
IIUOAU
225517
234411
244361
246370
247653
0
1644
14415
254465
261567
1644
20786
EOUIUAUAUU
3025
12965
EOUIUAUAUU
17689
EEOEU
223625
IOOAO
0
AIOA
208850
216536
219494
228378
AAAIIA
232787
234703
241899
22176
250696
253645
0
261267
AAAIIA
260608
14966
262700
4846
263487
10478
OAIEU
255420
0
IOEUUE
246794
252787
3052
253888
12775
7455
10860
254426
256970
257438
265802
271702
279179
OUUIUOIO
IOEUUE
253296
258047
0
EIOOA
2616
243167
246910
11540
248117
253434
9905
260303
267897
268673
IAU
AO
256939
264539
4387
267619
5007
17091
19881
6174
273334
EUEOUA
0
255246
259981
OAOUO
244067
249372
OOIEEAEUA
20638
249588
AE
5927
0
226606
4772
236477
237959
238884
248383
250937
IUUEA
9734
238785
246912
3016
AUIOUIO
227152
234417
241281
242156
245811
11822
9301
247189
12624
247841
5139
256517
OAIAE
231159
238716
IAUAEOEA
216096
6292
217742
EUOOUEE
AOUEEIOEI
344
168305
175838
183438
183454
193377
195642
AOUEEIOEI
197715
EEOUO
9830
EI
150274
158946
159184
5139
24807
162923
163313
3689
AUOUEAA
IUEIEU
136657
142744
144157
19521
IUEIEU
8315
153002
26514
159022
168733
176993
178539
180905
IEU
5912
20638
8156
185350
190551
192141
6761
17689
0
201141
202052
14855
202214
OUUE
5740
177897
17050
181160
IOUUAIOOOE
158158
EOOOA
AIAAUIAUA
144112
EEOEU
15488
11426
149517
157738
EEOEU
163330
AIUIOUOOA
164471
UIE
UE
15573
144289
153273
157016
163762
166633
173338
174297
177570
UE
181606
187795
193894
15692
199014
208326
213608
222531
4772
EOOOA
202335
25489
207349
209667
11013
EOOOA
207927
EOAU
19881
0
211049
18574
218578
7577
226540
0
228024
17689
EA
210389
215620
223247
230648
14190
6706
EA
240090
IU
9310
225267
229945
238774
23164
240084
248380
UI
OUUIUOIO
EUAIOIIAO
208872
AOOOOIU
205754
206229
210928
12588
219530
IIEUAEUUOA
6706
214952
223201
229864
U
214176
214725
OIIOUU
EEIEAEEAEO
5912
33710
16341
178824
184819
187688
195450
15692
200068
AUOUEAA
1644
11013
UIAAIOI
154918
AUEOEOAU
AUEOEOAU
140541
20028
140595
9310
146806
7907
8156
9132
148356
151467
6828
152479
158987
EIOOA
139553
12903
16519
149408
157953
13625
162247
171331
178453
180230
183408
185442
12179
AEUEIII
173759
IIA
3444
12450
37725
170347
174042
9439
177864
19548
20839
EOAIOI
2903
163287
165049
169805
176923
180361
8558
189999
EOAIOI
20307
198049
200369
205536
208479
213048
9830
16220
AIUIOUOOA
10143
199281
EIAIIUAOIU
22553
183056
19857
189656
6709
194871
201365
201458
202099
208457
23891
IEEA
200686
201381
EIUUEIO
190922
13240
I
183947
EOEOEIOAI
182101
182138
12093
190198
194294
202664
17851
23195
14189
208513
EUOAOIAIU
184294
13919
19548
EUOAU
175410
IOIEEIIUA
166185
172477
175136
8361
IOIEEIIUA
176586
184786
IUOA
11840
OEAOOA
21611
11755
159829
165210
34200
21584
OEAOOA
31340
IAEAIIEOE
27652
162939
163766
38908
OEUIIIAUU
166823
8558
166967
7604
IOOUIII
8108
12323
16220
163476
AUAIAU
160975
167417
170281
172506
176879
20805
0
176913
13919
180092
20863
186018
190352
IOOUIII
179182
37725
179584
9826
AOEUEU
154257
IAIOEOI
137699
143723
7315
152951
160365
169590
7455
0
173052
8111
17050
5927
179978
187186
EIAIIUAOIU
188753
37725
EOIOUOIEE
191698
198004
12881
200170
IUEO
10860
15666
175233
183922
EUOOUEE
AAUUI
157314
AAUUI
162630
21396
171466
179841
13240
182539
189199
2903
3025
14085
192880
4387
196900
203271
212601
221618
227068
3052
IIEUAEUUOA
46217
19921
11459
AUUIOOE
189294
190000
EOUAEAOUUU
17123
EOUAEAOUUU
19521
163731
EOEOEIOAI
AEEIEOEI
140154
143015
143060
149547
152980
29918
159272
166307
171567
21396
19868
172752
14088
24579
181551
188196
189417
UOAUIUIIEI
181250
II
160975
6743
8108
18770
168531
25556
176979
185563
7543
28945
187023
11459
192368
IIEIUEO
OOIEEAEUA
150827
156352
162762
171123
27652
173378
180444
UUUUAOAI
29155
12054
5600
AIU
149417
OEEOEA
12206
11658
17693
7118
128731
129412
133608
19362
13240
141716
147855
AIOA
15666
AIOA
9955
25556
27416
19861
121925
126260
133679
134180
18411
UAIOEAU
0
II
134235
31912
137320
139926
19868
11013
140377
146197
15207
6852
6660
153847
9439
162445
168529
177424
183552
UIA
172685
25567
177938
18411
178929
12903
187784
189747
191183
199742
18770
200807
5927
7831
206737
210427
216449
220452
641
224770
232871
IIEIOU
EOEEAA
15666
191326
OU
12881
10143
186679
191972
17065
19861
192183
197274
202049
207093
216850
224563
227799
AIOOEEIAU
AIOOEEIAU
39116
217542
35157
AEEIEOEI
208801
18023
16774
213968
17689
218952
IEE
201474
OEAOIE
11658
OEAOIE
24698
11658
184033
AUIOUIO
15392
154948
23053
157904
26809
16754
7640
162814
165281
12965
9734
167953
28380
40604
EOAU
12206
23195
152976
157610
159075
168070
UAA
16807
OU
11734
24853
0
3335
OU
135679
138663
143537
25341
24906
144844
14616
1349
149529
11755
18411
25993
12033
154666
19857
OAIUUIIE
158152
166856
12903
173664
175573
25971
179094
180575
190235
EIAIIUAOIU
AEUEIII
173358
2903
OUUIUOIO
AUOUEAA
153556
154251
161835
165833
IUIA
24657
15264
EUI
151830
30987
14189
156121
158317
167403
170200
174517
183379
EOEEAA
IE
UAOUIEII
14189
28380
147893
148543
9439
14616
14189
8319
OAIAUEAUE
OUEIE
137559
144799
4387
26530
149155
AEEIEOEI
7604
UUAAEA
120114
AIAUAUOU
27785
99963
26204
8108
107447
7455
AUEIIIOU
97351
103035
OUIOEAEA
99239
103503
12881
112450
AOEUEU
1349
13317
18432
UE
78705
87395
92885
UE
89971
97820
33407
IO
19885
83106
87722
18691
88000
88323
90105
91263
19857
19881
95432
AIAUAUOU
6705
AEA
55949
60518
6705
7933
19881
70141
74468
33407
14255
13323
13240
2603
80332
32167
21587
17605
IOIUU
1349
8108
15264
61679
29247
IAEAIIEOE
27652
11658
UUAAEA
18656
27767
IU
21580
29290
14088
37376
0
34200
23093
43879
IIEIAOU
44808
50278
12212
52616
61883
66218
75724
80646
16579
87062
91213
93210
98909
25341
IIEIAOU
101113
16807
35272
EUOOUEE
10892
6174
82872
85198
87954
91743
101331
29247
AIA
4423
UUUUIEEO
90369
UUUUIEEO
76230
80675
86587
14120
OUUE
75637
77035
24853
77429
24579
83074
90703
AOU
24197
UAUA
72135
77509
2478
83100
9583
83959
OAIAUEAUE
17473
24590
EOUAEAOUUU
AOEEAAIUO
0
UUUEOIOI
13115
EIUUIAI
10880
18457
24091
30695
11459
39725
47586
50687
EIUUIAI
53078
7604
61029
30428
69791
71137
9478
77398
78852
88847
96711
104013
107419
117049
126386
131064
0
EIUUIAI
26384
133499
31407
139931
140094
142497
148046
16807
151628
UAUA
142647
23878
144322
AIIEII
127415
128078
31407
131286
13021
131890
11872
136119
145848
38261
3052
151168
24590
21587
154148
AOIAOAAIA
132889
OEAOOA
AOOA
99176
104498
114482
33007
AAAUA
103891
111820
10860
OU
26809
19010
89110
98348
16265
20480
5139
102085
105805
22109
OI
84270
84858
34064
91879
93412
7543
31941
95458
98919
2478
105083
106516
EOEOEIOAI
99843
107361
UI
106714
113495
31941
114452
24178
114792
120911
22933
121729
127270
129761
16775
25002
133247
7604
21135
21933
141515
UI
141529
31461
151134
33084
155897
156183
33217
4194
29623
160553
166838
172302
179739
181910
183259
OEEOEA
157413
54979
165525
OEEOEA
9439
OEEOEA
13625
IAOAEIAE
159540
40039
AOOA
140998
24649
146163
153445
155088
162400
170815
OAOUO
155835
15822
OAOUO
154701
161994
UI
IAAAIUI
EOAU
IAUAEOEA
53116
104235
19881
29954
24495
109599
23195
22393
7543
AOIAOAAIA
26530
93750
26809
54979
99223
101086
108424
26204
4423
OIUAEAAOIA
90269
22379
95320
45189
95737
43605
101576
106009
111190
35272
111281
112728
120050
26530
124636
AIIEII
IOOUIII
90447
28380
26132
26670
97939
102247
10892
109677
109860
AOEUEU
89938
90448
4194
97808
11734
98009
101149
10860
103550
108318
16454
115521
118138
13323
31941
119200
2611
121216
10546
23613
124401
128167
24603
135232
143841
146102
152858
IUUEA
137134
143051
149449
31915
35977
151782
UUAIEIAU
44954
UOAAIUOU
138152
141967
24590
147102
155007
6705
158223
UUUEOIOI
18430
28975
10164
UUUEOIOI
28547
121131
35759
127937
137083
UUUEOIOI
137925
50625
19802
20299
140509
146010
44954
148512
6015
152138
157707
159327
7494
37395
UUUEOIOI
22688
5572
148894
151584
UUAU
16774
130904
133929
24495
38877
12093
29623
AUAA
40143
122344
OUIOEAEA
50965
98951
29005
47965
17689
108104
110978
117272
118513
41189
30528
121790
122005
AAAIIA
118475
AIOIOA
97449
98678
101296
109480
14448
35759
38060
III
20737
28380
102341
109460
0
10164
6761
EU
97125
97240
106689
107753
24997
29923
109449
AUU
AAAIOOI
IAIOEOI
26670
IAIOEOI
73841
EUOOUEE
27283
64846
74167
UUUIIEIAE
55316
38060
24911
64660
UUUIIEIAE
64043
64700
69070
10164
26204
76986
22109
77209
27283
84430
85865
94486
26204
103090
AI
95332
95906
103016
IIEIAOU
92855
98597
98680
100708
IAUAAEOIEA
75195
79774
88749
97404
20639
106975
28641
28181
113670
AI
87151
29923
93345
94937
103432
14247
113195
114528
41189
46056
UOAAIUOU
35759
IIUOO
24556
103617
23146
34403
111302
11658
27583
IIUOO
105029
40143
17142
110137
110796
111423
24690
117101
20639
OAUAO
II
68254
12290
24997
24312
33688
21650
25257
77244
78357
87485
90367
10324
53655
93653
36799
14247
102596
7640
33343
109576
117842
15910
7893
13625
31288
123205
20299
AUOUEAA
29005
29005
34050
105008
UEIUUOOAI
IOUUAIOOOE
93787
UUIUEOAUAO
12818
91040
12290
93701
101491
10860
44954
107128
110780
OE
103888
106840
108110
112392
113647
7893
122974
126503
127972
132600
22638
140628
141421
22758
141986
14247
AUAA
121843
131778
136115
EOAU
20480
135212
12212
143327
UAIA
123527
UIAAIOI
113997
117022
120579
19010
127685
EOIOUOIEE
127664
127821
136514
141851
147203
22727
19504
54677
EOIOUOIEE
8393
OA
7893
144793
144962
150151
40143
AUUIOOE
145519
145902
153782
158111
25183
166608
169790
179265
186745
188276
IAEAUAEE
27583
11658
175270
53327
IAIOEOI
168602
168770
38918
14444
176942
32604
28698
184987
185933
EEIAOO
AOEUEU
19802
UO
142635
30410
144117
147817
152384
7494
158974
162070
19885
162923
19802
164366
35307
UUIUEOAUAO
165833
10268
174332
181192
183574
UUIUEOAUAO
34446
30518
180783
EEOEU
32750
20218
179960
UEOIOAIU
155980
30518
157362
1888
166729
169923
172924
7640
30619
175320
180950
189226
19924
EOUEIIIIIE
15525
28181
25313
22638
162235
166359
22800
IUEO
18510
147554
153547
154693
161622
33084
30528
168335
177778
10066
IE
IIEIAOU
161347
164702
2603
169685
173981
EUEOUA
25183
169577
177175
181334
28325
4669
4842
181422
6705
20351
8393
45647
EAAOUAOI
176399
AIAAUIAUA
IOIIUEAEU
149817
IIUOO
53451
29005
128456
E
30410
108424
117096
IIEIUEO
29988
AII
114056
40039
EIA
98184
99023
107915
OOEAE
94819
103950
112081
30759
OEUIIIAUU
104903
105663
107132
113150
20397
122218
34550
IEOAUIO
4423
117810
6140
19359
IUU
20737
5797
92552
26082
26172
101839
53327
106873
109128
109241
115768
29672
37016
118223
122248
131728
136106
38005
10034
141333
EEI
17473
24495
126520
127904
EEI
32413
32750
130070
139775
142012
146328
148370
150270
151268
152967
161596
42154
167351
174074
37487
47582
180780
OEEOEA
185919
OEEOEA
22727
28325
195173
33395
22727
202985
206525
4423
216193
OEEOEA
IIOAEEOO
26394
32413
UUAU
180524
6705
6140
188970
196191
203422
208863
IEU
OUIIIAAOI
UEUOOO
36785
19065
174722
20609
12490
OAIEU
59523
36979
34446
156546
IIIEA
59523
EOUAEAOUUU
135836
138456
141083
141683
150154
30927
157119
157380
EOUEAII
146001
151440
6761
155379
157403
36246
160543
169204
36006
34446
177907
181304
185694
4423
186378
IAIOEOI
176108
176227
179424
36255
186174
193191
196727
12390
25401
11497
205289
209855
1888
211848
52631
18440
214342
222286
19406
OUIOEAEA
199700
203014
212407
35694
221503
EIUOOIUA
213715
33483
20963
213931
IEE
AOUAUEO
7522
184677
10860
187814
19561
194412
194558
201525
58488
6761
35313
201875
27699
206560
35338
19802
213220
220790
43015
225760
UOOUAEOUI
210455
12818
216262
221779
UUAAEA
196167
UUAAEA
AUU
37388
45647
190713
37487
190916
200141
201918
204055
207222
IIUOO
201267
205852
211726
20609
32866
219968
6199
221075
229377
OAAEUAIOU
15962
49660
20609
18937
208651
212866
22538
218837
220827
20368
230087
AAIOUUUA
36246
20589
222773
UEAOEA
22727
20963
UAIA
36352
36246
208979
211805
214735
25313
220397
224253
31927
231067
IAOAEIAE
215882
IUIA
14577
UEIUUOOAI
184755
14577
50113
191342
OAIAE
36979
174361
174964
34550
IAU
53896
IUO
139641
OAIAUEAUE
137014
OI
33334
49787
29754
117731
127493
20164
131774
19010
31407
132617
138314
146815
154827
OAAIUOUOO
40367
151136
157344
164565
164924
53896
39215
AAIEIIU
22538
30428
161830
164832
22538
AOU
157798
OAAEUAIOU
150181
17346
157087
UUAOOU
37896
136068
141324
OEEOEA
AE
28444
113248
7522
19734
46921
122227
127098
23753
19020
134816
32434
140985
148547
154287
18440
20164
IUI
39325
149032
151113
32866
UI
15379
41187
150399
155297
163935
31192
166675
37515
173451
182536
20218
EIUUEIO
37515
170996
23537
179850
39215
10034
47832
28246
14057
34050
EIUUEIO
12818
185612
17473
31192
42154
EEAAEEIAU
163118
169255
171538
55864
29468
175634
EEOEU
31564
168043
173742
10268
19010
182453
9439
187182
IOIUU
179344
12093
188492
IOIUU
IOUUAIOOOE
37896
25468
59215
AUUIOOE
148635
30924
19020
154396
162715
171955
19504
OAIUUIIE
154647
160462
68210
167457
176826
178130
187231
189689
198789
201591
209811
211655
UIEEAEIAU
201109
37896
28140
24909
204400
26181
12447
EUAIOIIAO
191100
26579
12064
196902
27871
55922
19406
203661
211478
212528
EUAIOIIAO
213161
45647
37515
9378
38918
29770
25152
42020
38710
IOUUAIOOOE
195491
61931
196846
199799
28547
201550
206861
34352
31601
211226
215860
14500
23772
46353
29396
6199
219718
9439
33197
22727
229399
233193
42458
239280
243320
248105
19406
253844
258988
267186
53655
36785
276565
AUUIOOE
257301
259982
38918
261243
28140
262284
262329
270670
274919
68869
284605
285848
OIII
17473
272796
UOAUIUIIEI
263126
25468
4423
OEEOA
UA
33918
244003
247965
251375
260886
266541
270812
29616
280555
10268
288429
42154
294787
297193
301206
UUAIEIAU
280461
282828
292525
301541
26579
301941
306258
308290
14065
30012
36006
19065
311984
OEEAIOUAAA
290466
295775
303258
OEEAIOUAAA
304059
308689
315896
37459
17123
73432
316913
25313
35338
39995
322460
12779
326111
331471
EEIEAEEAEO
73432
UAUA
34459
283388
292239
47605
IOIUU
EAEAAAIEUO
254774
256230
257886
258499
260823
264605
274199
276646
284668
49753
UEIUUOOAI
258680
266880
UEAAOIEOE
20480
252310
254095
UUAOOU
228371
231629
236649
241051
244265
251573
257602
263768
266888
268828
269452
26752
30410
AE
47605
251925
252968
254771
260165
42741
264477
265704
269573
14354
UAIOEAU
253225
47295
6199
258755
IEOAUIO
29354
249366
258148
261445
35225
262599
EOUEAII
AIOOEEIAU
30518
231618
10098
30102
236789
241726
250150
251155
252323
39261
256013
257598
257914
34352
259252
262455
267839
272400
279079
280440
22483
AAOEOO
45154
266213
19885
UUAOOU
29483
246019
29468
251062
18937
27699
26752
11497
15114
IAUIEIIU
61931
30102
36734
28246
45154
54692
251983
39138
37300
37300
252397
44973
49085
257820
264601
274192
59215
AIIEII
266142
266288
268214
274566
30759
281839
285745
36255
292232
299899
42458
304482
9378
307008
OOEAE
302689
EUAIOIIAO
IAUAAEOIEA
31789
266060
26417
12447
25152
274431
37459
284212
288418
297687
34905
303770
312827
322736
41187
EIOOAEEE
323669
34532
333278
29468
EOUIUAUAUU
37300
320969
12093
325904
333243
44395
338988
340497
342712
343929
349335
44659
350453
351843
24386
353516
34605
357341
363396
365738
38273
11497
OAOUO
39668
IOUUAIOOOE
360277
369931
AIOOEEIAU
37459
34103
362907
365107
372690
377547
384588
388330
391190
396223
25468
405754
407016
20963
29483
33084
415287
20609
21630
417665
22187
421415
28246
430034
23342
55151
37712
433655
439377
439895
27419
EOOOA
14234
425988
39995
432951
433445
440759
42617
50553
28547
441390
451034
29483
11497
EUI
441680
450590
26580
38512
32072
UUUEOIOI
451516
451648
458318
9378
460403
34459
469277
476006
483490
484334
492154
AIA
495374
OOAIAU
UAEIO
16034
24632
28547
440354
OOEAE
34900
39390
19020
418006
422738
432622
439814
EAUAIU
421376
422205
16171
428066
436484
445803
449849
36239
450215
451813
29616
457964
466206
471258
471792
480855
EUUI
36239
466444
IUEO
60287
AEUAUO
33918
24386
435007
AEUAUO
438529
446293
451703
451749
458212
18078
34103
45005
47605
462561
EUAIOIIAO
OUIOEAEA
53168
429282
OIEIEAIEE
39978
69912
OIII
34871
403526
408984
418618
421542
431019
433346
442539
OIII
47760
16034
61306
77834
444039
39666
451779
34690
19406
10268
452357
24386
452877
454837
25325
52480
EOEOEIOAI
EOEOEIOAI
446318
36255
OIIOUU
439711
446662
455365
27419
55864
24386
62322
AAOEIAEO
429201
33137
27871
33036
24803
437944
439022
439208
441699
444513
39995
452068
458798
33900
59394
467137
470235
477984
27584
29483
486432
489024
495083
496087
34459
IUEIEU
477974
482943
30924
487494
34459
44250
16547
494170
497373
499517
33137
32866
499745
509353
509742
509861
513212
IEUOIUUE
502406
506889
508820
40310
511078
511458
20330
517319
527059
534221
540541
IEE
535951
10268
56055
544628
IEE
37983
EIOEEAEO
15937
37459
33036
45647
515168
29794
34690
EIOEEAEO
36006
35259
522868
530948
14065
531330
17736
26238
24909
533579
542385
30629
547916
20963
47605
551490
559132
21596
IEUUAAU
29526
555434
45005
OUUIUOIO
42960
19340
535273
544392
549021
EUOOUEE
529873
530978
535426
OUOAAU
539475
16547
27699
OEEU
EAEAAAIEUO
IOIUU
517288
526251
26197
EIUUEIO
517549
20818
522837
530812
EIUUEIO
AOIEEIA
497261
501174
510368
39261
518694
45154
74347
522852
29616
34532
36734
524507
UUAAEA
UUAAEA
508791
512771
39138
517490
520714
529203
530372
OAOEUOOUA
528263
529264
39995
61368
530507
22277
533294
535787
38989
543825
548646
17636
551306
552072
560974
567325
572723
34674
574112
29354
578256
587271
593302
601878
16547
14065
611608
613934
614217
64847
IOEUUE
34458
37459
69912
31789
586861
26238
590481
595602
60290
600568
39316
603828
61368
IOOUIII
608604
74347
611546
614532
619734
626722
629509
636356
638773
IOOUIII
642701
22139
647102
656523
664149
21909
665522
668952
20818
670474
671929
680880
58187
17473
50559
683679
40310
684866
693019
26676
40299
699175
701875
703057
706212
709531
OEEU
699113
700298
UUAIEIAU
699662
24909
706491
IUIA
686492
689479
693184
33036
702922
41383
48105
710178
711918
717890
60290
19088
EIOE
699133
42617
700203
702485
705218
34605
42620
50559
706050
57064
715063
721620
28881
UA
65163
IOIIUEAEU
77888
682601
23342
14234
691973
699954
AIAUAUOU
684130
687565
47963
AIAUAUOU
43074
OIUAEAAOIA
40166
683851
692179
EOUEIIIIIE
II
665408
29751
UOIIEAAA
653730
36430
659304
662821
55140
UOIIEAAA
58187
668695
669810
671168
AUU
652560
657053
51648
665379
671272
680155
UIAAOE
UIAAOE
680672
12944
684541
OAUAO
EOEOEIOAI
38051
646600
44910
49461
656307
665244
AAIEIIU
42473
38455
AAAIIA
27160
626971
630642
639786
65960
42617
17473
AAAIIA
641430
649366
657939
AOIEEIA
662528
50027
20484
50918
20609
25468
669435
671477
676514
678160
681337
690194
699986
700778
34459
49085
27160
709845
715651
718241
29483
55270
720037
14577
729789
732157
UUOOUAUOOA
718533
OUOAAU
694020
24228
39261
IU
675836
683152
35834
28273
685742
687538
695798
OEUI
IAUAEOEA
667494
19088
21030
676460
677029
UOAAIUOU
655825
27003
658275
658799
668348
677753
39709
EU
75410
664322
664760
34282
674593
677001
683257
71004
57064
14577
691713
37014
42921
AI
678596
680805
42473
688205
UIAI
39666
34282
OAAIUOUOO
IUIA
39709
650362
653721
659977
49200
35113
662219
IUIA
663364
24228
667120
40724
674268
34605
EUI
671929
679169
679851
26619
680537
31949
680969
50127
687243
689211
19088
693704
29751
695433
74347
697855
25414
28915
699406
18737
AIUIOUOOA
57747
43844
686432
36389
46408
AIUIOUOOA
691651
701511
702675
706230
58187
714876
60788
723315
26417
29616
EIOEEAEO
33084
38051
EUEOUA
38989
708144
713243
716355
717018
720567
728420
733475
736486
742537
38385
744140
19340
IIA
746972
OEUIIIAUU
733407
UIEEAEIAU
34428
735559
50918
19885
34282
29469
745308
12062
747855
756272
764798
774147
779042
29147
AOUEEIOEI
773826
OE
758172
762530
41383
40221
IEU
748050
757626
766240
776233
29751
778235
784497
AAUUI
781002
UIEEAEIAU
39867
777694
60940
784326
26976
20963
49167
785826
50422
AE
38051
774261
31516
779735
783909
19885
38455
787895
58488
56302
797602
AOUEEIOEI
54861
28915
40221
AOUAUEO
763721
766770
42921
28510
771885
33542
777457
782733
791618
67326
799067
800224
36734
808566
814154
819509
44546
19885
UUAU
50422
805890
815690
EIUUIAI
809288
812819
813381
818289
828174
831116
46967
832924
836427
16171
842306
846413
26619
EIOOAEEE
30400
23347
845313
53001
849107
852665
14876
853670
65186
14077
18259
29616
28702
42921
IEE
828687
UUUUIEEO
800573
49200
803568
48586
803573
55316
812321
813135
815533
53713
39316
818034
822758
29876
OAIAE
818108
820004
17424
824359
827435
30759
835792
50027
14234
839943
843213
850527
AUOUEAA
847484
85189
EUOIAA
40310
827463
834777
843871
853168
860254
49912
867720
869351
871432
UAIOEAU
860470
861714
869628
14577
878287
27003
26767
882517
42254
OUUE
866661
875262
40997
877996
878669
42210
UUOOUAUOOA
867274
872746
OAOEUOOUA
29081
55600
863317
869255
877340
51561
882059
882072
884459
892559
894379
897382
52913
900932
57071
EU
17424
42850
884408
887697
892619
897934
899649
29468
908768
918597
924867
926230
AEUEOIEIUE
IEUOIUUE
896096
898953
906741
909319
30042
916554
923173
27973
924080
66622
AI
903971
17473
EEI
888527
29526
892835
43074
901045
IIOIE
30872
UUAAEA
25330
46298
889454
42031
899196
905348
914869
25330
919907
922789
UUAAEA
923212
930450
60940
933269
941203
942267
UUAAEA
23091
20484
943873
39851
IIIEA
925215
932831
OUIIIAAOI
30272
33542
50422
929550
937343
65631
945598
51764
948123
957058
961412
961769
967886
79158
971310
980765
982996
985714
42921
60788
994382
1000453
42741
1001988
1006775
1013461
1019205
1023352
1030351
1031262
34061
1038383
53950
38710
1041896
46752
UOIIEAAA
14876
1042119
1050773
1051173
31393
30042
57071
33542
1057526
1065720
1067719
1068276
43844
1075987
58187
1085363
58187
1092331
1096009
1104180
1106796
42391
1109134
77778
EOOOA
1104317
45154
47040
43074
29469
1113164
IUEO
1095063
UAOUIEII
51648
1083361
1092557
1096932
EOOOA
OAOEUOOUA
56865
34176
UUUIIEIAE
42210
1067410
1069633
1069649
1071165
1079189
1080261
65631
66878
58447
67326
1089830
66878
1097647
40310
37459
73910
1098649
1101138
1102733
1104215
1106530
40737
39867
1108549
1115552
1118621
1122716
33028
16171
UUUIIEIAE
AEUEIEOA
1124708
77915
19340
OI
45340
50127
39376
1114154
29469
1120920
1130226
34176
1137532
OI
43793
1140770
1146808
AAOUEE
36050
65631
AAOUEE
41383
1137469
85189
1139328
30272
AAOUEE
1145181
42617
1154098
1154363
1158216
46022
OEUIIIAUU
1158653
IIEEEAO
26197
1140149
IIEUAEUUOA
50027
AUU
1099045
1108741
1113705
1117792
47804
36716
1118937
1123810
55600
1130980
IIUOO
1125843
54040
1126614
1127782
1128332
1129847
1132162
39709
1132806
1135092
1142842
1147517
AUUA
56567
12062
77833
39376
EOIOUOIEE
17754
1128742
1131484
1140649
1149008
1149152
1155900
1159805
28815
1163164
IAUAAEOIEA
1150354
1155695
77778
AIOA
1154113
IIUOO
IIUOAU
1134996
1142527
41383
OIEIEAIEE
1137233
1138078
1140067
1149131
1150858
1154183
1158261
77778
42651
57064
1161587
1169419
14577
1174473
IIIAIIOIE
1164308
19374
50318
1167851
1171833
35113
1177858
IAUIEIIU
1177506
19088
46022
77915
1186496
1190640
1199089
36240
IIUOAU
27014
1183287
IIUOAU
1182260
1183133
1183977
1190383
1192408
39081
1193970
1202229
36716
21852
50391
38989
30929
1208764
26417
AOUAUEO
20171
1206894
1214835
1222637
1227656
41112
1230617
1237439
1243356
1244890
1250277
50769
1260132
57100
60940
1267580
1277407
35259
51567
1280366
1280841
36240
U
IIUOAU
22277
58447
53985
1259073
1263369
28384
1272168
UOAAIUOU
24345
1247978
AII
59497
29081
IUOA
1238756
1239306
1249087
1253174
1259967
1267156
1269853
34282
1276788
1280820
1287388
1289152
1292536
IUOA
53985
1296098
1300425
33542
62171
1305233
34459
1314853
33084
14065
I
AUOUEAA
14065
25973
O
1258211
19374
1261676
1266478
AUUA
1249199
51648
UAOUIEII
1244152
35755
1247883
24386
AOEUEU
1249862
1259417
1262773
OEEAIOUAAA
AOIEEIA
28815
1249578
68689
UO
1242165
1248534
57383
46408
1257719
48308
1260559
35755
47733
1263989
41149
1271741
1274423
1278114
1280753
1282367
AUAIAU
45396
1273568
29081
1277634
18371
1286576
OAIAUEAUE
IOOOUOI
1246255
58053
14065
1246519
31201
17371
1246579
29469
1254499
IEU
1236176
AOIEEIA
1236241
30629
40817
49461
1241173
55600
1245808
1255115
51764
1258660
39272
1264515
1264932
38508
1273235
36857
1274695
AEUEOIEIUE
1252715
19571
1256261
39081
42617
OEAOOA
OE
1228625
1236452
OE
38989
1237207
IIEIAOU
36401
1233663
1239853
IIEIAOU
UEAOEA
1221438
42405
1229245
42910
60490
IIUOAU
37534
59610
1213842
68689
1216734
29469
UEUOOO
1206354
EIA
1191157
EOIOUOIEE
1197484
46408
45951
1206908
EOIOUOIEE
57761
1201566
41149
1206897
EIUUEIO
1196638
1198121
1207176
EIUUEIO
82960
EIUUEIO
E
1176572
37459
1183811
1186638
1192309
1197442
1204421
53963
50127
55691
E
AAIEIIU
1184852
14065
1193270
1197087
36240
27014
38354
1199070
34193
1201218
1209789
1214750
33010
AAIEIIU
1216761
1219701
1222580
1223765
78909
1233215
47733
1238071
20271
1245322
AAIEIIU
1239004
68590
1239198
30872
1248922
22277
30929
1255553
39272
62082
1255947
UEOIOAIU
1249517
1258386
78909
1264529
1266621
UAEIO
40830
1259044
UEAOEA
49912
1245744
1253776
1257344
53985
UUAOOU
94896
57064
1252877
AUU
1249291
1257039
51707
1262054
78909
1269068
64674
55691
1272995
30273
1280878
52251
1288892
1291943
82960
1295412
36716
66217
AUIOUIO
40817
27973
1290951
IAUIEIIU
1266879
1271684
1275915
1276489
1285213
42031
1287088
1293230
1296835
1306810
39376
58447
1310217
38989
AEUAUO
1289010
OAIAE
1269451
1272410
1278916
1282487
24395
1292112
OAIAE
1296793
1305343
56567
56745
1312405
62082
1312468
OI
62171
1319424
27014
1324830
1332513
34564
1333830
74347
43902
79158
36226
1342124
AEUEIII
59854
35113
25728
AEUEIII
1315887
79158
1322000
1325476
OIIOUU
49045
82110
OUIOEAEA
1300886
1306161
AIOA
37712
1295428
1297298
58053
36192
1302868
1310631
1317463
1322960
EOUAEAOUUU
1303439
AOUOIUIU
1278074
OUIOEAEA
1285116
36226
1292382
1299279
1301241
1304287
1311875
1320714
1327665
1328349
19374
EAUAIU
1327461
49167
1336568
EIOEEAEO
45396
1329676
1333600
IAUIEIIU
58539
58539
1318473
55859
56302
1324415
1328199
1330557
1334328
29469
68590
1335787
1340867
IOOOUOI
46408
AIA
38663
47099
1316345
1317051
1323536
UEAAOIEOE
1299352
51707
1299395
43502
14876
40140
1305673
1309893
43867
EOEOEIOAI
AUUIOOE
57421
1270191
1272054
EIAIIUAOIU
1262523
1270070
1279923
1288646
1289849
1294101
1301510
1308892
1316934
1324232
1326122
EIAIIUAOIU
44061
IAEAUAEE
49473
1304618
UUOOUAUOOA
51707
1301424
UUOOUAUOOA
1306428
1306615
1308706
67010
31422
1312396
1322049
59497
47910
1325117
IOEUUE
1305907
52397
1310534
1319320
36129
1327847
1332683
39081
48001
25300
AUU
IOIUU
1285344
47976
58009
37471
49912
1289719
1293420
45423
1294929
1297177
1301374
1304460
UOIIIUEOO
1280568
1284426
1287320
1295622
18937
49912
UOAUIUIIEI
1283441
40830
1286964
1294521
UAEIO
49167
41613
IIEUAEUUOA
IUOIUUEO
37983
1254893
51691
1260374
1268523
1269795
1275705
1280032
57148
1287791
82960
1290277
28490
1297330
1298008
45181
OEUIIIAUU
1279600
1287841
1290246
1297577
1306943
39081
1312628
32325
1319391
32061
1319907
1320364
53000
EUOAOIAIU
1311038
1319124
1327626
41383
58604
37558
1327859
1335479
UOOUAEOUI
EUOAU
1295716
34564
52743
64414
48803
1300592
1310100
1311767
1318841
1328738
30629
1338287
43068
40933
72599
1341907
AOUAUEO
1335930
IO
1326310
54971
1327908
1331646
30682
1339503
1348549
38354
82499
48803
IOOUIII
38193
1348608
47211
1357085
UUAOOU
28820
1354835
1358582
42655
64140
1359537
1365417
42655
1372419
1375053
1377692
1378080
53612
1386988
31591
1387753
1388054
AII
45983
1366761
IUI
1361938
1370982
III
1367270
1370485
30682
42651
1380452
1381242
1389487
OEEOA
1364465
41613
1370028
1375138
47170
34315
1378112
65451
1383955
EUOAOIAIU
1380262
1388742
EUAIOIIAO
IAU
29628
1356965
1365717
IUEUUOI
1343237
1351353
AUUA
35826
1338891
1342899
1351757
1351785
66319
IOOOUOI
32610
35019
1339174
66600
AAAUA
1336567
60940
1337737
UEAOEA
1313543
68751
68751
1317973
1318611
30111
45460
52749
42655
64500
54146
42882
1325986
1333080
1340521
1347675
58530
1353884
EUUI
1339898
39081
1343618
45181
31422
82499
1349656
51409
AUIOUIO
1332683
1337214
38397
29469
1346894
IUU
1339178
1346721
1354919
31422
1360430
IUU
1365634
40316
65451
1365743
IOIUU
42882
45396
57411
44654
48001
UOIIIUEOO
37316
1344629
1344726
1348912
67079
49167
1353463
1357862
IUEO
UAA
AEEIEOEI
58053
1333140
UO
1328136
1329773
72056
1332737
1341005
1345024
1347725
1355844
1361700
50646
47211
1365668
OEAOIE
1345369
1354958
1364725
1368551
64500
1378456
1386987
1388377
22277
1390025
53008
66845
1391144
EEI
1378357
42655
1383609
1392565
EOUAEAOUUU
1389648
1393724
1401322
EUOAU
51233
1388690
1390033
56346
OEEAIOUAAA
1371670
67079
1379918
41800
30929
III
1352983
49351
1355089
1364211
AUAA
1362182
1365944
1367900
66845
1373270
1381359
1382748
74609
1386308
1389230
57421
1396478
51707
1398047
1400337
1406753
51409
58053
1416665
1423259
20615
1430936
1436442
1440345
1446420
44654
37983
1452538
1453100
AUAA
OU
1449563
1456549
41800
1465522
1474454
1482799
1491311
63672
1495798
1498216
EOUEIIIIIE
33456
64414
57427
1479282
1488516
1493511
1503476
1507693
1515045
45390
1523819
1525596
1527653
AAUUI
1523195
1532123
1537191
UUUUAOAI
1525870
AEUEIII
59854
69572
57411
42817
1522643
IOIUU
1513993
42849
1517753
1517958
1518003
1521190
1523615
30974
1529471
1532416
IOIUU
1538706
1548033
45983
79767
1553282
1562798
III
39675
1567408
58634
1574392
1577223
UUUIIEIAE
65110
75190
1557305
1565345
41112
53612
1567748
1574202
44222
1574301
1575926
1577750
1581476
39716
1586366
1593141
OAAEUAIOU
1575086
OAAEUAIOU
1578341
1582160
1588964
25300
IIEIAOU
57081
28757
37983
AAAUA
1563573
1573342
1574072
OOEAE
1554284
58958
44654
42651
54861
21062
IOOAO
42356
1546267
1552867
1554297
1555765
IE
32214
1542902
57421
45423
OIUAEAAOIA
IOUUAIOOOE
50795
1505295
IIIEA
1490511
1495046
1501894
65451
40830
AIOA
1485512
1494445
47913
44584
1495369
1501957
1507157
U
35826
1509765
1518335
49167
53985
1525645
1533146
60540
U
26077
1534240
36950
1537547
1546446
47913
1552091
1554436
65824
1559066
1564290
43068
83804
1565519
36192
43068
56138
76242
42161
1574197
1582245
53008
IIOAEEOO
1578722
27973
1579290
1584548
39512
OAUAO
1577615
66994
69810
38397
1583662
1587515
1596037
OAUAO
1598538
45390
69810
1603801
1605347
1614410
IIEIOU
1608131
1613012
1613109
1615254
1624206
41112
41112
1633741
1636873
31591
32325
1646085
32610
1650508
1658673
35881
47322
48968
1660778
75190
1669353
1674472
36401
1679440
EI
78044
1670652
32325
1672056
1676101
1678083
71587
1684896
62127
1691021
61685
1698079
1698602
42817
1705956
EI
1703968
53985
1708590
45423
AIOIOA
1692835
49167
28757
UUIUEOAUAO
1666800
42817
45181
AUUIOOE
1671826
22407
1679158
1684716
73691
1690688
22091
45460
EUUI
1689986
1697598
68267
EIOE
47211
1681883
57215
64365
47211
1686539
1688811
70120
31591
73691
31422
EAOAAAE
40297
1682100
1683000
1690188
1694063
1696566
1702899
1704148
1709094
1717346
37544
1719299
AOOA
OA
1707196
1709389
57712
UEOIOAIU
1700725
1703395
61685
EOEEAA
1695792
1696987
1702939
40815
1710149
35826
70152
1714461
88059
1715291
1715328
1716884
1723354
1728687
63672
60761
UIAI
60587
44435
1721928
33492
61518
1728518
1736820
37544
1745320
1752681
63672
1757370
41112
32061
1763578
1767391
43485
1772445
1773321
IEU
1752030
45423
1760794
IEU
1768040
1768818
1774458
54141
1776290
61797
39081
1783891
76242
1793278
1799848
45460
60828
OAIAE
1806655
1813688
61518
EUOOUEE
1792798
1802636
1809606
57081
76464
54141
IIEIOU
1806939
AAIOUUUA
65421
1789861
43894
IIEIAOU
45929
72056
1765702
37544
1769490
1770448
1775072
61136
1783741
1789880
44654
1795976
48549
53358
IEE
63365
1787896
50176
48549
OIII
64739
1771623
42817
1777648
59854
55859
1782513
1786084
1792846
1793795
51999
1801602
26077
1804062
AUEOEOAU
65824
55240
49351
1806793
1809533
36401
1810205
1813787
1816302
1826253
47211
47494
76295
EOOOA
32242
AOIAOAAIA
45390
1800553
1806427
26077
OAAIUOUOO
41994
1790937
1791563
1796437
25300
IU
1784769
80938
51559
30974
56027
1787571
1793409
25300
OEAOOA
1788953
1797137
58199
1800258
43502
IIOIE
61685
1792110
1792719
1793935
1801095
1804052
1805528
OUUIUOIO
51233
AUEIIIOU
AOEEAAIUO
1763306
1768266
69519
1774279
37966
36705
1779667
43485
1781184
66319
56156
1791042
51409
67079
1794418
1797302
1805744
IIOU
EOEOEIOAI
AAIEIIU
45390
1757913
46728
1766184
1771910
1773759
1781097
1783624
IOEUUE
U
1769336
69519
37795
35109
49351
EA
1755099
1758836
52338
60940
1761950
1766026
1767536
1775622
1782100
47079
38397
1786261
60828
1791397
EA
1796665
63624
54861
1804722
41383
1811161
1813131
EA
31422
1814414
1817538
46620
1822258
39046
1828112
37795
60828
72599
74105
1831141
39046
70592
1835717
37966
53358
1840603
UEIUUOOAI
30491
1816836
1819794
1819933
AAIOUUUA
1806570
60828
1807173
51069
1807745
45307
45929
1816013
1819490
32061
1828909
1830865
36192
49183
1834260
59854
1839018
75190
1843369
OOEAE
1838608
34452
OOEAE
74105
O
1822305
1830305
54025
68267
73091
44435
74105
1831862
1835504
1837816
77778
69572
77778
36101
32061
III
1815905
1822297
33089
38397
EOUEIIIIIE
1795998
1805551
1812661
66994
26279
1821534
45595
1829672
EOUEIIIIIE
39046
63501
1830404
1832012
UAIA
58044
IIOIE
1799912
59036
1802235
34452
EUI
EEAAEEIAU
OUUIUOIO
OUUIUOIO
1753913
76242
1762229
79767
IEEA
1744936
1750079
67126
1751844
AIOOEEIAU
1755319
1761310
EIUOOIUA
1739287
1746468
1754032
1759633
IIOU
40167
1758224
1766292
1768095
40830
1770372
1771972
62127
1775094
1784429
III
OIEIEAIEE
1763459
1769837
EOAIOI
1755057
36705
57081
1761776
1767487
1773271
69086
1780980
1790924
73955
AOEEAAIUO
AOEEAAIUO
1782625
59036
36705
1787699
1794369
1797811
1798745
1806964
1816220
35386
OEUI
1795366
61518
70256
68267
1804238
78639
41383
1810530
1813724
1814316
1820965
1828177
61466
1830712
1833647
1835485
AOU
1839301
61755
1848476
1853064
1856425
1864589
AEEIEOEI
1850098
1853060
76973
42161
1861377
1870075
1878608
1879446
89475
EAOAAAE
1856297
1865026
1871798
1878669
1886787
OU
33089
AOUOIUIU
1860568
1864740
1866809
AOUEEIOEI
OIUAEAAOIA
61755
1814782
1820151
70120
63226
UOAAIUOU
1816558
UOAAIUOU
1822658
1827459
1831432
OIEIEAIEE
1833268
40830
66994
105930
IOOUIII
1807633
1814266
93622
53883
UOAAIUOU
69572
90173
47059
1804137
1808134
1809931
1818906
UUUUIEEO
1796219
25728
1803556
36101
51559
45446
OAIUUIIE
1789908
45446
AUU
84026
45307
IEOAUIO
42399
IUO
45459
78639
57421
1769542
1778256
67966
69572
1782014
1783466
AOUAUEO
1765950
1774684
51163
1776437
OEUA
1770258
1770821
1772903
1773850
61394
52308
1778769
EA
1763608
85453
53486
82758
60653
AUAIAU
79345
1754125
1757124
89453
1760011
EOAU
74835
1745013
1752860
1760655
1765953
1770411
1772756
AEEIEOEI
45423
1766649
70120
1768015
39716
77778
1772536
IEOAUIO
IIA
1761212
EOEOEIOAI
EOEOEIOAI
73955
1765203
1770996
AIAAUIAUA
1750768
65824
1751670
93686
49351
AIUIOUOOA
1742510
1747129
47795
61797
90996
56828
1747904
1749789
59036
UOOUAEOUI
1737024
1742593
IAOAEIAE
51069
1735193
UUUUIEEO
1729728
1733680
1739536
57421
OOAIAU
1725720
1735100
1736841
50161
1746241
68267
45929
1747073
51636
1749937
45459
1753454
51163
1759033
1759825
UUUEOIOI
58053
IUIA
89453
72383
OAIAE
1731689
1735568
64500
87103
OOIEEAEUA
1713279
78639
1715881
1719528
1722548
1726131
76904
1726467
1730466
1740163
103479
87996
33625
1741207
41003
1747072
1747284
1752689
1760299
EIUUEIO
52566
1736309
45459
1738262
37544
OAUAO
1728431
EOUAEAOUUU
49400
33625
1705083
AAOUEE
1691153
36101
46592
1695262
AAOUEE
1698491
AEA
1688788
UUAOOU
1684987
1687876
1697369
1703014
1707522
IOEUUE
1696631
75223
1704405
EEOUO
1695246
50792
1698828
1701108
1710825
UA
51067
58044
1695368
UA
EAEAAAIEUO
IIOU
UOOOUEAUA
EUOAOIAIU
EIOEEAEO
1647656
83984
1652432
1657584
IUEUUOI
1661357
1662222
1670608
1677830
62934
51636
EUOOUEE
IEUUAAU
1664681
65777
1673746
45307
1674264
43475
IEUUAAU
82758
80853
73910
1681911
1683656
1691202
93686
1700189
25300
72152
AOUOIUIU
51409
79345
1682650
1686140
76973
51163
1694387
1697020
1704928
1705123
1710109
1719554
62314
71469
78937
1725556
36101
IIOU
IIOU
65777
69845
1727229
1729079
58053
1737365
AOUAUEO
59369
1717129
AOUEEIOEI
1703710
1707073
58494
49211
1715666
1721854
1728442
1730354
OAOEUOOUA
61797
52395
77811
1714864
1718697
46728
1726788
25300
1732202
67001
OAIUUIIE
1707419
1711882
54861
78257
1719871
70897
AUEOEOAU
1717631
89714
36724
38357
UUUIIEIAE
AIU
AIU
1680280
1689530
47858
61544
1691692
1700674
U
1693094
IIOAEEOO
EOIOUOIEE
41927
1670880
EOIOUOIEE
AUEOEOAU
1651610
71743
1657880
93686
1663595
1667058
76806
UA
1650783
AUAIAU
OIEIEAIEE
63183
61753
1614913
51069
61151
1623832
85453
1630853
1634712
47157
1641972
1647931
78639
1651238
1651773
1651888
IAUIEIIU
EEIAOO
1621642
1623330
1630550
1638282
61544
89080
34073
54054
38925
AAUUI
1617722
42766
1621331
1621967
51072
76904
1630452
1631536
IEOAUIO
68871
1629559
1638320
1639353
63183
40167
77341
EEIEAEEAEO
1623385
1627495
1634559
1637793
33542
1640068
44282
1646278
55929
67025
1653045
60796
1660577
EEIEAEEAEO
1664932
1673153
1680866
39200
70349
1684904
1691353
49554
1692984
1694020
1699958
1706584
62932
65719
98442
1708503
69845
68099
OEUI
1691562
37544
53640
UAEIO
1669316
UUAOOU
69517
1663126
33625
66270
79345
OEAOOA
1651658
1655602
1664522
1666331
EEAAEEIAU
EEAAEEIAU
97776
1622922
48549
68533
1626924
EEI
1623346
1628755
AEUEIII
AE
1603903
AUIOUIO
1594477
1600175
IAEAUAEE
58803
1586624
46250
1589352
90103
85453
91649
69872
1598564
46250
72599
1604655
EAII
AIOOIIEIA
1576710
1582684
95978
AIOOIIEIA
IOOAO
43535
1570701
78257
1578354
32061
85214
1587330
1594893
1602920
1611404
69872
1612436
106964
EEIAOO
66791
1603762
EEIAOO
69513
58803
1609579
EA
1606751
IEEA
1604896
1611560
1612276
OUUE
47131
56020
1602726
83484
1608038
50136
1609656
1618056
IO
1615252
46250
69872
56828
65048
1620033
1627327
88294
1633313
40873
60934
1640816
1642044
1651702
61040
47795
65048
1661476
1668237
AIA
41097
AIA
1660785
50161
51152
114647
45459
OEUIIIAUU
IUI
1621820
91446
OAUAO
53116
78145
1611897
59442
68385
77811
1618260
78937
1624698
1631009
1639781
1643431
1644097
56113
88344
1650180
1653702
1658237
1661511
1665804
1671484
1676517
1683590
1690194
1699363
1708329
52585
41211
25300
1710221
OUUIUOIO
1700865
1705971
1710330
1715079
1719054
73960
AUAA
EOAEEAOEE
42766
1675990
1682802
26783
1688165
62728
64797
1691800
1701101
33542
1707083
1707802
48530
1709791
1715261
1721629
78819
1726107
1733302
68099
1740618
IOIIUEAEU
1728907
52585
50931
68385
76984
AUUA
47367
1723633
1724458
67714
65593
IIEIAOU
55253
1701171
1709144
UAOUIEII
1695909
1705083
1713577
1716589
114647
1720993
1730912
1739982
1745249
1747722
1751515
1753107
30491
1763078
69519
1766380
58970
69519
1767291
1771068
UUAOOU
1756333
1762853
OUEIE
62963
OUEIE
59567
1745148
1753593
67714
55929
78639
114647
50292
1757881
UOOOUEAUA
1760005
53640
1764722
1765649
EEAAEEIAU
OAOUO
1743324
69086
1745903
1752120
69086
1761661
52556
1766242
1767283
1773360
51103
38515
EAII
40710
1766686
1776193
69872
52308
45446
1782346
1783244
1788427
EA
EUOIAA
1767876
1773461
1779220
73847
1787452
1790649
1791252
1795830
1796254
1801001
76984
68604
1807420
1811185
1817835
1825285
1829846
1837182
50807
106964
IAEAIIEOE
AUEOEOAU
58128
77341
1812440
30491
1813098
73847
IOUUAIOOOE
AEA
AEA
1805912
67001
1815893
1822024
1827981
1837268
1846460
53822
1849196
1851569
1856932
1860487
1864491
42716
46137
1873492
65034
1873537
1881872
1891729
66803
65048
1897528
1902728
106964
50931
UUUEOIOI
58601
IUOIUUEO
IUOIUUEO
1896476
1903223
OEUA
1883975
1886981
1887895
1892015
76984
1895439
1897085
IOIUU
65048
1895017
67723
91446
65048
1897066
OIIOUU
1887289
1895872
51610
51409
1903622
1904985
1914231
46080
1921516
91364
1930388
45727
1931136
IAUAEOEA
1916886
1918578
1922648
76973
1930382
1931638
90752
1934012
EAOAAAE
36101
1920648
52329
OIII
1916475
1917528
1922111
74835
1929950
1939599
IUOA
1918232
1923260
1933174
1943010
AOUAUEO
32061
1944037
77409
1950625
1952815
1961492
1964593
1965452
90667
1973004
46137
49885
82006
1979976
1987502
1992676
67025
2002458
IIA
1988530
49849
1995483
64797
1998170
77409
2005937
2014043
62333
58584
2020314
2027960
53116
OUIIIAAOI
2018192
2020046
IOOA
2002327
50807
59809
2007605
42411
62683
2011918
2013233
2013471
59567
66189
2014943
52205
EOEOEIOAI
88325
1995680
50931
1997274
2002590
2009459
2009715
68385
2011361
56391
2020132
2025168
90667
2026530
2026968
2035695
61753
53116
AEUEOIEIUE
AEU
1998717
UUAOOU
2002503
2002847
62783
2009425
70237
49849
OU
OAIUUIIE
1974347
83737
OUIIIAAOI
1962509
1968729
82529
61544
1972403
1975934
OEEOEA
93571
1977748
56203
1983398
AUAIAU
EOAEEAOEE
1953767
1959057
89714
34442
1963028
1972538
1978595
74037
1980568
67056
OEEU
92783
1978204
65048
UAUA
95313
84599
87829
UIE
78145
74835
48956
49211
1954519
1963987
70229
1968589
50807
UE
1966416
67714
29628
51072
66424
1972152
80022
1978074
1981751
1985077
1991996
52308
88294
1999386
93571
92783
52112
67442
OEEOEA
97070
1984572
64740
IAUAAEOIEA
1965268
71469
72439
1972454
1972635
1977411
U
49035
1963878
72648
104611
AUEIIIOU
1940531
UOOOUEAUA
1931644
51494
1941182
1941764
1945970
1951766
1956779
IUOA
AUOUIUUU
1906037
1915573
IUO
1911130
1915230
84078
1922559
1928414
1928448
1930544
1934257
1942055
1944142
1948054
1949950
50660
54380
1953448
1962778
1967714
76904
51494
92783
70014
52309
104611
64436
42716
58970
1975614
49211
1979870
1979875
1983848
1984848
AOUOIUIU
UIEEAEIAU
1959798
62683
1960020
66189
62991
80990
1968240
IOUUAIOOOE
102537
58584
1950431
1952707
IIUOAU
1935756
56020
1941698
100056
1942685
120670
59998
1946262
1955389
1958582
65417
1961624
IIEIOU
70120
1940920
1946498
1948259
1958027
IEUOIUUE
EEAAEEIAU
UIAI
1922079
1928552
EOUEIIIIIE
51494
UOAAIUOU
1909430
1911689
1913355
72648
1920316
EIUUIAI
50660
AEUEOIEIUE
1890415
1890711
78348
1893164
1900272
AOEUEU
AE
68195
1863587
67442
72439
59028
1865065
62333
1874832
1882154
1888432
67001
1892466
1901931
IOIIUEAEU
65481
1875809
54363
1877475
AIU
1858783
51494
80990
71391
71391
56203
56203
AUUA
53140
1858572
EOUEAII
79605
1840389
IEOAUIO
1822598
1827335
1832720
1839194
1846314
1850148
1852297
1856669
1866465
33542
OAAIUOUOO
1846334
45044
1852084
1853773
1862741
1870310
OAAIUOUOO
1865751
1874393
1881192
1888137
52308
EOAIOI
EOAIOI
1875232
1877291
EI
1856078
1860410
1865076
1867048
1870632
1876186
1883050
75540
1888446
1897494
1898334
EOUEIIIIIE
1894923
1900233
UOAUIUIIEI
62991
1898517
68533
78937
74633
32061
62679
84537
45044
AAOEOO
EAII
1875683
62683
1881321
52309
OUUE
1874048
EOUEAII
1856748
1858531
1866908
56559
EOUEAII
65417
1864121
OIIOUU
55706
44736
1857615
1865781
101370
1871481
1881461
1891143
53116
46080
60231
1896455
1897677
1900170
1903592
UIAI
1880711
40789
1885402
1890572
1896653
1898497
1906367
1907312
40789
1911801
62679
74337
99397
1920590
1927837
78373
1931050
1931951
1936337
1944632
57400
AUUIOOE
1932232
1933688
62340
1937655
1943518
IIUOO
109821
65481
OIUAEAAOIA
101370
1930670
OIUAEAAOIA
67442
53838
1936676
56252
1940575
83634
1946515
1954851
IOOUIII
1942831
OOAIAU
60314
49822
1927623
1936269
1936515
51494
1937207
45044
1942409
1947970
1954403
UIA
48530
1933371
66424
98442
1941095
1947041
51977
1953464
45173
67800
95846
72104
77631
52171
1954966
1959521
EUOOUEE
1955746
1958829
1958943
1967834
1969342
1972007
1973984
EOAIOI
1959245
47130
1967079
AEUAUO
UIAI
1927451
1927795
61964
1932121
53140
1935060
1939035
45044
1948747
1953530
109821
61544
1954859
65459
90941
1963837
74398
63995
1970093
1971123
78970
IAU
112222
1946495
95398
72648
1953063
1960138
1969955
1970212
1978804
1982430
1986812
UUUEOIOI
UUUEOIOI
1975015
63995
1979728
1986716
1995537
1997708
81756
55706
67714
70449
75540
2004040
2006080
2009229
2012005
2017954
2021586
95398
2026407
32680
2030792
93611
2038223
48956
2046759
UOOUAEOUI
2044195
OOEAE
46041
2040929
2050882
2051607
85949
2056150
OU
2058600
62333
2063830
2064742
77409
56209
AAOUEE
2062572
68813
69519
40789
65459
2065072
2067578
2071751
2075193
2080452
91649
EIUUEIO
2072233
73640
2075226
2080309
2082054
2086868
64368
2088005
EIUUEIO
78348
78348
2088406
2092336
57092
2093773
2094711
52545
2104082
2108227
86031
2109511
2115887
2120319
2124324
AUEIIIOU
65459
2105805
AOIEEIA
2097142
2099347
2100669
2102235
62679
2110336
2113215
UOAAIUOU
32680
2105946
2110123
2112851
2116052
58269
2124335
67835
2131018
70472
AE
73640
2125768
2133839
2141215
2149816
2150364
2154325
2156604
2158903
AUAA
2149568
AEEIEOEI
2146120
69279
88613
AEEIEOEI
OAAEUAIOU
2136236
2140054
2148481
2154991
2156408
2163242
60231
AEUAUO
EUEOUA
78819
35586
2124466
2128570
2134786
62340
IOIEEIIUA
82795
2115519
UE
IAUAEOEA
2093929
2098384
2099046
2100560
2103781
93320
63016
2105677
51409
101120
OEEAIOUAAA
IUOIUUEO
2070385
2077733
2087600
65048
AIUIOUOOA
II
2063656
51470
2067597
2070432
2080260
83083
75074
2084977
73400
2091614
EIA
65034
2079203
68749
60064
2083990
2087329
2096399
2102202
56209
79605
IIEIOU
65048
67001
2088063
2096846
2105754
80200
2107373
97059
2115466
OEUI
III
2094751
2102411
58089
2111338
65034
2120477
2127202
2135067
68813
2140053
2147000
60064
64368
2148073
III
79605
2147611
2149830
2152114
2157215
IIOU
2148923
2154121
53822
2162224
99397
2162538
2167340
57988
2173047
78481
2176543
2186173
UOAUIUIIEI
EEIAOO
45193
2156472
AEUEIII
2133283
2142618
2148301
87841
69279
2153253
OAOUO
2136671
2139370
77409
83634
2144674
2149184
IIOAEEOO
IUOA
II
IAOAEIAE
56203
2082727
2084066
88119
2085509
2088404
78819
2093907
2096600
2104854
68425
74950
2107990
UAA
UAA
OEAOOA
2076951
2081949
2084165
2089614
57544
71972
60314
60064
2095354
2097459
59844
112082
45193
2100739
2110141
2118805
2120774
2125013
UUUUIEEO
2111226
76244
79995
EEIAOO
2087668
75173
79995
2089729
71231
EAOAAAE
2090513
70494
UI
2082830
2088211
2095897
EIUUIAI
2081505
2087728
2096732
2102735
2103749
UUAOOU
EAUAIU
63928
2093337
59819
2099242
2101369
2104324
118658
93364
2112461
2122203
71024
2126588
AAUUI
2123153
2127224
2129053
85083
2133901
33586
45193
2141017
AUAIAU
2121747
2123225
2127547
78348
2134259
2139406
60524
2144520
AIAAUIAUA
2127281
2127818
67989
2131964
2132029
51315
2136801
EAII
79605
75396
2118033
2124387
2130249
74626
EAOAAAE
EAOAAAE
IAUAEOEA
81400
2101631
2104547
2109772
2118700
2127533
2131009
2134263
2142590
2151116
OEEU
2126002
44736
46592
46041
2133426
2135736
AAOUEE
77965
79349
IOOA
2107293
56252
EEIEAEEAEO
2083965
70494
2089106
2093997
AIUIOUOOA
92189
2087758
2094556
2095380
2102675
2111239
2112421
74337
2121252
2130216
80132
80357
2138889
61859
2145694
63016
2146048
2146132
2153993
2156931
2161594
86116
2163474
IUU
92928
109228
2152505
2161068
2161809
2164040
2173262
O
83675
2162558
2167651
62333
70109
84067
2176332
2179651
2189596
2191523
2191821
2201372
2203126
84361
2207027
2216768
2224780
2228758
EEIEAEEAEO
UOOOUEAUA
2203867
2208414
2211914
96469
2215136
OEUIIIAUU
2206494
76098
78819
2213180
2220184
2227637
2234464
57942
UIAAOE
AAOEOO
100759
OA
65034
2182254
2190876
47763
2194908
74879
57911
2203135
2212371
2221115
68851
2224866
58466
44736
EIUOOIUA
2208365
2208715
74337
40573
63016
2210983
77944
60765
97059
2215600
58466
AUIOUIO
2198112
2203091
93416
2207944
OIUAEAAOIA
2203055
UAOUIEII
2188282
2189416
OUUE
2166760
UEAOEA
78523
III
2116222
54809
2119404
UOIIEAAA
71582
2117448
104091
57911
2124647
2134018
64677
2139281
2145212
96469
IUO
66882
2131344
2136225
58466
95398
2137468
2145790
51610
123944
2149379
66298
2158495
2162961
2172441
AUU
2173907
67001
70462
OU
2169530
2176430
37194
2182658
2191505
2197446
AAIEIIU
93611
EOUEIIIIIE
2153201
AIA
53116
AAIEIIU
2126247
2127819
2131644
UIA
OEAOOA
2127508
2135287
2137921
60765
EIUUIAI
2129054
2136423
AOEUEU
40008
2124818
59844
50284
IIUOO
88613
82812
2104502
2112526
91588
96883
2119549
2120953
2125469
2128468
2135195
64677
54544
128107
69816
2142379
2148947
OUIIIAAOI
52149
2135261
55286
2136499
2145244
78819
OOEAE
92928
86116
2121272
2128125
2130077
2134150
2139473
114964
IOIUU
2142010
104630
119063
2143265
2149114
2153661
2158838
2165488
2175435
2179322
2189302
2195234
EOUIUAUAUU
2188077
76938
2193128
2200196
71156
2205052
2207341
IUI
96338
60524
2207635
70120
2208142
2209866
2214445
2224068
2233024
2234566
2236251
2246097
79256
74879
74950
2253713
2256623
2263927
46041
2272433
71099
UAEIO
54809
2264555
UAEIO
37194
110564
2263820
2268867
2274505
2279335
82812
74626
35586
2282560
2282619
72181
67001
67706
2288894
UAEIO
2287103
2288269
IEEA
EA
2261725
2262407
102237
81807
58718
2264246
2272071
75589
67410
2274406
72892
EA
2276018
EIUUEIO
AOUAUEO
49433
2252308
2259720
2260571
94101
IAUAEOEA
2254024
2260406
78960
2269409
2270200
2278049
2286988
2289280
74950
86749
2290701
2299388
60472
2300590
2305983
AOOOOIU
2292439
2297799
96338
2299951
2306841
61375
123912
2307349
2310169
100321
2312798
2315765
2316946
80387
108272
2319526
EAOAAAE
EAOAAAE
58433
AEA
2285151
84361
2294019
EUEOUA
EUEOUA
2284689
2288033
94752
OI
AOUAUEO
2265758
2275152
37194
93028
2280725
82530
82530
2283651
IIUOO
AOEEAAIUO
2246957
2248913
2254066
2257160
2260627
2262765
2270525
2271857
80487
2275147
71582
UIAAOE
2266442
2275005
55286
UIAAOE
2277668
2284118
2289317
52149
69816
IAU
2275960
AAIEIIU
43601
80357
32680
98850
76098
2259037
63432
40008
2264386
2272522
AEU
64436
83852
2251127
2255735
96843
2262099
2268453
2276126
2285715
86749
EUI
2272566
2275386
EIA
114927
2275162
82812
2279878
OAAEUAIOU
2256764
2263133
80798
2273091
2283057
83327
76098
73940
90400
49433
120454
70433
76339
78523
2286675
UUAIEIAU
2275356
2277904
64359
71391
IAUAAEOIEA
83675
EIOOAEEE
EIOE
60737
78970
2211592
2221190
130804
2228232
2233808
UUUEOIOI
90940
76244
2227525
2229964
2239879
EOIOUOIEE
AEUEOIEIUE
2205870
2208994
AAOUEE
IIIAIIOIE
79950
2181971
IOOAO
EOEEAA
81213
2149083
2155593
2165574
2172307
43601
107539
2180518
IAUAAEOIEA
2170385
2174393
2178561
UUIUEOAUAO
2155926
2164074
2170858
UUIUEOAUAO
IIOU
93044
2165561
2172796
2176630
2179856
2189581
2195841
2203764
2204367
2207166
2214219
2222557
2227160
IAUIEIIU
86786
52149
75399
2215520
65873
2225124
IUO
2200029
2202786
2205043
OUUIUOIO
EOAIOI
80387
2167040
2175424
2175480
2183709
55757
129631
62651
IOIIUEAEU
IOOOUOI
2148483
82532
2148967
2152385
UAA
94463
AEUEIEOA
69382
110564
92303
88347
EUOOUEE
UUUEOIOI
80487
2100068
OAIUUIIE
93743
2087543
2088612
2093291
52171
47763
76938
2097416
2100192
2101041
UAUA
80357
2077487
2079146
2088089
2095770
IIIAIIOIE
2072705
2077247
2082903
2090640
2099091
52112
2107261
2111833
I
2103382
AIOIOA
86784
2092317
57337
2094653
2100673
2106464
71314
47865
2114396
2120865
EIA
2111757
2121486
2123682
2132297
83295
AUOUIUUU
2110225
2116357
96843
99317
2122881
2124251
81213
87841
2125720
2135602
2142814
2147872
2153991
2162384
52989
2164582
2167438
55676
2171893
123912
2176437
2182006
83362
OE
79339
2181038
2187255
2194794
2203550
106852
2209441
EIOOAEEE
2191045
III
83083
82582
2182355
2190406
2195372
2202162
56244
AIUIOUOOA
2198402
86749
AAIOUUUA
84450
104339
2194213
2199824
2204992
107825
2212298
2212496
2218426
2219757
2226626
2227882
2234309
74106
54380
2243527
83083
EUOAOIAIU
UUOOUAUOOA
IIOAEEOO
2218089
2227744
60524
86116
2237153
2241380
2242127
88613
65873
IUI
2216927
2220424
2221868
65873
2224862
67410
IUI
2227943
2229385
2233158
49626
64678
81213
66502
2242001
69695
94463
2250115
2250976
76872
82582
2254424
2264123
AAOEIAEO
2261535
83852
2262268
2263266
79015
2267751
2271520
60211
2273708
2282931
2283783
123912
2286473
89933
2290767
IAU
2274853
2283236
2285972
2291222
57013
76209
64436
2300887
108962
2304930
64938
2311863
60932
2317497
OAIEU
57013
2315184
132507
2316682
2317702
78288
2323737
93079
2326551
2335244
2338730
72716
2347999
94463
93079
2350539
59844
2351329
AEUEIEOA
76244
80132
2332264
2339391
OOIEEAEUA
87841
2317320
2323842
2327704
2333460
79693
2335578
2342508
71615
2347828
2356194
2361202
43601
2370196
83526
2371362
62333
2372170
33586
2381307
2386932
119036
72716
AEA
2371430
2376163
AIOOIIEIA
75208
2359755
80357
82621
2360459
61502
2369481
2371572
93940
2378001
2383890
2392232
AAUUI
75688
82616
OEUIIIAUU
82126
2349310
104339
2353726
AIA
52989
2336087
2336325
97902
83083
OAIUUIIE
2318103
2321661
72505
2328387
58780
AEUEOIEIUE
2327882
2331864
78908
63199
2332826
87137
EOIOUOIEE
2317408
EIUOOIUA
2309278
97353
2311723
OEEOA
78288
I
82908
2274979
2275132
2278077
56244
2280127
59783
2281845
2285367
2292327
2296059
IAAAIUI
2297561
154847
2300995
2309984
106228
2316054
2316816
78970
2318018
71231
88347
59783
114538
99677
68904
OEUA
2306668
2313449
2319495
82616
UOIIEAAA
2311800
AO
125969
61077
2288757
IOIEEIIUA
76058
2290368
60243
93940
2296387
67252
AEUEOIEIUE
107758
2278717
2287219
2290195
2299826
2307249
61077
81300
2313208
2321559
2322707
2324834
2329926
EIUOOIUA
2328848
2336235
AEEIEOEI
2322221
80387
2329446
119063
86492
2330655
AEEIEOEI
86116
2330109
2333906
86808
OAOUO
76244
2323960
OAOUO
81213
2328645
75638
OAOUO
2333906
64615
2336498
2344199
90756
68262
2351789
2352509
2361295
57440
75435
2365273
76209
2371614
75122
119036
EAOAAAE
EAOAAAE
51185
2362269
95810
2370909
EAOAAAE
37463
2372110
2379881
107648
67706
2386609
2387899
79901
2389995
IEE
123447
90585
86116
71615
2381758
64615
82616
54445
120025
2385859
2395021
47865
2396623
2396959
IEE
2398499
2408462
61502
115619
2412600
2420859
2425896
120025
2426108
IAEAUAEE
2419053
2423168
2429550
2430997
2438120
2447812
2448498
96587
IIEIAOU
69695
2428151
2438127
60932
2446251
2447959
123593
2449433
122136
2455873
91410
2461220
2468639
115619
75208
61750
2476422
2478153
2487877
2489448
63199
2497419
2504218
2507300
2510180
2510540
114538
2515346
95398
111473
127490
75435
76339
2519680
61077
IIEEEAO
2517051
2518389
56608
OOIEEAEUA
2509747
2517437
IAU
81447
64677
2493751
51409
2501734
76938
2501768
90585
100681
2508543
102237
2512539
2517771
2523018
2524891
86202
104205
2531191
2537138
88114
2542823
OAOUO
2518239
OAOUO
88038
2521351
OUIOEAEA
2512539
EUOOUEE
83362
98998
OUUE
2489582
87265
2496776
84133
68904
86876
AI
2490469
36940
92689
IUIA
2470100
AOOA
2470063
71218
AOOA
116263
2476906
UAOUIEII
2482742
60381
2491656
2495819
2498688
UAOUIEII
EI
67250
2496848
93250
2505869
E
74676
2480271
66003
AI
2464786
2468729
2470716
89874
2472916
65850
84133
2477357
2485914
IU
95703
2484334
2492156
2498618
96728
115619
82822
2502133
2502248
2508647
108342
AUEOEOAU
2500435
2502792
UIEEAEIAU
IEUOIUUE
145289
2471587
53870
96456
71615
2479116
102226
IEUOIUUE
2488264
O
90585
72410
2480313
100681
2490084
92357
102406
2498956
2505756
67410
107758
2512599
2513988
2522004
2526698
AOOA
81447
90754
94191
2518773
OIEIEAIEE
108418
2518310
134568
72505
2525606
2531103
UUUUAOAI
2506246
E
83295
2499028
95398
78183
60243
2505103
63199
80357
2505946
60628
2506349
119036
2510280
2510932
101816
AAOEOO
EEAAEEIAU
EOEEAA
43913
134780
129631
2499638
AOUAUEO
107758
EIUOOIUA
2482735
UEAAOIEOE
2480471
2484128
2485954
2495516
75122
2499134
IIIEA
2497383
2505110
IOOUIII
56608
95889
2501151
AAUUI
71218
2484764
43601
2486231
104205
2492981
57648
72505
2501094
2507927
2514249
UAOUIEII
UIAAOE
2499381
2507215
2510561
96013
83526
2511232
2514259
2516293
2524460
2526151
96085
2531506
AIA
96843
2524385
43601
2525486
101375
2528207
2531854
2538516
2543365
2545307
86873
2545787
2549814
2550934
2552505
86143
108418
63199
78669
2562220
2571402
94633
II
2548261
2550341
2555933
AIU
74282
2540447
2547248
93743
54043
2551118
2561104
IOOA
84442
96728
71024
87841
UEAOEA
2523100
2525489
122136
2529602
AII
117705
2521580
106681
95137
2524178
2529157
UUAIEIAU
80320
UIEEAEIAU
2519378
2521561
OUIOEAEA
60186
2501813
86808
OIEIEAIEE
81242
113581
2493755
2503432
93940
2512373
82316
2518196
UIAAIOI
2511180
2514383
95137
82087
61515
2519359
2519441
IOUUAIOOOE
80357
2525100
2531877
IOUUAIOOOE
86808
96728
2539571
2544179
92357
2548045
2552554
93743
74067
2556210
2564158
2569943
95889
95137
OUUE
IIUOO
2536383
96013
111473
2541587
55757
2543307
EIOOA
UUIUEOAUAO
OA
104611
AEA
2481803
83855
AEA
2481667
81882
2491592
2497755
55757
IIUOO
2488845
2497310
2505782
56002
2507672
96902
125969
2509627
IIUOO
2516356
2522746
47865
2526621
2531054
2539438
93754
75673
89542
2542523
2547926
2556014
2565928
134568
59783
67250
2566463
O
2568406
O
78288
80437
2570415
2575048
2578658
129631
2586041
IUO
EUOAOIAIU
2559236
85564
2566804
EUOAOIAIU
72410
73153
100915
102237
OIEIEAIEE
79154
2545261
93825
AOIEEIA
OAUAO
81076
IEOAUIO
2506463
2516461
2517146
2519774
99966
OEEOA
100082
2508540
149496
67250
58399
2517959
2523608
2526589
2528561
2538083
2539662
2541416
2541502
88114
77182
2543876
2547036
91901
47865
OEEOA
73677
94429
71024
2555417
2563151
2568592
IO
63072
69996
AAOEOO
120500
2558900
2566731
56002
2573300
2581997
75122
64615
2590898
45943
72802
2594013
117705
EIUUEIO
2587004
EIUUEIO
2585871
EEAAEEIAU
2567492
2568498
90754
2578211
93743
OUIIIAAOI
110025
2567682
81213
45315
2570386
60381
EU
2543895
2550417
IIIEA
2548304
2551109
2551242
2559302
2566038
2574488
76058
84684
111325
2578893
EAUAIU
2566162
2569329
AUEIIIOU
120768
UUAU
2537072
2546946
AUOUIUUU
2519803
2524877
2528604
UA
UI
2493378
2496297
81300
2502706
48880
2502752
IOOAO
106363
2502338
AUIOUIO
2478962
2487064
2492618
AAOUEE
93743
2474264
OEUIIIAUU
2452694
90754
AIOA
2430097
2431799
2433745
96866
2442652
81807
2447805
OUEIE
OOAIAU
2412174
2415500
2420542
2421667
2426399
2432999
2442050
102406
81807
2444539
2452706
2462338
86243
2465322
EEAAEEIAU
2455724
2464445
2465489
2472885
122136
2472941
UAEIO
2454282
93139
2463953
IUI
OUIOEAEA
2425021
78419
2432387
83981
2432725
69975
2441578
82126
UEOIOAIU
IEUUAAU
2426259
96456
83295
2428348
78970
116263
65511
88348
95668
IUI
2418470
2424314
83982
2432853
IIUOAU
98361
88114
2414308
100985
2418951
2422006
2423410
78970
IOOEAU
AOOA
2405056
98998
83032
2407386
2411065
75208
90451
2415874
2422629
AUAA
2412514
2414002
2421947
2429259
2431303
83295
2432556
IEUUAAU
72515
2421178
103356
2424094
60727
102237
101154
2430186
48880
IUEIEU
83541
60231
71218
2427350
60231
46149
129631
93235
2429802
2437790
2439204
2440226
AEEIEOEI
2432889
2441127
2449573
73294
2451477
91108
2457578
OIUAEAAOIA
2459107
OIUAEAAOIA
2465630
2472786
106363
2479589
83083
87845
2488052
EIAIIUAOIU
120500
AIAUAUOU
IE
2429283
61515
2437889
OA
2441852
102237
2442899
2444401
2449922
2450332
UIE
2434418
OAOEUOOUA
129631
UIE
UEOIOAIU
102237
UUUEOIOI
103337
73294
100985
2394354
2394412
2402858
2407833
2416618
IIUOO
2414333
2422416
2427681
2431708
46249
OUOAAU
86143
82272
110312
2422272
2422440
AOIEEIA
2408651
2416072
93235
OA
83032
129893
2398179
2401467
95382
2410522
112666
98361
2412722
2414381
76339
2420659
2421252
IOIIUEAEU
67011
2427927
106592
2433937
2441559
124100
2444438
2450997
2457493
IAEAUAEE
AEEIEOEI
75208
2429776
IEU
2418678
91448
2419576
2422408
