1063
AUIIEOO
0
0
AUIIEOO
9027
UOUA
0
13170
21808
0
25079
28766
UOUA
31975
37010
40110
0
45421
UAUIU
28527
32986
0
42280
0
0
45210
50230
AAO
AAO
UOUUUOAI
0
UUAEEUE
18305
AEUEOEUUU
0
17202
22738
UOEUEEIOOU
9677
0
OAIIOA
3151
10640
18669
7155
0
23306
0
26296
26847
34627
37582
2930
39689
40285
0
48867
IA
2075
41115
0
0
0
44967
54556
0
IA
58412
58638
64215
0
68088
1063
0
77069
85746
0
0
0
86993
93971
94287
102010
5311
EOEE
IAEOUEOEUO
OAO
54313
UIIUAUIEA
EOIAUIA
0
AOI
0
0
0
AOI
5020
10679
8981
6252
AEA
4459
12999
AEA
0
OI
14710
0
0
23726
IEAOOAOIU
22989
23512
28549
35776
0
IEAOOAOIU
UO
12519
0
UO
0
13187
17843
IAAA
2990
15738
19170
0
25250
27001
33597
0
IO
IO
7831
9726
14985
0
20213
29633
39055
4901
0
2952
42638
47029
IA
18908
7489
26311
IIUIOEOA
IIUIOEOA
0
0
0
27686
0
33357
0
39586
47820
0
52196
53455
61761
63252
69771
77167
0
83191
5035
86975
5311
90800
92058
92258
0
0
92976
98188
0
101780
IIUIOEOA
0
105662
AUUUA
UOEUAIIOIO
0
77589
7227
9422
0
79226
UOIUIEOU
57517
63550
0
4376
67714
70662
3565
0
IOEEOUIIIO
0
0
0
75912
81639
91139
0
0
0
98714
107380
114151
0
119363
0
AOI
110944
119949
125722
0
131544
AOI
0
6119
0
121685
0
123595
124396
20500
130102
OIUIUOUEOE
II
OOO
83732
4376
87569
87760
0
95498
UOUUUOAI
92617
97705
IIAOUEEU
5212
72531
0
0
76605
3583
UIIUAUIEA
0
65093
UIAOAAAOAU
57775
OAU
42980
52352
53849
62521
65074
67879
69625
72028
78478
UU
79264
7489
UU
73488
74086
77410
0
77776
11117
EEEII
73413
EEEII
82167
UU
2014
71172
0
79030
81233
82874
86662
94060
99425
100995
106841
U
86306
0
0
92664
0
5035
94889
96864
7328
102827
108512
110326
0
IUAIU
104263
114061
OEI
IOO
9016
74485
4901
4376
79185
AAEOOO
11638
UOEIAIO
AIIAUAEAEE
17496
EE
EE
0
4284
9411
5037
10819
17853
O
O
2992
12596
15939
19992
2107
29297
31699
38577
46733
51787
53041
61207
68597
AOUO
52561
5733
57720
1247
60652
66190
71937
79521
5606
83270
OIU
0
58662
0
10461
65800
68116
71354
OOUEOEEO
58519
63764
65743
68014
77632
78552
OOUEOEEO
83671
0
88041
EAO
81907
91000
97747
4085
99512
26185
OIO
7738
88427
4940
AOIUAOUUO
4300
75658
UIIUAUIEA
EUO
AUUUA
43108
48638
48773
25965
3100
11247
4085
3687
49500
4940
54120
57835
0
64453
68856
71450
0
72951
AUUUA
71180
0
81157
AUAUAI
9914
74165
75598
83681
89820
97617
99856
106994
AOIUAOUUO
9305
35378
OAOUIIEEI
80376
80860
0
86355
2225
OAEUEIAOUE
67055
76246
80208
86107
96087
102069
UIOEOII
10991
90623
100130
102823
UUEEOEEA
104731
OAU
5706
598
96101
104304
112214
112565
7075
116899
120508
1259
O
6618
5037
102760
106989
116257
119851
42516
121419
EUAUAI
9305
8981
7951
108660
113340
115498
5671
2225
120323
0
123875
130039
139872
IUAIU
1718
OEUUAEUEOA
98207
102708
109274
17360
9203
AAAOI
93102
102949
920
108797
19672
112309
727
116259
125312
OAUOOE
113311
119689
OAOAIIEEEI
107941
EEAEEOUAU
93992
0
OAOAUIIA
81022
IUIUIEAAE
EUO
0
67169
EOAOOEE
41007
11051
45631
IUOUUOOAI
10587
17567
0
5237
23439
5037
30249
4250
36567
41294
48413
53779
63445
EAAAEE
66942
8203
16099
EAAAEE
UAOEU
42003
46352
9432
48996
10344
56514
EEUAIAUUUA
11638
42377
46582
5259
0
0
AOO
7492
5035
31476
9462
OUEOOEAOI
16007
22188
6596
0
12259
0
UE
351
UE
4046
9602
10986
13942
3873
17782
18752
25622
12444
34515
42970
46980
52585
O
17547
38865
43232
43473
AIIAUO
4053
UUOIOEI
27663
34926
6209
42309
43715
9398
727
52762
19618
0
55114
UIAOAAAOAU
30427
16917
35427
8222
44176
48041
48841
50329
UEAAU
4053
EU
27013
3873
12960
0
30877
33077
EU
34361
41781
49946
55697
25964
0
65580
66405
0
76390
AAIIIOEUA
59281
65961
71599
79092
82479
86646
94454
97240
99227
105188
112363
12034
116600
8327
0
123452
126398
EUO
121708
IUOUUOOAI
6870
96326
97744
100348
100438
100626
18510
18510
AUIIEOO
3552
12076
11419
74061
81342
85007
87216
EIAO
10982
IAEOUEOEUO
EIAA
10344
14005
54356
0
56708
10982
14992
18867
IU
55865
65156
73055
8166
0
8166
3873
5259
73371
9818
13859
AEUEOEUUU
17784
64085
67706
74587
84552
17449
86519
87912
200
88112
90205
4250
98930
108176
17933
110721
13885
10344
4817
120471
4727
122005
3552
130352
140064
149691
14992
1570
156464
165364
171810
OIU
9553
154348
14522
156130
2107
164706
173752
21056
178178
186643
7403
191824
198314
206391
212625
OA
10679
4250
EAAAEE
OIAIIEAU
184533
191043
198821
203234
209386
OIAIIEAU
211283
0
12732
11419
219978
226884
234228
0
IEUA
214964
200
218049
226101
233882
236846
8222
245049
253003
22693
256392
11135
263130
272759
UUUOA
266307
266422
3837
2093
270682
271726
2352
U
248329
248976
253226
14067
254287
261506
5536
268088
AUOAEAO
9712
27924
4053
0
0
272230
276471
42516
282104
283661
EA
279343
286161
293726
302978
307543
315329
1910
OOI
0
7713
310584
OOI
318709
4010
IAAA
310837
316698
317285
42516
325167
7162
21166
326831
334669
338542
19829
EOAEI
333792
IIIO
320251
327883
UE
314556
OA
304285
307846
AOIUAUEU
284600
288334
4817
18510
EOEE
266072
269616
OUAE
274319
278068
10153
OUO
270538
272855
14901
281585
283846
13056
292308
295830
298359
299861
3642
12444
27845
304381
OUO
308289
OOAI
307621
309705
310744
7858
7403
UAUIU
21166
UUEEOEEA
9411
2352
UA
258625
OAU
A
14522
9411
221973
229279
9422
1718
235530
241392
242080
17933
246342
14992
256335
260533
42516
267283
598
269520
2805
21166
278011
11135
6033
6098
8725
0
281011
9422
UOEAUE
288165
5366
26782
17567
11135
290721
10344
O
283179
0
5237
1910
283839
OIUOAE
5580
17449
273750
16225
276912
283790
AOEOI
269094
269465
35993
270974
16099
UIEUII
35715
259331
A
251368
EIAO
241742
248678
251650
257189
OIUOAE
239351
247080
252807
254665
262788
17449
268573
271325
5878
275337
285332
OI
285178
292948
297679
32816
305344
314015
11051
UU
296278
301586
306353
12903
315964
316609
EO
31268
298334
305899
313553
17571
321537
9941
324095
12985
OAO
305194
315043
323644
328620
21775
331016
331292
23877
334557
2352
338570
345486
27331
AUIOEO
UOEAUE
324229
327826
EOEAEI
27807
26996
326467
EOEAEI
331005
338049
341705
347587
355757
17512
357273
21691
17378
58321
365651
5497
12903
16744
EOEOUIEUE
346385
AAIIIOEUA
341502
348091
350624
AUUUA
336766
337880
6653
24651
346490
22693
349118
27807
356263
361103
369767
376192
376630
AEAIUIAE
19781
484
9692
UIOEAIUIA
321161
351
325328
335138
35715
26996
16225
336582
344933
345637
351434
357369
364213
EIAO
356154
364919
UIOEOII
357668
359780
18510
367613
371001
379316
384651
11135
12960
5366
23877
16841
OOOUU
9278
5706
382564
390262
397610
401146
409119
416376
UUI
400364
409680
414218
418994
426447
428794
7227
9098
437883
8627
UOEAUE
413874
422664
426300
435368
438744
9122
446189
453364
454330
462128
469575
473622
AEIU
454996
7920
8554
459685
AUIIEOO
12732
12417
11775
7162
454975
21153
461368
AUAOIU
2352
445479
UU
7020
433245
4940
437563
443666
453414
OIO
5000
18724
OIIOAEUU
18340
411579
UUOUOE
412220
16225
UUOUOE
419472
421017
17567
421571
424508
431379
11468
435898
443589
448313
UIOEAIUIA
449914
457588
AEI
438302
441139
30673
441939
442475
447966
448517
453349
455614
460274
461952
468928
AEA
12985
AOEEUOOEA
0
427505
435047
IO
18691
426752
429471
9941
429991
439342
OAOUIIEEI
418031
428001
430719
15776
438095
30604
13056
2093
442647
446869
EIAA
6870
14374
444312
OAOAUIIA
34463
419950
25251
OOO
AOEOI
AOO
407075
58321
408916
418191
0
18936
19781
UIAIUA
7544
394362
394480
7544
25970
0
AIIAUO
AIIAUO
379844
AAIIIOEUA
365550
9034
AAIIIOEUA
371750
35715
374776
383321
389521
10679
UUAEEUE
368025
376256
7162
378571
UOIUIEOU
UOIUIEOU
OEUUUE
368625
371020
OIAIIEAU
371934
19147
377912
12417
21111
9941
382972
385094
393379
7513
398036
403582
411240
22558
414192
7513
418677
12533
423235
424216
20738
424639
426604
21775
434975
EEAAU
EAEEAU
394790
396301
7390
9692
397150
403982
26099
14493
198
412238
AAIUOUA
15754
23482
411585
416885
25182
484
484
35993
420165
426007
428293
22558
IUIUIEAAE
18786
IUAIU
419529
421111
427076
21153
4053
13056
432988
UUI
433051
441439
445769
EAAAEE
15832
EAAAEE
40092
26998
445416
447886
34990
456310
7420
10711
466025
469884
475243
AUOAEAO
AEIU
444266
EAAAEE
EAAAEE
18510
427277
10711
431605
63097
AOEEUOOEA
407993
409476
416572
26504
418379
421689
EAEEAU
63097
19335
IO
410603
416602
418546
0
423166
431105
433588
OOOUU
414426
9716
7513
EOEAEI
393328
O
19569
375219
378083
25251
IUII
14374
24484
19111
376756
384387
UUUOA
384058
391203
9034
396002
19266
12929
403568
OOAI
398568
20738
402093
408019
OOAI
416403
421001
421355
426884
24396
23024
429000
437251
440951
444709
444821
26996
37443
446334
448280
23642
5706
454879
456876
462711
466723
20738
476082
479927
480854
489371
496168
IAEOUEOEUO
483665
484953
21723
OIUAUOIAII
46101
482752
OUAE
AUUUIAAI
31004
9185
452560
27851
UOI
19569
EIUAE
22706
411961
417053
420097
422409
429260
37443
433438
441055
442105
3873
IA
EEAAU
10203
0
414721
31404
417997
419213
423355
431073
37443
37443
435867
440694
444184
452321
459073
1488
18865
19403
11192
29541
468626
AEOEUO
AOI
441101
4363
446502
453389
18548
35212
OIUIUOUEOE
448254
455043
IAEOUEOEUO
18905
447052
OAUOUII
68588
EEUAIAUUUA
EEUAIAUUUA
19147
5596
404002
407359
24484
409728
415767
25182
EOAEI
AOOAI
369346
378291
379103
0
386854
389529
395812
403399
OIIOAEUU
378598
OIIOAEUU
24396
381899
EIIAOIUA
AOOAI
A
26998
329229
337852
345126
AAEOOO
337169
339016
18548
25970
IA
18227
18218
27975
9692
327244
335374
OUAE
17856
24594
321043
20713
10679
13978
323934
330974
337090
35212
337265
10679
339856
IOUIE
319954
323203
EEAEEOUAU
U
305869
27975
11576
19335
314460
317181
318459
29901
327764
334833
AOUO
8636
AOUO
315953
319266
320188
325541
47056
8645
334940
338386
340487
22389
19569
347652
IA
OI
7886
305576
309571
20992
310499
320281
17571
330118
330203
336468
338010
55001
344667
345485
351891
31404
AUIIEOO
UOUA
312085
319556
325804
334665
20330
338504
9237
343302
28480
22830
24396
345906
349215
359034
366108
39266
367473
35902
24690
368457
17571
377882
386417
395135
400805
405712
409456
13524
20150
415535
31556
10500
20339
425459
435177
444761
450733
452629
UA
439507
UIOOOI
425240
425706
29286
425751
AUIOEO
416094
416597
AUUUA
409193
412154
415657
8554
415804
IUII
OAEUEIAOUE
365917
366309
369530
10679
25970
372531
374132
382272
14728
386815
388275
24844
IAEEAEOEAU
387095
387485
392940
397671
405493
8683
8983
408177
18778
415356
27807
418845
425342
0
429960
EOAOOEE
424533
0
IIEAAI
AUAOIU
416664
418901
AUAOIU
24396
9941
8636
421864
AOEAEUUEA
24690
22192
UIOAOO
382056
391817
395669
24900
35546
8645
28194
12640
402861
24594
405405
407910
408403
414033
9802
421687
31556
431575
35546
51630
29935
25441
437107
15434
18548
EOOEI
EUAUAI
37260
AUAOIU
377224
383346
392292
26147
392754
IOO
IE
368955
369351
27230
374762
377113
384416
387376
387482
7990
389456
19333
390790
395106
20785
402201
30981
404280
412414
OAAUO
390832
7582
396547
17006
UAUIU
17301
24396
20298
IIEAAI
29608
396873
8683
32945
399698
10203
405250
410197
IIEAAI
407878
415331
425024
429702
50506
AEOEUO
40372
16566
20330
422672
14728
428463
57706
434479
24844
484
438417
440613
AOEEUOOEA
UIOAOO
27975
22282
396930
45525
398491
IOUIE
383895
198
19333
16417
392347
393799
29286
OIU
0
18778
10240
378526
18548
19147
382778
390501
12417
15810
7390
28194
OIU
14765
41476
32678
30817
10240
EUAUAI
367398
EUAUAI
18548
30981
11525
EUAUAI
EUAUAI
314636
32716
7809
EO
303078
7212
UUOIOEI
19335
30811
EOEOIOOA
263820
21482
266672
9237
57706
272509
275589
277506
17571
284620
290808
300043
EOEOIOOA
OEOIUIIOOO
14765
EA
272157
282070
291521
AUAAEAOE
274841
276928
UE
256233
260572
46147
262351
16417
35212
262485
265799
274707
275371
279827
25098
284664
25376
289430
293588
16048
296784
302097
310249
33998
AUUUA
7544
31692
286876
294045
301752
306036
11525
20697
315704
AUIIEOO
310768
314835
324590
332107
338891
344180
345274
347151
353309
357022
358595
16566
22282
364431
366707
375234
380476
30513
389382
392418
394368
IIAOUEEU
384625
384703
36940
392922
397698
10203
407483
413172
422850
428316
431308
432265
IEAOOAOIU
434703
435197
34558
435631
438945
29626
445492
24371
27230
452106
18340
31734
461357
464214
18218
467844
UOUA
9237
32383
463278
UIAEEIUA
14765
456601
456697
34269
465568
466880
475924
483538
491331
IU
491246
27230
34463
493285
497542
EAAAEE
495989
46147
499166
27230
29626
506909
IIIO
EUAUAI
492937
497425
I
7990
483696
UOEAUE
7990
477465
478228
UOEAUE
IIEOIE
15029
477624
18946
483351
483890
489937
AOEAEUUEA
486584
40899
490159
499762
504518
15029
24703
513015
14765
IUA
486133
46940
495123
7544
496840
IUA
17289
501032
507598
25541
19563
34463
16417
41476
516475
21374
21374
20697
AOIUAUEU
496494
AUAAEAOE
45525
UIE
486988
28420
491043
25362
26951
495198
22982
504289
26060
504655
509543
515949
AOO
502216
509065
517251
16816
14608
25619
44573
9906
525553
IUIU
515112
31027
515953
38308
16417
18579
517894
519350
EEAAU
36940
519824
522477
16841
524505
26951
533190
535809
538562
32716
542884
545704
32804
552423
40899
34736
553562
22754
AOIUAUEU
UU
18355
506862
0
507406
509797
519781
17289
44573
522271
523471
531164
534665
21374
544599
552129
553236
38619
OAOAUIIA
529421
17289
530971
536755
546387
OOIAUAOE
31556
526444
28420
527501
12417
56228
19563
28194
533393
542539
545738
553018
23152
553719
558532
562071
562963
571641
AOI
571562
573197
578718
EEAEEOUAU
573155
574104
575975
21374
582798
46147
UOEUAIIOIO
EOIAUIA
542175
29443
11150
17289
32945
27807
543017
549399
33569
40114
557545
562445
30222
572444
573124
57620
579857
580341
22282
25619
EOIAUIA
30222
7544
46147
40899
583390
IEUUUAUEAI
577936
584935
21153
590381
23674
38308
AOIUAUEU
569641
17505
OAO
44631
558319
9935
OAO
27815
32716
562115
565775
574974
55919
581684
586231
594922
604059
OAO
608535
55184
22282
OAO
37682
AOOAI
UIEUII
UIAEEIUA
583587
591695
596838
600815
610584
UOI
592572
596695
606190
610382
615158
618307
622756
26998
24900
631915
639477
34378
10240
32383
34558
642142
642353
651492
660011
665433
668933
35212
677628
18548
684226
685526
689794
25112
693427
IUII
679505
OOI
26951
IEAOOAOIU
643818
35791
1488
59221
648555
IEAOOAOIU
652215
46940
660220
OOI
OOI
655194
663843
667434
671458
OUAAUIAOIO
28006
656844
25188
661974
664703
29071
672001
679785
686680
OUAAUIAOIO
37682
689807
698322
701084
A
704202
710465
719039
721082
AOIUAUEU
AAIUOUA
702635
AEOEUO
41476
692384
OEI
675584
679801
22702
687090
IIEOIE
26130
21920
668825
28628
673460
674799
678410
24305
23463
15810
679648
684402
31556
686835
40540
32867
692870
32804
57517
OAIIOA
683190
684906
43151
OAIIOA
38063
688539
40778
696430
38619
AOEOI
EOAEI
653447
662014
669313
EOAEI
673401
50924
683304
688759
14765
697412
7990
706434
34378
715737
718425
29259
14608
723815
35791
726485
731990
44573
736665
34224
740601
UUI
46020
744076
745680
749024
758186
768122
43328
776653
780101
38191
784698
784892
50924
786838
27329
795007
795850
798039
UUI
799219
807047
55919
22187
807445
25541
16848
15937
38619
19563
36621
812482
E
19587
38362
OAOAIIEEEI
768702
770098
26242
27168
772323
3873
24305
775304
72872
AEA
28628
759272
57517
767447
773720
776123
AUAUAI
774021
15292
35935
782494
791123
796332
27329
43151
AUIOEO
784985
793747
803151
810119
AOIUAUEU
23661
75504
795974
801977
25619
7809
AOIUAUEU
UOUUUOAI
27210
25098
IA
773675
776623
782570
791436
797771
805299
24931
805406
811480
39181
7751
71104
33210
813430
11525
23351
59212
AU
AU
795480
799384
801465
26951
23463
808878
809338
811688
820277
822563
33866
824262
828035
829632
837628
842552
851969
32804
852090
25619
856963
31848
36940
42922
862688
866685
873327
881344
55242
43680
887359
OAUOUII
869682
IIAOUEEU
23351
847898
856021
861164
39485
869261
875798
IOEEOUIIIO
860637
866626
871562
872952
882317
887495
894791
UIOOOI
881145
44631
886020
895857
900024
901686
911006
17092
U
895080
23351
898864
UEAAU
898279
898734
EOOEI
IO
870069
874994
40114
877316
AOEEUOOEA
50924
857225
20295
AOEEUOOEA
40401
EAEEAU
39819
832212
836286
837354
40372
21816
838551
848003
IUII
827459
18948
835333
843600
12028
849645
855376
858436
859209
863701
873085
875831
883465
198
887386
888080
46020
895606
IIIO
891165
892170
895071
901822
15292
34879
38743
906595
41294
913606
14608
920970
930298
934383
939030
943285
IUIU
922661
929198
932198
21791
OEUUUE
925613
32867
OEUUUE
927657
28010
927864
931478
U
934679
938034
943956
947250
952151
AEOEUO
EA
923398
932248
25541
21242
938652
23497
944596
948222
34558
949591
26709
42331
958704
AOIUAUEU
950897
958634
71104
50178
967370
968778
977126
986962
989223
989598
998695
1001838
1003350
43680
24703
24900
1003428
20664
UIAEEIUA
I
43201
996728
41066
997915
1005720
1007721
UAUAUOOO
985239
46020
992274
49182
999737
21242
IOUIE
OAOUIIEEI
53460
22027
OIE
951019
AAIUOUA
36751
AOIUAOUUO
UOEUEEIOOU
21463
AOOIEE
AU
35212
10240
877240
884413
892621
894320
24703
45756
898872
906664
911503
UIUAEIUOIO
28210
17505
885020
39499
EEAAU
884140
890597
891606
50178
22228
892136
902004
IIEOIE
902496
902518
52235
35212
904520
913417
36899
920885
929547
933667
937015
939530
943195
37766
944388
944907
954709
960913
43996
37730
21816
IEUUUAUEAI
938247
17753
943843
24620
40141
EOAOOEI
32830
49174
936210
42331
37766
937354
943650
947449
38199
952948
958859
26709
36899
16848
7544
AIIAUO
948037
949877
958298
961528
968513
970527
972550
41066
980635
987331
989279
26893
992056
996627
70412
41294
1002849
1005393
1013083
23463
1022513
36751
1031308
1040280
1042767
1050492
IUIU
40519
17092
40644
39861
1027541
1030929
23535
1040874
1048026
15810
23643
1051183
26893
1056782
38111
1066605
29450
1070822
892
1074664
EEEII
1069951
1072885
1082727
1086495
1095070
43680
38111
1099717
24161
28010
1105566
1110267
1116033
AUUUA
1097014
1104593
1110305
1110554
1118760
1126952
1130199
UA
37406
1111836
1115496
1116214
1118081
1122914
AEOEUO
1110425
1114692
1116862
1125486
1134034
47199
1134924
1136333
17505
1145745
1152513
1162095
1164825
1171089
18778
35159
1174713
1181423
IEUA
1175909
53460
38743
29450
IEEI
1172652
1174309
1181124
1184357
1184461
OIO
41453
1160339
1166719
1176014
1183759
1184802
1186357
1192805
OAU
30755
1181894
44224
46722
IAAA
78485
1174147
1179253
1186693
1187345
1194710
1203719
36495
40899
37406
1204073
OIUOAE
OIUOAE
IIAOUEEU
1170586
1170787
1172729
49350
IO
1158039
1159241
1162275
EU
1139463
1148653
1154414
40644
1157490
AU
31233
1140216
1140957
43472
1142571
892
53653
10240
IIEOIE
1119941
1122242
1128993
67687
34606
1132043
OOI
42377
UUI
31968
1096888
43996
70412
1101497
1102063
1102255
37969
29860
1106377
1110215
IIEAAI
AUIIEOO
1087348
OI
53347
UUUOA
26951
1053944
25619
1063287
UUUOA
7544
31968
1064720
27542
UIE
55184
1069352
1073593
1082017
28518
47181
1088927
1098367
1098818
1108269
29450
1109717
1112858
1114082
1120166
30222
1128345
1135495
1144626
1145194
49133
1151211
34462
1153512
1156122
1156281
72277
UOEUAIIOIO
OOIAUAOE
1122102
53000
892
1126274
1136202
UIEUII
1135382
30755
IOO
43324
31954
1115007
40240
44347
37694
1120709
55184
1129911
OOUEOEEO
1126895
31252
1131366
OIUOAE
1113353
1117227
1126264
1136070
IUAU
EO
OOO
1101492
1103290
EEAAU
55242
1108611
44523
78072
UE
30579
1094460
1101391
1104964
1113061
1113247
21250
1117777
48127
1126339
1127422
36332
1129639
40141
AAIIIOEUA
67687
1124738
1125926
29808
42377
40217
1126059
1133112
UOEAUE
53303
AAAOI
17753
53000
23351
41287
1093371
1099584
59308
AOIUAUEU
1077902
1087345
AOO
26570
1067207
1074217
1080759
UOUUUOAI
1084598
1087877
1091838
33516
22982
21988
26242
UIAIUA
1086965
53347
1091037
44523
24208
IOEEOUIIIO
20273
1067968
1068287
40141
24208
EUO
1058119
1064344
19927
51223
I
1048928
34462
OEI
30579
82801
1037465
1039887
AAUAA
20664
1016434
1026239
1028578
AOEOI
19796
1033070
1037764
1042640
35159
1046687
1053945
1055731
28518
1061580
1064427
1073605
17753
1076498
AOOAI
20664
1058086
1059146
EAO
UIIUAUIEA
53303
EIAO
983064
989265
998580
67687
44523
IIUIOEOA
997385
44934
51223
1004218
21988
AUOAEAO
995086
43540
52714
995486
UIUAEIUOIO
59214
IIIO
47199
977391
38372
23943
982784
989134
999042
1007533
43961
1017101
1022946
47199
30579
E
UOEUEEIOOU
979247
68801
988927
997124
26709
AOIUAUEU
33516
997147
1004910
UOEUEEIOOU
997586
1003819
1007511
67687
22893
1013449
1013809
80249
24871
AUAAEAOE
AIEIOIOI
978454
50559
981632
55184
981702
AIEIOIOI
980563
29326
63576
AIEIOIOI
980551
984095
989407
992315
39266
IAAA
989069
AOIUAUEU
29929
968156
972978
982934
34275
40074
988030
30579
57738
31736
988279
53303
OUO
27542
27991
OAU
962365
IAEEAEOEAU
955090
UIAIUA
938441
940502
31736
14038
944587
50627
59221
37694
949948
950338
32732
26709
38372
17753
49927
958979
41851
47695
30181
892
966876
55184
59221
UUAEEUE
959660
46878
41453
UUAEEUE
957250
958294
OUAE
34275
EOIAUIA
920023
34385
927433
929501
49137
933991
941114
951075
960748
59526
OUO
953981
37694
53316
955043
961295
970477
972721
47069
977674
979105
OA
OA
18795
46807
968622
36428
971864
976229
39784
35642
IU
977129
980984
67687
31736
986729
989214
OAO
976762
980519
987664
OAAUO
965741
973259
975353
979048
986496
EUAUAI
979982
22982
988866
OIE
39784
975151
978554
987805
991208
1000960
28957
1001954
1004437
56937
53316
1006298
54316
12742
26740
EOAOOEI
40029
1008862
UUOIOEI
991665
997774
19796
1003602
1011002
1019301
1021623
1025737
1035324
46655
61410
29929
1039144
1047983
20227
1052364
1060418
IIAOUEEU
24871
AUIOEO
UIOEAIUIA
1018931
26743
1026322
53000
1030844
1031573
UIOEAIUIA
1034605
43341
11591
82211
1039117
50627
EOEOIOOA
1022359
42738
59526
IIUIOEOA
999192
1007566
1012092
39266
EUO
1004616
1007154
1012551
1013100
49997
23609
35534
1015206
OAIIOA
1006502
47695
OAIIOA
1014398
91411
37318
1022022
38726
OIE
84553
1002180
31252
1003028
U
978522
985741
28738
EOEAEI
983870
37435
21816
OAU
969994
43341
979105
59221
987780
988856
994257
1000770
1007605
1014022
26743
AEA
82211
51083
IAAA
57729
1002006
35883
65489
1009198
41289
1011580
1020524
1027820
63347
1029365
IIIO
OI
EAEEAU
994746
995025
1000748
45451
1008307
39810
26984
1017643
1023173
1032391
1033437
1039280
1040012
1040853
EEUAIAUUUA
1038158
53460
50559
51511
1044445
1054094
27542
1059143
1060621
UIOEOII
1061125
1062406
AUAOIU
AAUAA
65489
1045840
1046077
1055000
1062241
18795
1071730
49495
52012
1077770
1081204
1086828
1094966
49495
1098422
1101330
1111152
OEI
43326
35212
50627
UIOEAIUIA
1088631
1088726
78814
37969
39784
OAUOOE
IUII
1071764
61708
35883
1075226
UIEUII
49826
28738
37969
1070364
1074576
68801
UIEUII
38726
83042
1076734
1077409
27542
UIEUII
1082224
1090053
UIEUII
1088761
UIAOAAAOAU
22025
52012
1084190
95480
63347
1092226
1100139
52012
42444
41158
50627
AOEEUOOEA
39963
51187
1084793
1085882
1092438
1099720
35223
1104662
32420
1107502
1112061
54388
40899
52649
1119337
1121041
55617
46549
1130237
22025
AOEOI
21816
UAUAUOOO
1097422
1106200
IUII
24305
1095867
50627
1099007
1100309
1102303
47007
IOEEOUIIIO
1092033
1094390
UIOOOI
1082247
18795
1087789
49997
1087933
1090640
56842
21816
1092042
AEA
1092337
1096507
1104670
53000
1111072
49033
1111083
32732
AEAIUIAE
1093806
1102430
40519
EIII
24565
42658
1099739
78814
1106503
IIIAAUAU
26709
1103643
21816
35223
IIIO
1105756
IIIO
39963
18795
53875
28738
1106540
42197
1115345
IOEEOUIIIO
1109998
OIUIUOUEOE
1091113
55515
46118
1091695
87764
55194
1094766
1102574
49997
1105528
30935
28957
67384
1106319
1112154
1119641
1122525
1127661
1132413
1135559
1145452
51434
1150870
70956
1156700
1166673
1172776
UAOEU
1152512
45451
UUOIOEI
33516
1145204
1150384
28018
1152170
66106
51425
1160231
19904
1168874
UUOIOEI
39955
69643
1168766
1172695
52309
1179563
1182943
1183239
1187471
1196077
UUAEEUE
EOOEI
1176496
1180395
51117
26570
OUEOOEAOI
63347
1167334
1172595
EEAEEOUAU
40519
52012
51434
EOAOOEI
AU
47007
1121383
38653
1124159
1131516
1133573
1140162
60462
1141665
1146815
1149853
EAEEAU
32709
1140206
49495
70956
55194
1147832
EIAO
44934
45997
1140151
70956
39259
1149028
54727
IO
1125510
18795
OIAIIEAU
1114621
32420
1121713
1123750
1129467
1131056
32420
1139611
1145706
1151178
1155611
EAO
26348
51434
116298
45390
1158178
1158870
22813
EOAEI
1152146
63548
60265
1157573
1165558
1166078
56622
91411
50701
1172267
1174407
45997
1177567
1186511
1190443
32032
27506
AOO
1179205
50465
1184184
31252
59835
1193053
1200784
EOEOUIEUE
1178968
1179157
1179971
25084
1184256
1190326
UU
1172071
1181304
40519
69496
892
51187
1184936
1185418
1187983
1195278
33488
19904
49927
1197981
1204208
1205428
1208502
47317
66613
34239
40840
18795
40242
892
1217898
53532
1222969
40899
1225765
1227669
63791
1228636
55515
1231129
1237852
UOIUIEOU
1234083
1238601
28018
52012
1246261
1249227
54941
44934
30755
1253298
40840
59401
59401
IIIAAUAU
1242469
74067
76656
33488
1250759
57152
1258651
1266444
1271585
28006
40519
59417
59417
45997
75041
AIAUOOOIAU
1263717
27506
54316
UAUAUOOO
1244086
1252617
UOEUEEIOOU
1243286
40899
1243738
1251354
27506
1252234
48857
EOOEI
44505
59503
1249762
1252992
52270
1258333
1260895
58211
1265265
1274053
1280951
1286915
1295893
1297591
1301644
1309961
52452
60462
37969
OAO
66311
1290373
1300274
1309372
UU
1303961
1304859
49927
1311024
IEUA
IUAAEUIOAE
1271700
1281134
1287716
59277
1292872
1300822
1301868
38877
76656
1310569
1312355
1319845
OI
1320048
1320898
35358
46118
69187
1324634
35992
54316
21816
1331914
1338054
1339239
1348700
69496
OI
1351632
1359307
1365047
74118
1369853
1379432
1387080
61640
34441
1396320
91533
1397470
52166
1404960
1409990
1412694
1416772
OAIIOA
1390445
74118
51187
34595
1391747
1397412
1404307
1413638
59401
39259
1414646
1415632
UUEEOEEA
41857
1402313
1406692
77171
53460
18795
52412
UOEAUE
1400038
1405260
77171
1412535
1413181
1418146
45381
1425525
54727
1433586
1437576
OOIAUAOE
55767
84553
1437470
1439314
1448574
1453301
30755
1462520
1463543
AIIAUAEAEE
1455699
E
43468
1446512
1450945
49779
1453505
1456738
1463110
1470849
34239
1476829
26740
1478598
1480148
21816
1483160
87764
1490929
34092
1499375
IOEEOUIIIO
IOO
UOUUUOAI
66036
1437973
1445294
U
54977
51187
1426485
1428792
1432857
30755
OUAE
77171
1416051
1424406
1426748
39259
47251
1434429
1434878
1437824
1443631
AIEIOIOI
1418902
OEEI
37435
55190
UIAOAAAOAU
1407161
OOU
1389032
1395380
59503
41857
64185
1404886
116298
1414237
1415710
1424729
1432127
59403
1433202
48984
70682
1435005
65337
1437819
EOAOOEE
OUAAUIAOIO
1393559
1399542
1408275
81503
28018
81503
1413785
44394
1415216
1424695
48163
1427664
1429822
1430514
IIUIOEOA
1426961
52161
49857
91817
1428378
49927
EOAOOEI
AIUAEAIAE
1405233
23297
25084
IEEI
UUEEOEEA
1359861
UAOEU
30101
1352982
1360597
38098
1366017
1366929
1375614
52912
1380294
1387965
IAEEAEOEAU
1375938
IAEEAEOEAU
1382320
1390799
1396806
51511
1402017
1403999
70186
IAEEAEOEAU
71258
OOO
41453
69187
1401113
1406095
IUAU
29391
1410380
1420276
63548
1429580
1429957
91817
1430291
43326
1431630
1439684
1449328
OEEI
1439132
1444953
59401
40899
69187
UAUAUOOO
1429506
66613
49927
1433825
60066
1440407
65337
60066
25744
EOEE
100927
81503
1430011
1438119
1446236
54316
EE
1431088
1439699
OIUAUOIAII
63791
1434106
1439836
1442535
1444980
19796
EEEII
OAIIOA
1423398
1428989
40899
48163
50701
91533
AOIUAUEU
UOI
31252
52669
UOI
EUO
1360740
1368605
51726
1373547
1375395
1384388
1393930
1399569
54727
1400143
UUOIOEI
1388016
61164
IIAOUEEU
1364197
34917
1367550
1373765
1382707
1391950
47317
85058
1400022
83163
1407085
45158
41994
1414178
1417076
OOIAUAOE
1412672
OOIAUAOE
1414221
1419608
1420338
63791
1425585
34875
IEAOOAOIU
62940
1417601
1422646
1424978
OEI
OAOAUIIA
UUI
1355037
1361672
1371399
1380722
36378
1383912
1387794
24566
1390127
1394590
1399899
1402675
1404435
49137
1407836
24566
1414492
1417128
1424539
1429230
1438395
1441795
25744
1449102
1453390
1457060
32656
IE
1451802
33126
54651
68099
1452549
1458267
1462732
IE
40301
1464242
48857
59503
1467984
1476421
59401
78814
1476579
EEAAU
IEUAIAAOA
OAO
1435564
41994
AOEAEUUEA
1438203
1442849
EIIAOIUA
1423829
IUIU
1412504
1417387
49137
74118
1425919
1428794
1436553
45775
89258
1439107
1447537
AEUEOEUUU
50701
95480
AOUO
AUOAEAO
64277
1412838
31736
1422337
70682
1430832
52892
1433779
67956
1435908
52967
UIIUAUIEA
1407963
1409751
45158
1413547
1414047
44394
1420625
OEUUAEUEOA
OAAUO
1388742
I
1374113
1379946
1386967
1391124
1400024
1400433
1407325
20587
OUO
OAU
50702
OIUOAE
OIUOAE
1355377
EI
1330127
32974
1333161
1341060
1342781
AEOEUO
OOU
1318340
1319799
1320496
63998
29481
1325269
1327108
1327684
1328985
EA
1312073
1316103
IIEOIE
49771
AUAAEAOE
1285422
1289771
OAO
1293533
71076
59503
1301374
1307344
1316378
1320471
54719
OAO
1322499
84621
1331917
1341148
1347527
1350462
69364
OEEI
IIUIOEOA
1340606
33466
65437
1340682
44723
1345006
OAUOOE
35181
1334929
1335063
84068
1337707
1339690
UOOAEAI
1317328
1319608
66409
50921
1322242
84621
1326504
1332412
1340210
1344874
54727
1345122
74766
52543
32974
1346019
1352599
OEUUUE
59503
1339028
1348134
1357620
48686
IEUAIAAOA
76565
61237
50322
1336885
1346457
1350804
78083
54727
1357456
60816
1364591
1371725
IAEEAEOEAU
91933
1359766
1365111
1366103
1367261
IIUIOEOA
1345243
AIIAUAEAEE
82226
32974
1338357
44394
1346612
AIIAUAEAEE
1341214
77189
30755
1345752
1353526
EOEE
1345568
1346080
54727
1346329
119346
1351508
41284
69099
35181
1356738
1364642
1365647
54006
1366797
1368349
1375850
30755
1376742
55470
UU
1370143
1371167
1380978
IA
52669
1366822
1375207
1384499
1390996
40211
OUAE
1381963
59298
1385592
1388824
31512
63069
1398228
68099
OOIAUAOE
1403479
1406355
1406435
1411518
1412732
1421123
OAUOUII
48857
IUII
1404162
71076
54423
UOOAEAI
54719
53879
1383346
1384011
UOOAEAI
1391641
1399669
OIUOAE
1399442
1403863
1413019
56162
1413585
1420008
UUOIOEI
1407951
44390
1409808
1413597
1416934
1426245
81846
1430881
1432985
1435892
1440159
1442540
IIEAAI
1430963
1437427
64433
1445615
1451538
1458887
52309
AUAUAI
59163
OI
1452282
EOEOUIEUE
1435088
1436348
1445467
1451519
52916
95927
50322
1461347
42449
1461565
81846
1462371
1463450
EOIAUIA
UIOEOII
EIIAOIUA
1425659
1425842
1426153
1426688
45158
1427147
1427642
1431479
20587
1439521
38309
1444586
1448882
OAUOOE
1435221
45159
50370
1444577
IAAA
1432967
1434439
1437007
52916
1445174
49466
75001
1445694
29481
1446057
1452743
1460718
1470088
1479258
1483647
AUAOIU
1462939
63323
1471537
1480617
O
52161
1477406
52596
UU
1457545
43178
OAUOOE
1450856
1458878
54727
EOEOIOOA
UUUOA
UIE
52860
54045
104901
35133
1404327
20587
EOOEI
EOOEI
40527
1394703
51780
OAIIOA
1383931
1390253
1396821
78815
1400570
1405811
1414139
1417541
1423028
1429867
87615
68970
1433130
51557
1433321
AEIU
24468
1409092
1414542
104901
AEIU
1419470
95480
1426234
56018
53566
104901
1433893
1435470
1436490
1439429
1443273
1447753
45997
1456212
1463948
1472769
1479894
1484758
1490592
OEUUAEUEOA
1477374
1484644
40918
1485847
73867
1493249
66719
47832
1494142
1495208
1498317
1500127
1505526
1507158
1513781
45158
59266
59270
OOI
1500870
1507123
1516276
1520521
63474
95480
54451
54103
1524581
1533186
1540754
AOUO
1519533
1528148
63474
UEAAU
1502206
1506448
52916
1511144
59298
1512465
1520663
UIEUII
OEUUAEUEOA
1493260
1494028
59298
1494588
1498712
57830
1508697
OEUUAEUEOA
119346
62815
1502397
71628
1508453
69044
1509582
66409
1513274
58782
1514824
1517989
47251
45158
1523052
1523563
69364
24468
105245
1531536
1532220
OEUUAEUEOA
53578
IOUIE
OOI
1493922
69044
10105
1498234
1502584
1505925
1514754
61797
EAAAEE
1498790
1501428
51557
1510295
40438
1517929
1522100
1530864
54176
54103
1532337
1540710
1543620
1552403
AIIAUO
1545707
1551973
1557310
AOO
1536621
1541850
69044
1544676
UUEEOEEA
OAOAIIEEEI
1494492
1500674
1509386
34915
54006
1513146
54423
1523102
1523245
1527203
1532181
1537777
33750
IEAOOAOIU
104901
65258
1525071
IUA
1512763
71985
81846
52042
1519351
1527659
78132
54006
66106
IOO
1516403
1525535
66106
1532607
1540550
1544467
61797
EOEE
59354
1531269
OUAAUIAOIO
40438
1528352
OUAAUIAOIO
32076
1536736
50913
1542048
OUO
1535315
49827
1544863
66501
1552792
1553675
1561669
1562149
81161
24468
1572033
1578869
1587919
1595656
1601537
1610314
1618969
1621646
1624345
1629002
1630160
81780
UOUA
54229
1611131
44625
57075
1613812
1616038
UE
1608978
77733
44723
86084
1616821
30755
66409
IEUAIAAOA
1604567
47004
76589
1608235
66409
76589
1609232
1616704
41641
1623707
1625964
AOOIEE
49409
48388
1605682
66106
1610205
49760
1611101
51478
1615596
125076
1621486
1629243
1636044
1640705
IIUIOEOA
35792
1645950
72101
1653039
72890
49827
71554
1654543
1664257
IU
61611
IEUAIAAOA
48388
54229
1651295
33466
1660149
1664049
1668930
63139
76589
1677897
62025
80575
65539
1684473
102986
1687694
15150
1690449
1696794
71985
25084
29481
1705154
1713679
1718873
1725722
63474
109672
UOEAUE
1721954
40438
IOEEOUIIIO
1713102
1718868
51557
54229
60816
51478
60286
1721890
1724524
OAU
1718887
IOEEOUIIIO
69820
61611
53445
1709452
AUUUIAAI
1692285
1700797
1707744
1710789
1716142
AEUEOEUUU
1701380
24468
1706321
1713811
44677
1714903
1716380
IIEAAI
1692385
1694135
IOEEOUIIIO
82226
1685711
47004
51478
35792
83125
86084
1686756
1687637
1693504
1698058
108645
1700207
1705740
65417
1711326
69718
64468
70634
UE
63323
OIUIUOUEOE
1681580
1686782
49409
1690932
AIUAEAIAE
113746
UUUOA
1670863
1678129
1684211
54885
IUAIU
1684865
40918
77189
35792
1686460
1688224
AOUO
25084
EOAOOEI
48388
66844
1658764
1659540
1661267
1668216
1677007
1683399
1685528
1689236
UIOEAIUIA
1661786
65096
1668958
1673453
1675283
1681560
1686935
1695181
IIEOIE
1695340
87615
1703260
1710238
1716849
59428
24468
OUAE
1712478
54421
1714180
1717621
UEAAU
82543
53578
OEUUUE
74301
1691807
81161
48121
1701719
1705461
OEUUAEUEOA
59266
45965
74158
47004
1685809
1688633
1693363
1695013
1704093
EI
69609
1689441
73867
85388
1698357
1705060
63830
73867
78132
1714100
66391
74860
EOIAUIA
49987
1700698
91237
69459
1710548
1714812
1721443
65539
EEAEEOUAU
1709230
1713402
39315
1716271
1716404
1720492
39315
1728705
77795
IIIAAUAU
1707981
1708493
EOAEI
1710786
OAU
AOI
EOEOIOOA
60925
1663325
66844
69820
41641
1670403
AIIAUO
1657159
65895
1665475
48121
1675002
1684036
AEA
87615
53578
AAAOI
1661127
1666880
1670696
AAAOI
1669458
1674006
AOEEUOOEA
1657691
1658491
1660976
1669950
1671937
AOEEUOOEA
1674437
66138
1675542
1681983
58876
54229
1683714
O
59558
1680518
1688449
80120
1696976
1699496
1706882
O
76706
1709145
1713580
1718696
1726376
48857
EEEII
1715354
1718668
1728069
1733774
61611
IIIAAUAU
OAAUO
1695033
OAAUO
1695223
1705141
1710172
71722
1711066
OAAUO
78132
45997
AOEEUOOEA
1685573
OEUUUE
27375
80575
OEUUUE
48857
AUAUAI
1662744
1669116
27375
OAOUIIEEI
1667174
108571
OAOUIIEEI
1671606
EIAO
1655450
IIIAAUAU
76157
1651157
1661122
OAOAUIIA
117992
1652711
1657938
1667210
1674275
1677035
1681728
UUUOA
67280
UUUOA
IIAOUEEU
76157
1656710
AOIUAUEU
1657558
54176
UIE
1649255
93360
IOEEOUIIIO
72101
1639746
1646788
1649414
1655781
1659513
66871
1667867
1668638
IOEEOUIIIO
UE
45997
1651429
1659232
30755
1665883
1669387
74763
52916
41844
UUOUOE
100946
1669159
87438
95923
1670740
45414
1671546
44625
1673375
95923
72732
1677510
73055
1680578
73055
85388
1689915
1694352
54229
1702018
1704914
117992
75341
81436
1711929
58270
1721649
1722208
1726750
1732997
1741577
67280
1748874
1751915
88452
61969
1753779
1762518
IIEAAI
1750988
1753501
OOI
1742233
OOI
1747075
1755593
AOUO
1750904
1758949
UIOOOI
AUIIEOO
49466
77512
40438
85457
65096
91510
1754782
80120
AUIIEOO
48121
59266
1761025
1767698
1772490
98323
AOO
75003
104046
1758254
1765434
1766338
EOAOOEI
120667
79379
1754515
1755078
1755106
1757699
1757761
56016
1766714
54575
1768167
41844
1772040
1773901
73055
1780569
30755
OUO
47649
AAO
59428
UOOAEAI
EOEOUIEUE
UUEEOEEA
45965
58812
65096
1692131
1695385
1699160
1699865
92709
1708923
48857
1710722
88732
90495
72890
1716559
85457
77795
1725983
1729763
65096
70485
UAUIU
OAOUIIEEI
1694932
E
1692875
67834
68256
OAEUEIAOUE
1680365
28847
1689074
108645
69799
1691436
OAEUEIAOUE
1695262
1701240
1702322
OAEUEIAOUE
1702368
1706375
1713312
1719608
1723015
EOEOIOOA
1726439
IUAIU
66473
1722752
1727850
1731349
1732608
1734676
1742617
71990
1747262
45997
1754168
1760377
71866
1762890
54575
1767990
UOIUIEOU
74851
53108
1765014
85664
1771739
1778100
56016
54114
I
1756755
UUEEOEEA
48857
95927
OAIIOA
UOOAEAI
1716823
72895
48121
93360
1720322
1723767
1727621
1729216
61041
1730573
56016
45965
57299
OEI
1712136
1715032
59501
35527
1720880
58322
61041
1724430
63575
1732869
UUEEOEEA
47004
71351
69799
1730644
IOUIE
AUAAEAOE
1720804
1724762
1729376
73867
1737254
AEOEUO
72895
1719609
90495
OOAI
OIE
EAEEAU
67351
1675599
1677648
40209
1685195
49987
1693487
91737
1701383
1703866
71597
1712531
OUEOOEAOI
66292
112359
1700657
42467
1708689
OAUOOE
1701504
65096
OEUUUE
OEUUUE
1691229
1695545
55788
1702735
1712225
II
112935
37687
1712646
59428
UOUA
71866
91510
1695554
83960
1698437
EAO
64484
35527
41641
1697533
1703183
1705391
74763
87615
41601
1707755
101547
1708198
1717522
1724797
1732018
UOIUIEOU
1712702
1715256
UOIUIEOU
1712507
88452
1719683
91532
55704
1727093
1730406
1732241
95373
1740057
UIIUAUIEA
69799
90495
1733373
1733958
1742915
54114
1746375
1748619
1755083
1761543
49987
28847
1766071
1774270
1778704
1785903
90746
1793826
58337
1800323
1806979
1807350
55470
1816329
1824527
1827889
90495
1829729
1838766
1845729
67657
98323
1853442
89087
1860996
67945
1869221
1874150
68693
1874875
AOIUAOUUO
1857975
AOIUAOUUO
1864312
90495
35527
1865228
EIIAOIUA
EA
40166
1812923
AOOIEE
AEA
1802600
1806728
1815224
U
38535
UIAIUA
41641
1792865
43441
49466
OA
1776010
1780217
39315
1781929
1791205
68693
1798645
37687
1805196
91737
120864
68865
1805571
1806653
1811990
AEAIUIAE
AEA
OOU
47589
63118
1762672
1766343
EIIAOIUA
1763696
1768193
85945
63118
68819
66844
74050
66617
90439
IIIO
1762083
55550
AUOAEAO
1753238
75341
II
1734761
57652
79324
76178
1740312
1742594
55694
UIAOAAAOAU
94239
1730052
IIIAAUAU
OEI
108571
104046
1710134
68559
1711495
1715291
108742
60897
136714
AOOAI
IAEEAEOEAU
70744
EIII
1643513
55788
39315
1652573
1658243
1661571
1667287
91510
82834
1667824
1674257
IAEEAEOEAU
1672372
1672541
1681388
OUEOOEAOI
88813
75341
1672311
AEAIUIAE
1669302
1675300
1676933
1685047
1690147
1697974
AUUUA
EIII
69799
1664516
1672655
1682530
50238
1691693
58322
45968
73127
1693424
1700121
50256
1706466
58719
1714778
AOOAI
1703668
37703
54114
84586
1713520
85457
1713639
65197
90746
OI
1701022
OUAAUIAOIO
96317
1683214
1692854
57652
91510
1696584
OI
1675094
1682907
1690612
66111
90495
EEAEEOUAU
1671972
EEEII
1661053
1663165
67889
EOEE
1648070
85457
1657509
1660271
1665538
103274
33914
105531
85457
IEAOOAOIU
94009
1645336
87961
UA
1643814
IUOUUOOAI
1637743
60359
91510
1645151
OOAI
1624125
1628175
1635605
1636199
71978
1637358
1640183
1644665
55660
IU
IU
78132
58992
1631530
AOEEUOOEA
76799
1616268
105531
91039
59823
88974
66652
1619014
1621483
1623817
84505
1631743
AEUEOEUUU
88974
1621130
73865
1626637
1632807
80005
1633560
1635950
74517
55660
1640593
1649644
1655416
1664082
1670264
1678137
1683235
1688342
AEUEOEUUU
1693089
1698640
1699265
1706018
1707804
1709027
104046
85744
57031
1711421
1712509
1713850
EIUAE
1699740
1705375
1705442
1706730
OUEOOEAOI
75341
71978
AOEAEUUEA
1681900
1688076
1695002
1701513
109498
1705100
1712498
OOUEOEEO
1710533
OIU
1687826
1695782
AOIUAUEU
70485
1690700
IUA
1671738
55660
1673178
1673341
98499
1675555
UOI
45965
86594
AAUAA
UUEEOEEA
1626875
1635031
1636437
1642715
78132
70556
45916
40285
1646522
1652171
1659710
1661865
1663329
1668518
1669949
1675744
63474
AOIUAUEU
1656546
1659632
89754
1659913
1662730
1669974
O
OIUOAE
96895
1650568
95204
IUAAEUIOAE
IUAAEUIOAE
85664
EEAAU
70744
1600346
72559
AAIUOUA
134397
1581177
1590743
1593017
78454
AOOAI
1564878
AOOAI
1570182
1578032
97948
55569
EI
1564887
50614
1568557
84586
1569476
IUA
1559938
OAUOUII
UIIUAUIEA
1528857
75142
73761
1533828
OEUUAEUEOA
1526042
96317
1533140
1538158
70397
74889
1542835
1547504
1553315
1554648
1557962
1565471
1571944
1574238
1580329
1585270
1592129
78821
1595903
60925
1599527
UOOAEAI
79218
IAEOUEOEUO
1590164
1595942
1600172
121082
1603993
83793
92245
UA
1594132
1600732
1609701
IIIO
1600790
1600818
1608553
71864
IIAOUEEU
1609889
IIEAAI
70397
1602520
69160
73254
63711
1604060
1610942
OAOAUIIA
1601615
1609749
1617874
1626496
OOI
46042
73055
1618163
86594
1624704
70744
1634402
1635134
93641
1640800
95204
1647889
1652188
OIAIIEAU
UOIUIEOU
102041
AAIIIOEUA
1611598
1614275
1623478
1624140
1631716
1636675
105531
79592
37126
57652
1642131
1648822
1652343
1659301
45965
1662315
63711
61453
1669308
57652
1677734
UOIUIEOU
1657037
90906
1657636
1664336
55978
45916
UIOAOO
78938
37126
126541
50016
61453
1653526
1662565
1668335
121082
98499
1671251
1671277
1678042
1685927
1688209
UIEUII
1674108
1678935
1682298
EOOEI
81251
1678790
EAO
AUAAEAOE
1642429
70744
OAOAUIIA
1623711
AEI
46042
1622324
1624460
100515
1625927
73761
AAAOI
1609045
1613901
UIUAEIUOIO
1590885
OIAIIEAU
1582977
65197
EO
1566003
112461
AUAUAI
UAOEU
UAOEU
69367
1535877
1537817
108742
1545937
80620
140487
55649
100515
1548861
83424
IUAIU
1543930
1544099
1546775
60300
53608
84696
83415
EOAOOEE
66774
1543817
UOUA
1534668
1540586
143774
1548429
62937
1551299
92159
140487
1553112
1553376
1558430
129903
1562501
1568912
1569726
1574183
127629
1578210
71883
1585878
1593416
91510
UOUA
75090
58825
1599584
86554
1606885
IUII
98499
1606328
45119
UO
1605799
1608079
76355
1608494
UO
1614419
92643
1615794
104174
1620619
63711
1622439
79592
109498
1627761
IEUAIAAOA
89066
1599414
108742
1605102
89576
87544
77432
100515
102990
89576
1613753
83415
50016
89066
54590
69117
89066
93641
1617527
1623886
96895
EIUAE
OOUEOEEO
1585757
66504
1591894
AUIIEOO
1579189
1579809
1580145
95255
IOO
1576972
1582219
AIAUOOOIAU
1561265
1565486
104885
1575157
1577162
UUAEEUE
84696
1569327
46042
AAIIIOEUA
1550670
91510
65474
AAIIIOEUA
AOO
148017
1547357
83710
138788
121082
115835
1554819
105531
1562902
45119
EIIAOIUA
1548927
1556991
106522
82379
83710
I
83415
EIUAE
1524673
UUEEOEEA
91510
1511986
84136
UUOUOE
UUOUOE
58322
69725
IUAAEUIOAE
106522
1478209
104440
1478428
1484816
1493806
IEEI
1481700
1491155
1493492
AOEOI
66774
1476429
OUAE
1470469
82744
OIE
1451070
68601
1456329
77790
90617
1464229
1466780
68601
94521
98677
1468956
EEAAU
1460284
UAUAUOOO
96895
1461952
1470168
OUEOOEAOI
1466235
1470302
1471220
1476113
1481709
102372
1483100
1484176
1489665
95452
1496437
66774
1498369
1506958
AU
1507446
AUUUA
EE
UAOEU
1439751
74763
107152
1445504
1453926
EAO
1437634
58027
63591
1441586
EA
1418401
1420590
68601
1425494
OIAIIEAU
1418271
1427551
1427861
1435282
93949
1440005
1447420
104885
104885
77790
1450840
62052
95807
1459555
77625
55676
1469183
1476784
55569
1484910
1488211
1495688
1499517
1508788
78080
1517963
84586
69160
1519749
1523094
1526828
EEAEEOUAU
1510289
1516437
66473
1517615
69160
95971
56425
1521690
1521844
UOI
90467
1522985
1526739
1526889
UIEUII
96895
77432
1512880
81885
76482
1518759
1519952
95807
79592
1528960
77175
1529661
76355
109586
77432
UIOEOII
68329
1523581
95786
77625
66238
1524319
72906
89480
72481
89576
1531430
IOEEOUIIIO
70397
1536469
IOEEOUIIIO
117379
77790
1541067
1549968
1550301
46042
1558339
1561688
EOEE
93018
AU
1520277
1528196
EEUAIAUUUA
1516255
80791
1519988
60935
66473
1528555
158490
1530019
1530674
1537934
AOI
1540423
1549105
1557665
AIIAUO
1552918
1558285
IAAA
1556714
1561880
89306
95204
77432
1564340
UO
58322
IEUA
1531150
1533480
111856
55704
1541421
1542891
1549591
111856
1556408
OAAUO
87165
UIE
EI
84923
1535520
98499
1538103
107491
1545897
OIUAUOIAII
87152
1523908
85697
87951
84586
1527956
77618
1530251
1533592
80930
OUO
1521731
121082
78792
89066
1529902
91849
1536942
1541614
144433
1542985
1545196
1546830
107152
1556008
AIEIOIOI
59758
OOOUU
1511657
1521607
56503
1522661
70744
OOOUU
69928
1523111
1526650
122993
1528226
60935
1535316
67280
87951
87165
1537256
IUA
1524730
64711
60657
83424
1529418
61858
UIOEAIUIA
56503
UEAAU
AAEOOO
66857
78140
1493631
94521
1502128
1511574
1517671
1523393
84256
1532942
95252
96895
1537285
1537680
OAUOUII
73427
117379
111687
73548
102372
55876
OAUOUII
120713
1531295
1537100
87165
IUII
1517320
55876
1522559
AOOIEE
1516721
68528
1526515
1534453
115308
1538871
1544093
73245
1554003
141465
77432
40209
1557986
1562110
OIO
1555035
1558624
1562871
EEEII
OIU
1537657
1539727
63881
78140
UUAEEUE
68528
1523404
1526499
1534781
1535471
77432
72481
89066
74238
EIIAOIUA
1515721
72481
1517010
IUAU
99567
1523086
1523707
111247
109586
1525461
IUAU
1527241
1530427
UUI
1513118
1516875
1519192
1519248
UOUUUOAI
1503964
121082
1513443
1517165
1517317
1522254
UOIUIEOU
80987
UAUAUOOO
82364
74795
1508888
UAUAUOOO
1510311
1512661
1512861
1519432
1524855
AUIIEOO
II
1497186
1498186
II
84164
1500049
1504403
UIAEEIUA
93233
UIE
1480081
UIAEEIUA
1459308
1467418
1469949
88928
1473173
1481924
1484935
1488321
1497763
1506350
1514549
109856
AIIAUO
94914
73804
78481
1491942
93622
89856
1497535
78792
64355
93113
1501927
OIE
91470
64711
1491670
1501332
OAO
70999
IUAAEUIOAE
1470273
1471366
82386
1477668
108743
UOIUIEOU
1470875
1478531
EOAEI
OAUOOE
OUEOOEAOI
1432240
1436135
1437078
121832
1445483
130222
87460
1451162
1459296
OAOAIIEEEI
93622
1444351
104440
60935
1445160
1454636
115308
1458392
1460986
1467807
91614
OEUUAEUEOA
IIIO
1434154
IUIU
1422292
69199
UUOIOEI
74238
71062
1412693
1419412
1428092
46042
1429450
1435534
1442006
1451221
56425
1458405
1466803
1474962
113885
1477628
1487355
1493904
93625
84164
EOAOOEE
102169
1482833
1489896
1490804
IOUIE
IOUIE
1485598
1487984
1496889
1503485
97046
1511670
60935
1513115
149994
90836
UOOAEAI
74238
OAAUO
AEIU
1480612
1484165
64711
91614
1488752
1494240
1497326
90668
123631
107491
1499444
1504585
1504621
IEUA
1497540
1507496
60935
76388
39280
94773
1509034
109856
1513961
113167
UAUIU
1504980
1510127
77625
1515520
1525496
78792
1534620
79461
1537038
1545947
115308
1555864
1555963
1559650
108743
OIUIUOUEOE
67898
1552970
1561809
1564788
AIAUOOOIAU
1551005
74795
98222
1558484
1562643
UOUA
1544993
1545140
113885
1554947
1563554
1568249
111545
1572644
AUAOIU
1555582
1560717
56006
AIAUOOOIAU
1543027
80930
99568
1550337
46042
71810
1552679
78792
91870
1561150
EIAO
1544569
80791
1549397
1555910
109856
67205
127629
OAOUIIEEI
OOAI
1549840
62417
1557386
OOAI
1562873
AOUO
96734
109431
86426
1543149
74238
1550653
80930
96895
89306
1558588
1560093
74213
91249
78481
1565659
1568611
1575141
68601
82161
56006
1581270
96895
1590527
102169
OIUOAE
1596191
1602598
1605807
1610239
1618800
69199
77625
121897
1619050
1621129
1622508
OAOAIIEEEI
OAOAIIEEEI
UO
74238
I
1582792
91470
127286
1591077
1593673
1595283
1604927
1608202
121897
OIU
61906
1591493
91681
1599746
AOIUAUEU
91470
IEUA
OEI
91681
1562091
1564188
EIII
1546200
1552960
UUUOA
118707
1556066
89525
1557031
1558843
1559417
1561330
74060
77856
AUAOIU
73454
AUUUIAAI
UUI
105835
1541813
1550062
1551641
79840
1561241
97150
1569110
95373
1573860
78772
108742
1579600
1580753
AEAIUIAE
83488
1579238
1585610
1591462
1597803
70917
1607563
1616714
98677
1619347
1619505
IAEOUEOEUO
OIUOAE
73454
159246
46042
1597660
O
126617
97150
1586022
105835
101788
83736
1588938
1592883
126617
67280
1600330
1609728
UOEUEEIOOU
1582137
1584981
1589860
1592709
74060
75624
1601824
1607897
IAAA
67661
99984
87759
1608584
1611747
EUO
56503
1606845
1616355
115308
111465
76388
74213
1624306
IU
1611847
84978
1612029
1621394
EOEAEI
EOEAEI
118054
U
EAEEAU
AUOAEAO
1558643
80791
63881
UEAAU
1551503
1552648
1557631
127247
99568
96682
96682
1562606
74060
OOUEOEEO
1554205
116040
1555309
1559124
93622
1565453
OAOAUIIA
1558563
67898
IU
77856
102452
1545278
1553745
1559839
1562405
1571774
1580374
OAEUEIAOUE
83229
OAOAIIEEEI
1567140
IEUA
1547373
1551985
1556937
1563336
UOIUIEOU
1549597
AOEOI
73643
98677
89599
129087
AOEAEUUEA
1528250
80092
1531186
1534451
66550
1537185
1544273
1549076
1557215
IEUAIAAOA
105389
OOAI
1521273
68652
AU
103550
OAUOOE
98897
1486057
1487917
97637
1495669
103167
1503972
97046
1508347
1511504
1513312
1516314
1520507
1524419
1524566
101788
96971
103550
63881
OEUUUE
IA
75702
1509904
1512202
IA
56503
1515396
93364
OOI
1505628
1512148
72481
1520506
1527464
1529188
166653
1531998
1541791
73546
101698
1544636
95602
101698
138525
41950
1547362
1553107
1558269
1566375
1570010
1577035
1586383
58793
1586665
110125
1590898
62893
1595115
UOEAUE
82859
129133
1572451
1580745
1581971
121145
1585052
96734
80930
1588965
87504
UIE
1579974
131963
1581891
1589315
114555
1591886
93018
1597044
1601410
IUAAEUIOAE
98380
1585301
118004
70917
66504
1594764
66465
121495
83647
91012
97637
91012
1597915
90718
1604620
1610817
OAIIOA
IIEOIE
1588258
1596209
80494
84372
1597940
1598502
1602859
1606948
OIO
IIIAAUAU
66550
1572640
OOUEOEEO
87646
1550294
1551917
1558792
1567522
IEUUUAUEAI
1554973
OIO
108742
OEEI
1519060
1522829
61906
118004
97791
AOEEUOOEA
75973
121145
1517832
108140
1518959
UAUAUOOO
1500053
1506731
83229
1508015
1514566
1518091
AUIIEOO
1505801
99984
IIIAAUAU
1505674
UUOUOE
1486252
IIAOUEEU
1467432
1471911
1479916
1483924
1486361
OA
1460077
1461710
1469193
68652
1477002
1483408
1493296
1493971
126092
OA
1498567
1500083
1503029
1507569
1514639
OAO
74238
1496428
97791
1501871
1508824
OAUOOE
1483546
1490209
83478
1496535
1500680
1505925
87504
1515433
1520436
1522673
1531163
1538951
1542943
OEOIUIIOOO
64711
1528317
IIAOUEEU
103550
1532791
1539633
1547416
106320
1547733
1554530
1563982
115004
118586
115308
118137
99984
1571999
1579430
UIAEEIUA
1556478
1566451
66504
46042
1570389
83478
85816
83398
1573845
1573978
88657
108140
110739
1583971
UIAIUA
OIU
1555945
1556208
1563568
1563629
84281
1566011
1573583
1575334
90376
1584280
85845
1586481
IEUA
139888
159481
1573750
1575518
1584794
1590515
108149
1594079
88174
EOIAUIA
1578765
116134
1581239
1587449
1595313
53362
OEI
AEOEUO
1573056
1576440
1585343
OA
124608
1570031
1570486
1577217
1580668
1584655
IO
AOEAEUUEA
AAUAA
1537228
1543029
IIUIOEOA
1536604
1544369
77089
II
1534295
1542378
1551942
1553178
1553638
1562665
98380
107434
112457
103695
101049
139888
1563989
1573790
75973
83398
1583092
AUAOIU
1557158
1558576
1568176
1573565
121495
175150
1579537
1588072
UOEAUE
1566703
1574442
OEI
OEI
106320
1552948
1554582
OAUOUII
1545006
1549387
1556528
105813
EAO
114555
167591
94447
1549953
141018
141018
1555401
64872
85669
1560928
1561850
1569155
1571060
1574861
63947
EAO
1570934
1579142
1582575
1592161
1601186
1606349
1611551
1611589
1620105
108140
EIAO
1597770
101698
1604962
79840
OAOUIIEEI
1595212
1604527
135682
72737
1605576
87759
1613996
63947
78080
1623267
1633063
83229
1633475
1634921
U
92907
130222
1623041
1629114
O
1605233
167591
1607178
1611336
1616618
1620053
OAOUIIEEI
1620714
94773
1624686
96971
1631978
106436
63947
IUIUIEAAE
1614389
141770
1616996
95159
1621226
91614
1629482
84372
1635196
1638157
1638342
87134
118004
1645822
80213
UUUOA
UUUOA
1626968
1632608
119137
1638253
1643268
144475
1647431
1652610
1655056
119395
1657123
62952
1660895
1661958
OIO
130222
83647
82276
46042
1664361
1672433
1676861
1685586
1692980
113312
1702555
70917
1705009
1713058
1714138
104381
83647
AIIAUAEAEE
119137
1697942
72737
1699998
99568
88197
1709012
1717388
1718847
1725312
OEUUUE
125540
UOEUEEIOOU
1686655
1696436
1696856
106436
1701714
1702478
AEUEOEUUU
1681130
1687897
OAEUEIAOUE
95255
1678345
1685436
153835
1690893
1700606
159481
AOEEUOOEA
49156
AOIUAUEU
AOIUAUEU
1664662
113312
1670923
1672333
1673080
90119
1674943
130579
1682161
66191
1690485
1691134
1693926
EOEE
108742
1683498
91990
110797
1691882
IUII
IUII
AUUUIAAI
1663425
66191
114646
112077
158770
1673379
UIAIUA
1653644
IUA
92788
89544
66504
1638822
1647542
105806
81359
153835
100318
118137
IIAOUEEU
1638992
AUUUIAAI
119137
1627078
63881
IIIO
1609108
IIIO
109783
1608921
1614247
UAOEU
116534
1606825
116534
1614039
UUOUOE
1611443
UA
1596934
IEAOOAOIU
1588041
100215
112077
1592866
84978
1597567
84978
1606244
1610108
1614276
105487
1619383
1622941
1631652
1633467
1638226
87216
120164
1643032
100788
1649167
109237
1658267
1660358
OOIAUAOE
OAEUEIAOUE
1625235
1628302
130222
92119
1629177
UOEUEEIOOU
107113
1631651
84281
1638231
1644807
87134
1653093
1660038
1668734
1675452
139894
IUOUUOOAI
78196
97922
1673399
115702
120164
114639
AEA
124447
AOEAEUUEA
99222
87065
1644585
92788
1645829
EIUAE
1637387
1646540
1653973
AIAUOOOIAU
1630486
OAO
1615605
1625314
89393
78699
1629557
1631510
118280
IIIAAUAU
99222
85669
UUEEOEEA
1599633
UUOUOE
1590834
103026
UUOUOE
UUOUOE
1592254
1602059
1605738
1613993
89393
1614448
AOEEUOOEA
97455
70917
1616573
OAOUIIEEI
AOI
UO
1570903
1575365
1576402
1583714
1588478
101360
1596005
1604142
116447
1609462
AEAIUIAE
IA
1585575
EUAUAI
116353
EUAUAI
1560523
66857
IUII
1539272
EOAOOEI
63881
IIEOIE
1512936
AUOAEAO
I
1469151
90728
1477262
114735
1479844
U
143180
100215
EEUAIAUUUA
130579
113528
97181
1440387
1446944
1456539
1465315
1468620
118004
1476717
1481743
1485881
1494069
127072
1500537
92196
54376
78080
94023
1506594
1511803
1518823
87504
UIEUII
OOO
1479699
AAO
1465035
AAIUOUA
61305
67597
1441083
90272
1445671
1455264
143180
91982
112457
1463023
1468543
AOI
1470023
111339
AEAIUIAE
1465799
114072
105443
1472270
1476449
EOAEI
EOEOUIEUE
1448192
1449199
1449831
1458725
1466253
1468436
1474093
115516
EOEOUIEUE
96227
75080
113528
1473540
AUIIEOO
1475850
IEUUUAUEAI
1467221
110420
1473881
1477578
1483973
IUA
116447
116134
IOEEOUIIIO
139894
1468502
46383
1472073
144475
1476231
1484603
1490301
1490379
1499306
1503433
115004
1511294
74644
114735
116208
116975
IOEEOUIIIO
1510142
1515947
1523917
1524818
1527763
1530270
102031
1536474
121252
86926
130222
AAIIIOEUA
75080
OAIIOA
1515602
1517779
1519291
UIOEAIUIA
1491895
IUIUIEAAE
109569
135298
1487222
138006
66504
1493866
92256
1501581
1503051
82108
1503953
93715
E
79745
1502884
UUOUOE
74644
UUOUOE
60935
97922
1483414
1490948
66857
1498145
1507996
1514015
117169
AOOIEE
UIAIUA
OIUAUOIAII
54376
O
1448753
66504
1450488
1452818
1458703
AUOAEAO
131690
97027
109237
1443360
100890
1447440
74146
60935
1452237
1455025
1459508
1461826
1465968
128654
104050
1474944
1479660
1487116
114072
UO
AIIAUO
112457
1459511
1466846
1474231
104477
1483754
127072
121252
OEI
IIEOIE
1447562
1450592
111123
1459990
1465630
135298
1474166
55157
1480685
135323
1488488
UOEAUE
1478242
AOI
1453346
1459236
104050
84998
1469217
1473780
1475023
1484728
111123
119137
88743
1493090
EOEOUIEUE
1491160
1492038
AEI
161086
IIAOUEEU
119585
1451441
1457909
IAAA
OUAE
1425141
137625
AEI
87504
EIAO
1410243
1410783
91220
1414218
87292
119378
1419233
1425192
119041
141275
1430850
OEUUAEUEOA
OAU
92322
1424405
1427126
97922
66964
127174
1429415
1437004
119585
1437647
1440544
1448711
OOO
1429130
1432003
1435154
1444213
OOO
1445891
1447834
1450899
128723
1451350
IA
1435439
109732
1437995
105235
115702
1441419
IUA
AIUAEAIAE
1427752
130579
1428427
1436586
AIUAEAIAE
1437182
119137
1441626
97181
1448106
92740
1449051
1457215
119378
1460104
1462422
1468715
1476689
105235
IIEOIE
101568
1457060
1466920
1470411
1478999
1486892
IUA
1487871
1496132
83398
90503
1500536
127072
66990
1503943
1507399
OUAAUIAOIO
1496516
1506302
1509914
98876
131361
1517350
1518211
117040
AOEEUOOEA
1522251
1528321
IIEAAI
IIEAAI
UIOOOI
1496993
1503112
1504185
1508270
143395
1509519
IUOUUOOAI
UAOEU
141262
1481018
112077
OUAAUIAOIO
1467435
1472456
OUAAUIAOIO
86926
1479979
A
153835
60504
1459194
126468
1460809
114072
119557
1469782
AOOAI
1456750
1466347
AOOAI
1463195
102031
104050
87292
83398
1470497
122994
94385
1471637
1476365
105770
144475
161086
1481682
66550
1487161
118450
AOOAI
1495290
1505221
107260
1506920
1512526
1521586
124447
116447
1522590
1529307
1534102
1542172
83398
1549414
1554880
AIIAUAEAEE
IUAAEUIOAE
112077
1533937
119585
1535085
102618
1544204
1547858
132232
1557382
UIOEAIUIA
1542471
EEAAU
IEAOOAOIU
109732
EE
1501822
1502994
EE
EE
1505886
EOEOIOOA
97229
1493703
OAOAIIEEEI
1479292
UOIUIEOU
OOO
92322
192384
129957
132581
104477
130579
54376
1448673
1457604
1462242
113528
1469308
153835
105739
131051
1471109
1480489
131683
EIAA
UAOEU
1431434
EOAOOEE
113528
109727
1429029
UUI
AEI
1405543
1410898
115551
1419168
1421418
1424151
88743
113171
1425596
1431448
1432054
1432570
AEI
AUAUAI
1408605
128723
1415474
IUAAEUIOAE
1404499
112077
OEEI
90503
113171
58098
1381945
119557
OIUAUOIAII
1366574
46266
1373101
134175
AOIUAUEU
1365734
215269
AUAUAI
93487
72916
1344652
1349561
121193
1355451
1359830
1365010
OAOUIIEEI
1354372
122994
1354921
105994
128599
1363692
1365295
1369113
OAOUIIEEI
1367744
1369551
95154
150988
1372362
1373363
1376300
134175
1381930
103582
1385930
167591
1394184
1399945
1404438
1404589
1408406
84553
1410391
1410440
102911
88162
109237
1416936
1420749
1430565
82108
1433919
83398
1441281
1450471
106817
83357
110701
90272
1454354
IAEEAEOEAU
1435806
92256
1444790
1446779
114072
1455244
1462091
1464739
1471160
1475563
1479012
93674
1487188
1494696
1500750
119557
1505567
1509122
EOOEI
1503664
123808
87005
1508099
AIUAEAIAE
UIUAEIUOIO
149245
96713
1476060
1485832
1487474
1488629
1492495
OOIAUAOE
OOIAUAOE
EOOEI
IAEEAEOEAU
128723
1458074
1461606
EOEAEI
1433798
1441789
88777
1447791
1449923
1454168
1461579
1465171
87487
1472883
103582
131051
1482109
IIIO
134175
1477799
87487
1478530
124439
EOEOIOOA
1471146
1476151
1477837
96782
109146
1478749
1478831
130889
173638
1483433
1485027
96782
87487
1488928
UOI
1476989
1478178
131897
1487425
EUAUAI
114735
99351
EUAUAI
141682
1480425
UIE
1474760
1482588
1487451
1493735
88777
121193
1499314
87059
1500170
93466
UUEEOEEA
EOEAEI
106004
109146
IOUIE
1449132
1453080
114837
OUAAUIAOIO
1429232
96189
1437190
1443410
1446124
OAEUEIAOUE
107909
127072
1434543
107259
1441695
173638
102486
136989
92322
UAUIU
1424443
1430737
UO
121114
1412332
1412399
UO
UAOEU
123449
AEA
88743
UIAIUA
IE
1379474
OAU
1362864
1370858
57013
1375310
UOI
115551
1364690
1366318
1375464
1382674
1383210
1391780
105739
EOAEI
1365578
1372797
167591
1378762
AUIIEOO
1380921
117868
1382091
EOAEI
1360074
1363380
UOEAUE
109741
UOEAUE
1343949
AU
110701
117868
1319691
1322455
134353
1327041
108464
1328732
73807
1332893
72387
1332950
153104
187425
1334534
1335602
1335811
1342850
140057
131897
1344307
IIAOUEEU
1325991
82108
1326626
1326885
AIIAUAEAEE
IEEI
1295645
IEEI
1299225
1308736
U
1310201
UOEUAIIOIO
OIAIIEAU
94485
107539
1277721
1279050
58794
123449
OOO
112077
OOO
1270872
1272374
88168
122449
100748
1272398
1280813
109856
1283145
1284994
183567
1285485
119114
1286325
1286803
1293305
1294784
82108
1295849
UIIUAUIEA
129969
1269486
1276490
1277376
1281541
140057
1289834
UIIUAUIEA
124249
1294337
1298407
1304320
133482
1310529
EO
AEAIUIAE
124249
1297508
1302215
1307599
IIEAAI
163903
98609
EOAOOEE
1275772
AIIAUAEAEE
119114
1257841
123449
1267208
64057
UUEEOEEA
1258833
AAEOOO
1238177
1243297
1252214
1261736
100748
IEUAIAAOA
1252583
99570
1262123
135298
UAOEU
EIUAE
104477
1244030
1253686
1263155
AOO
46266
1253258
124818
UIEUII
71506
138783
1244596
1252600
118888
1254940
92322
82108
1263438
1266390
1274889
1276249
1284641
OA
107290
IOO
141682
104477
1249153
1259091
145015
138146
1262465
173255
131897
140643
124439
1268420
UIAIUA
1268844
114735
1272956
1278402
103979
106817
1281682
1291093
1291466
1292258
1294640
136514
1301617
167526
117363
1307359
105739
162163
129135
121193
