0
7884
11065
20279
21652
26952
OOEO
0
OIOU
7780
17070
18183
22698
0
IIUUEIEUO
0
3320
0
4977
EEEE
714
0
9209
11623
0
15999
19615
0
EOOAEIAA
15673
25106
33011
39753
40888
43499
AOIUOEUUA
41299
41571
48732
52575
53533
57683
63012
9290
72833
82018
EOOAEIAA
U
37218
41410
48715
51585
55826
IE
38250
43048
0
0
0
50694
IUIUUUIU
UOIAIUAA
40534
7905
5300
12148
4787
2611
44887
46619
UUOEIAO
3782
0
44386
50858
0
56688
66292
67721
68387
71336
80876
0
90356
96421
102672
OIOU
0
82218
OIOU
0
U
0
0
71003
73422
AIOOIUOUE
60518
7905
67295
4798
68326
75368
IUIUUUIU
63505
4816
9214
I
OAIIIUOA
40876
0
OAIIIUOA
38601
39127
46919
54916
57072
0
UEAIIIOU
5329
44251
50688
0
6402
54067
56750
57970
66428
76377
81591
86213
7111
87224
IEO
81205
0
89509
95127
4798
97732
UUUOO
8002
77549
78437
0
79491
85451
87396
89425
OEIUUUA
69767
75067
80262
89048
97822
3616
0
UEAIIIOU
84619
91275
8495
100844
107929
15455
7209
3379
14920
17440
0
IUEAOUAIE
109202
IUEAOUAIE
112801
114021
0
IUIUUUIU
O
0
OIUEOEIOEO
12282
75349
O
AAU
AAU
11766
27677
31037
12410
36969
OOE
25944
30580
EOOAEIAA
0
28054
OOOEO
15063
0
20337
28146
30876
0
IEUA
17787
0
0
19210
3959
26556
35660
19058
43485
52346
60229
62490
68926
0
25764
15035
1429
UUOEIAO
42353
46930
47929
1429
AOEOAEAEIO
IUIUUUIU
0
IUIUUUIU
6281
IUOAO
9452
13072
12055
9185
6210
13052
2414
6656
16409
16051
16096
16620
24024
28976
13072
30809
15035
9678
AOIUOEUUA
6656
7210
14772
8116
15540
6842
21841
30102
0
17909
6402
34718
EEOOAOU
9185
9053
15772
1135
19802
15035
22754
25229
31812
41767
43448
UOIAIUAA
22927
23945
26977
27430
31841
13072
39165
40845
UUEE
29692
38561
38588
46945
49681
0
58023
1732
65962
OIUEOEIOEO
38588
7048
IUEAOUAIE
0
36512
AOEOAEAEIO
6402
36340
3959
41793
0
51148
17909
53066
61284
65496
U
17440
53530
EEOOAOU
19721
AUEEO
UOIAIUAA
7007
7755
UOIAIUAA
UOIAIUAA
7921
3777
8812
17795
24793
30120
32173
37083
12055
46641
22449
49451
UUEE
55608
9604
57294
1423
37632
64275
68326
77926
80993
84868
90689
95088
11766
101826
OOEAUA
90604
2833
7905
AUOAAIAI
18757
80464
UUUOO
68292
68722
73944
24026
75740
80675
84856
1423
11949
1423
93508
17909
100336
19846
103454
0
11949
109570
IUEEE
113945
3374
119652
UUUOO
E
OOAU
98739
37831
16409
106518
107322
37831
112977
2833
7905
118739
1429
AE
98816
104314
105281
7905
16381
113803
123580
129949
9604
137630
15440
OOEO
38588
524
27030
21738
OIOU
119278
124897
12410
132752
138436
EAOOIA
7042
6678
AEAAUUU
108732
19721
112947
AEAAUUU
120723
UAAAOAIOOO
15035
97498
106166
11949
110237
117123
3305
AIOOIUOUE
19053
96300
101092
106408
107748
107808
22011
O
91727
20322
U
15700
OIAEEIO
75970
AE
75954
E
70095
5619
78411
E
80215
26462
20681
85464
11114
91680
97375
AUEEO
15700
IUUOEAUAE
9774
33711
OUUAUE
60425
5347
OOOOAEO
20322
EUO
OEIUUUA
29829
EEEE
26754
34498
43343
5401
45596
UAIO
36296
15440
4712
39740
45263
52572
55043
64108
27402
66969
14258
69223
12650
73360
82476
88665
91736
UAIO
11835
16381
92914
7048
20001
97209
AEAAUUU
23883
19846
94067
29212
97605
3074
98133
6402
103606
107107
14101
109670
110665
21404
112568
116195
811
21404
119879
IAEUAOAO
93863
12650
97657
103575
19846
111294
28420
20681
119128
3188
128974
132999
24819
133897
142102
12410
EEOOAOU
119728
123447
131279
137613
20681
AUOAAIAI
126739
4712
134219
16714
OOOEO
124586
131560
140211
AOIUOEUUA
143070
21009
11949
151083
151686
14020
12410
159441
166077
166957
167563
AOIUOEUUA
4712
33461
41062
IUOAO
164765
168869
4712
170618
174877
AOEOE
165141
27484
EAOOIA
142986
15440
152747
153209
153987
160045
161946
170503
178067
27755
181583
26743
23822
29212
187451
24045
13645
14398
AE
182792
192589
199485
14020
8983
200903
210486
214032
219931
UUOEIAO
OIAEEIO
187571
EEEE
181004
15005
187159
195013
OIAEEIO
28420
IIUUEIEUO
27755
OOEO
149610
14920
156385
27484
159643
162330
17140
169152
EEEOOO
11949
158111
UUOEIAO
136903
U
120714
129076
135409
136460
15440
140282
UUEE
120169
U
25781
26549
U
109016
IUUOEAUAE
40436
19413
19053
49075
94265
3074
103015
104573
110082
116824
123297
22750
26908
124257
OIUEOEIOEO
13239
31551
9600
112927
118549
121060
19413
OIOU
20830
106206
22182
OUOEEUUUI
101187
102354
55230
OOEO
74772
79662
87600
96652
104883
OUOEEUUUI
92526
12924
100674
UAIO
14690
104635
109993
117195
123249
OOEAUA
98310
101629
102226
24772
104153
104658
105613
AOEOAEAEIO
EAUEI
71745
41706
28482
72544
72696
44121
IUEAOUAIE
IUEAOUAIE
36282
38670
14690
42948
IOAEIEIA
29481
38466
44121
41174
30836
46716
47641
12924
IOAEIEIA
8983
36251
51080
52127
5209
30836
55904
10446
IOAEIEIA
48366
53434
61995
64368
73662
79392
89359
17140
96793
104630
112012
IE
44227
14690
OUOEEUUUI
II
94477
811
98334
98996
99428
47258
103817
29326
110931
117581
120333
122404
23818
47833
125221
51221
133975
139414
EI
136939
143300
148051
150712
12924
OUUAUE
129792
27484
31998
37439
137994
14188
35492
139495
38133
IAIEAUEUU
31192
124025
133469
35096
O
11315
8983
12375
IIAIU
41464
IE
24772
94347
22858
95070
96299
103039
14020
103996
111356
114816
19918
122015
27694
IEUOU
105607
AE
96077
24869
105317
44227
107817
26125
29125
35096
14714
109758
116812
IIUUEIEUO
94701
99480
36251
OOOOAEO
83532
UUUOO
84594
UUUOO
14020
86740
OIUEAUE
82441
90801
95879
101346
8983
110332
42900
120022
128224
133305
11598
OOE
44924
OOE
4450
125264
30014
134615
136408
32346
28923
8814
14714
142484
148364
28482
OOE
152975
28482
159945
165090
174183
EUO
AOEOE
EEOOAOU
143191
146623
EEOOAOU
154439
20830
14337
27812
158690
162709
167914
176219
179141
AA
44924
52697
169619
177871
15182
180092
44336
180486
184484
32556
186237
31908
190596
198290
AIOOIUOUE
27602
28923
198751
208077
AOOOU
196164
44924
19441
38133
46151
203782
8983
30836
30836
52697
209774
214773
AUOAAIAI
AAU
43495
194766
25929
52628
U
170567
U
171154
4450
E
27812
146768
20555
152611
31908
14132
156592
59050
19918
157815
165344
32556
174798
178914
181924
183781
34307
186787
187983
191568
42900
27484
193931
29216
E
195893
35815
196808
200819
44924
208060
212297
19918
15182
220904
222182
229198
233701
236786
28482
19441
244815
247571
250653
259370
UAIO
231965
34307
OUOEEUUUI
32296
210739
IIUUEIEUO
191803
198751
32346
IUOAO
27602
56945
27812
42573
180359
188627
197426
19441
30074
205127
210453
213387
215356
32556
AOEOE
A
195974
203248
EI
186422
194663
37560
38133
197643
26125
206187
208758
214173
218707
36981
226533
63301
IUIUUUIU
210458
210708
OUUAUE
UUEE
196509
36806
50253
AIOOIUOUE
46158
OOEO
II
143103
150350
158314
161047
169533
171918
175154
175620
182377
184451
56220
8814
14020
194201
202057
204397
210590
219553
UEAIIIOU
16472
31823
191238
3964
35815
200477
205929
209250
211012
212074
20662
213037
IIAIU
205348
55963
35690
206413
212163
30843
UUOEIAO
U
183760
192240
IUEAOUAIE
174375
35057
179411
185412
185637
UAIO
32296
177983
15182
184336
32296
189371
15118
20662
IEUA
41043
179592
180663
181682
182614
191867
200942
210576
216697
218875
224609
EEEE
207762
210725
12992
65528
50673
39356
220265
EEOOAOU
32801
11896
197001
30843
OOE
197711
50253
207020
216059
218895
14020
39945
222417
222474
OUOEEUUUI
221547
24612
230211
27734
50673
35815
A
210771
217935
226896
235179
235327
14264
38007
244956
254658
30843
63336
256348
55222
IUOAO
15182
252162
259336
IIAIU
49304
243636
42603
251866
47919
56125
254362
30843
36981
51872
14264
IUIUUUIU
251603
43633
45387
19918
256109
262635
34378
269944
70307
50600
OIAEEIO
252955
253340
255917
36887
261656
263570
35690
OUUAUE
267011
41799
61215
276239
279199
EOOAEIAA
276701
279181
288113
294698
AOIUOEUUA
289534
292948
IUEAOUAIE
270036
48232
273114
56125
AOOUOOEOUE
15182
255461
36612
262693
264352
272684
35400
276768
283985
AA
OIUEAUE
OIUEAUE
IEUOU
225207
231202
14264
233601
238791
246227
39416
251662
76428
65528
257223
36612
IEUOU
257735
260076
267754
270881
273090
55862
282327
290717
69620
42326
298947
302464
304458
48232
304934
307418
29901
51564
43438
55862
42326
315451
IAIEAUEUU
319271
58058
35690
328912
335131
22876
U
33403
44561
326144
IIEU
39356
51564
41043
61215
76428
314647
319403
324665
332801
36981
341068
39356
346869
356737
IIEU
356927
42326
AE
69620
35114
28582
39416
45573
81697
A
43633
O
76428
336420
338243
EAUEI
312818
49304
43633
58058
313741
IUUOEAUAE
14264
317730
319722
62905
328447
334839
53095
342977
350018
355135
361983
28582
45573
362915
367960
EAUEI
357110
365247
374710
33403
379133
385239
385887
386574
392572
394412
39416
398386
403687
76428
408805
414924
32801
28582
UI
65528
409416
74904
411854
74904
26383
UI
OUAA
15030
411378
413215
413784
OUAA
414429
74904
63387
422004
63387
24390
427007
31429
429453
35400
434156
OUOEEUUUI
436538
15569
UI
OUOEEUUUI
423253
424842
433420
IUOAO
420886
47747
421927
430800
43417
439073
448156
448495
450212
19441
457311
42575
459594
461042
467462
55406
OAIIIUOA
35690
464793
472949
49304
40270
481556
74904
491177
35761
500646
509308
26383
39945
514792
523474
528891
41760
UUOEIAO
UUOEIAO
40270
IEUA
483758
485261
494129
499384
504609
508739
OOEO
51008
485778
35690
486439
493922
42575
43438
79233
498633
36722
AIOOIUOUE
493183
496792
503053
509186
AIOOIUOUE
26383
36817
59328
508923
OIUEOEIOEO
35114
UAIO
499656
508804
511638
513033
OAIIIUOA
51872
52652
73206
EI
43633
58596
59328
479768
74904
EUIUUA
465464
470173
63301
73206
10490
478482
487662
22284
489581
496063
55862
503103
510713
517127
IUOAO
AUOAAIAI
471116
IUEEE
35815
59328
26383
66091
37714
IIOUAEE
441155
448944
450865
459526
460406
467618
469804
479346
63301
480376
482259
486413
486602
492381
498988
35876
UOIAIUAA
484588
487367
493072
55523
41882
501942
10490
25174
507354
35815
37714
517144
58596
50846
517297
29821
46884
15030
523578
528955
19441
88470
531526
AIOOIUOUE
527864
IAIEAUEUU
518488
50600
522627
67710
47935
48639
35114
532183
50846
62607
532575
536998
AA
529373
67710
26383
47061
OUUAUE
27341
41322
63458
53343
41760
48321
511334
28701
513224
41882
518445
522532
525957
531761
46884
24132
537528
540531
545963
549432
551974
554802
58596
562868
51008
IEUA
563085
AUEEO
536679
44320
24132
543853
50600
27341
546369
53095
39258
63387
551410
552353
561636
569594
570141
28701
575815
75198
585129
39945
591331
66879
599200
66091
605271
614400
53940
622908
623449
633130
81697
34939
OOE
39945
IIEU
OUAA
53940
574903
67054
575628
578813
586329
591981
593453
603344
610449
35815
617511
63387
41760
54427
47857
UAAAOAIOOO
613935
622417
IEUOU
604485
609379
619135
622175
62607
OAIIIUOA
602673
36111
609779
615104
624834
OAIIIUOA
630262
639449
643077
648463
IE
621915
72133
48725
IE
II
601571
608836
615308
II
52163
44320
52163
621274
625096
631500
IUEAOUAIE
UI
616696
624356
35667
70083
628101
628794
633448
633664
634569
81697
EI
58596
626591
626789
63458
635980
67951
645778
652146
656382
UAIO
UAIO
649931
10490
UOIAIUAA
629941
AA
622967
47061
628285
UEAIIIOU
84234
OEIUUUA
601743
44320
85079
605643
611536
619425
22214
72133
AEAAUUU
AUOAAIAI
66879
OUAA
578143
581542
70760
58596
584774
52652
EUO
560960
EUO
563590
567093
573901
52652
578978
585436
591796
596217
E
85079
589942
592926
593507
602039
66243
36699
44701
44701
603810
611076
617375
618633
84234
627226
635879
642076
644355
648630
45436
37714
27341
655352
70760
47935
IIAIU
639310
45977
646233
650983
85079
654248
15030
53940
660741
664866
673688
676432
72196
676662
680691
68868
52663
683024
685455
695302
701649
705882
711264
716146
722775
730752
731546
IIAIU
O
AE
OOEAUA
701177
66390
52663
708509
717168
32620
53940
717342
52491
725131
EI
714668
68868
719488
44956
46427
82894
725914
15030
732525
737193
IOIIU
730650
15030
740139
745571
60393
753748
759387
761578
763495
44701
59626
769808
75182
776535
84234
785716
793867
803574
IUEEE
84234
IEUA
44956
767784
UEAIIIOU
759630
19441
IIOUAEE
60050
75183
730698
EAOOIA
727119
733398
740066
743883
62287
753489
757255
763473
769123
EAOOIA
AUOAAIAI
61872
743856
75183
47935
753508
760453
768980
772717
64235
UOIAIUAA
47578
UUUOO
69508
41949
754821
61318
UAAAOAIOOO
41949
50868
AOOOU
64044
722595
27341
OUAA
37248
UUEE
UUEE
47578
691808
63387
43775
55557
693041
693411
43775
55947
63216
63387
700521
705121
II
43775
701042
45718
707903
52611
44701
AAU
696449
38641
705336
711933
75182
721602
725904
733733
AOOUOOEOUE
720731
722965
63949
39017
729456
733063
66390
741684
106840
38196
63387
UAIO
745877
752397
758657
761788
UAIO
761921
766801
OOEO
39017
754226
763740
43775
UI
60999
IIEU
AEAAUUU
AEAAUUU
717179
15030
43775
EUIUUA
106840
82894
51058
709978
63949
710247
86969
719672
728089
52014
EUIUUA
61318
732321
63949
45303
AOOOU
AOOOU
706860
52611
81697
711460
23337
721453
AUOAAIAI
698237
63387
699085
700479
708042
68008
80742
65635
712296
72583
86969
717569
722790
66705
728265
737458
741354
IIOUAEE
735925
61318
736773
OIAEEIO
84979
81697
48840
28813
63949
734939
739862
44403
745008
55947
65798
47817
60398
753490
761545
76737
770980
777729
52491
AE
65519
44403
71106
47973
756625
48163
765865
775563
778429
788002
789636
OOAU
69037
O
760508
770343
IUEAOUAIE
60999
23157
749208
751121
751574
OUUAUE
72583
733716
IEO
48840
63509
AEAAUUU
704808
711552
712606
AIOOIUOUE
699588
700119
48163
700842
40845
56117
706729
II
IEUA
63509
65137
47973
699296
79702
704351
711186
716348
723856
733654
OUOEEUUUI
47650
IUIUUUIU
701170
115433
709501
EEEOOO
680865
76737
EEOOAOU
26081
EEOOAOU
38777
680982
48840
OOEAUA
655810
49157
72038
657837
OIAEEIO
69037
651770
659251
OEIUUUA
647385
66390
AOEOE
15030
OOE
60398
EAOOIA
OIAEEIO
594286
602386
38777
92768
603509
613431
620047
76737
OIAEEIO
O
591526
47650
601322
35570
49157
56957
IEUOU
583546
77898
92768
78651
72723
591109
49157
595656
44061
600510
66672
600950
68008
600997
74663
117641
609216
47817
612359
104129
613570
53962
78651
OUAA
48163
601552
603691
609349
613272
618026
623024
51058
629801
AA
47973
609883
610022
60398
80991
47817
79702
613532
621666
625263
634647
AUEEO
100474
53868
103598
50552
OOAU
55670
21343
55670
617920
104129
49157
620666
AUEEO
37248
84325
82454
75182
600399
605905
609686
612955
618152
EI
OIUEOEIOEO
594055
108143
599775
600353
604304
68248
AOOUOOEOUE
OIOU
UAAAOAIOOO
533240
535333
48163
35359
540745
545796
117641
UAIO
531709
538558
81742
56957
546733
548849
87790
550206
OUOEEUUUI
48556
551494
EUO
103918
58099
524557
80742
66005
530220
533132
OIUEOEIOEO
49157
520331
75182
524646
110368
127139
108143
76380
525552
OIAEEIO
IAIEAUEUU
101355
504927
511780
OOOOAEO
494105
502822
75996
52397
68008
102015
55950
505068
UUOEIAO
49157
51058
499134
503355
507597
80659
57336
509023
66005
51058
55950
515085
78556
IOAEIEIA
511572
517240
519163
528059
53962
64357
58099
531754
84890
537617
102015
111958
541399
80105
64476
551199
87055
UEAIIIOU
530281
536813
540409
550362
66005
81742
559592
567765
573318
51058
578466
578616
583662
592975
596391
600751
44252
609770
619342
103699
IIAIU
597851
604434
605471
51058
OOOEO
602157
AOIUOEUUA
AUEEO
AUEEO
OOOOAEO
558023
559968
78556
563110
567818
569201
65524
47973
576353
578817
585927
587583
596451
603590
59383
608643
73578
80105
OIUEAUE
604918
80742
74597
72360
614904
616303
I
57336
612186
618203
48163
626963
127139
633995
641060
76737
647438
92768
102015
653396
EUIUUA
74597
636408
646185
64476
647293
656759
56957
660905
667563
672906
80105
O
51058
674685
682233
688131
697453
703716
94690
44252
713491
719906
723613
731207
72723
84890
94690
732020
O
UUOEIAO
728060
78556
734277
735574
68816
32397
743562
744920
IAIEAUEUU
67223
102015
68880
122623
OOAU
744690
750663
49157
753462
762466
769907
771941
773646
72723
780416
781608
56117
UAAAOAIOOO
763725
81158
770281
74597
UUUOO
770510
770552
UUUOO
772953
127139
IAEUAOAO
58099
763489
769197
771919
779837
94410
56275
780346
56117
55085
83904
81650
785995
786318
I
776122
776639
OAIIIUOA
757920
75443
759178
122623
OAIIIUOA
760215
766422
73578
776255
776902
AOEOAEAEIO
761181
73728
OIUEAUE
749374
758096
767453
767653
105104
776509
777994
72723
58099
IAEUAOAO
102015
90954
72150
755523
84890
760081
768067
769798
76737
75443
773809
778847
787780
792656
797150
798906
806023
103699
813583
823312
825156
90954
832408
56117
839294
848927
AUEEO
76944
OUAA
823984
827960
101355
837303
838839
846625
848934
856523
65741
56957
76737
859700
32397
52967
AEAAUUU
IIEU
836169
838574
843995
OOEAUA
95544
IUAUUE
797530
803450
80718
88515
103699
85702
811358
69940
818319
820178
IUEEE
811307
819637
821973
AOOUOOEOUE
807531
35359
815793
821909
OIAEEIO
814683
OIAEEIO
103699
817759
819493
64476
128907
825191
826991
OIUEOEIOEO
89680
807887
815483
96276
825210
830949
838394
100657
846278
851133
77779
115396
860612
90631
58099
863184
OIUEOEIOEO
112963
72150
UOIAIUAA
OIAEEIO
72150
794414
796517
76944
OUOEEUUUI
787771
793568
797037
806234
806848
AAU
811211
OOE
806136
813409
822187
OOE
89680
822135
117346
832000
841141
846524
45643
89680
853848
857209
86608
861959
864426
870343
872385
90292
881544
881552
72150
890268
58099
896401
110245
56749
898966
86608
900216
906814
909335
912111
59396
IIUUEIEUO
904327
910543
110610
912919
AOIUOEUUA
AA
111430
53716
873607
86502
AA
56749
93727
IOAEIEIA
64951
95709
56117
77299
90631
111545
860294
868651
878554
880890
886043
OUOEEUUUI
106552
878797
AUEEO
89680
63227
860658
AUEEO
88515
51947
862861
AUEEO
95709
93834
73578
872349
878977
883080
65524
886820
890993
UAIO
98964
884932
AOEOE
885763
888304
896978
901862
AA
891728
AAU
90631
IUUOEAUAE
51947
869614
874205
88515
IE
849510
51058
119495
O
846630
OIUEOEIOEO
848231
97156
132688
856239
E
852469
854453
861110
870464
871057
95709
94315
877720
64951
878727
886846
890126
90031
101917
E
75443
895940
898024
AAU
889142
896992
897796
26797
78204
906628
908529
916965
917826
918870
126324
91328
920379
929767
77005
72150
934871
940459
AAU
UAIO
933554
941708
81825
943353
949685
70070
UAIO
58235
954638
962836
51058
968505
111430
969023
95709
973077
976522
51947
148538
UAIO
65524
81722
EAUEI
EAOOIA
AOOUOOEOUE
EEEE
114009
70239
919611
98011
923689
101322
73031
62466
930982
111430
939695
942701
101322
945580
93654
954936
IUOAO
IUOAO
948851
92625
955849
101322
961134
62858
45295
70239
963195
972152
115396
90031
E
88659
954359
962626
101322
91328
EEEOOO
EEEOOO
AUEEO
IUOAO
891356
895442
OIOU
890959
91328
111058
62466
892944
I
73578
885151
I
62466
IUEEE
IAEUAOAO
IAEUAOAO
98011
78188
859247
863136
69342
864916
58235
116655
866715
88659
73842
870162
82975
148538
OIUEOEIOEO
862797
110258
60779
78204
OOEO
840176
841008
92718
EI
EAUEI
806576
88659
810870
123907
816542
123907
823240
830523
837365
845046
OIUEOEIOEO
AIOOIUOUE
823919
831971
78937
833205
839042
841670
851080
858766
864039
156958
98011
IEUA
858191
IEUA
859344
863746
156958
122166
866804
62858
89900
103420
871205
876775
884154
OOEAUA
854441
862435
63472
157170
OOEAUA
106552
864060
IUEEE
860679
AU
866271
AU
UUOEIAO
857469
93654
861657
868749
872659
880382
IUUOEAUAE
IUAUUE
845800
73091
OOAU
833678
839358
106552
839397
846134
850927
852315
854858
855753
73842
110258
UI
839727
OIOU
842480
851766
860904
106525
IAEUAOAO
119264
851453
51947
859321
865743
874026
879214
887995
IAEUAOAO
EEOOAOU
105479
60779
882081
63472
890800
38081
900102
34705
OUAA
75226
EOOAEIAA
97443
80593
870893
873433
89900
883068
889568
889968
891607
901283
112904
903867
84993
AOOOU
894314
895929
901039
55969
76842
902000
910582
910968
914364
EI
911978
918299
126324
918758
920502
108943
105479
923024
926396
932034
103420
937996
939628
949316
UUEE
UUEE
915853
922678
928983
AOEOAEAEIO
85157
94315
904945
914896
IIOUAEE
898687
AA
896453
903081
906851
89935
915336
915863
IOAEIEIA
915467
922326
92742
924191
IEO
98964
914071
918946
78937
925978
928964
98616
132275
73578
AE
922637
928479
IIOUAEE
103420
92742
905022
911722
UUOEIAO
75226
EEEOOO
868921
97443
EEEOOO
69515
876854
94239
UAAAOAIOOO
107496
UAAAOAIOOO
857342
127370
128889
860407
867414
870121
877257
63639
886122
AE
877587
883563
889612
114009
892874
896084
105768
902597
911244
917615
131539
110494
919807
63639
922778
63639
AAU
IAIEAUEUU
112701
905768
114009
914976
AIOOIUOUE
70108
898868
131539
908730
914297
AOEOAEAEIO
AOEOAEAEIO
908093
82577
110258
70239
915265
924293
930371
932952
110258
UAAAOAIOOO
88024
928932
930743
938632
940686
946964
956534
109224
966315
90297
128889
973035
977529
111058
985162
994336
1001071
58701
1001161
U
73578
66619
993481
997132
1004452
1005035
1012145
109224
128889
100042
108304
AOOUOOEOUE
1008743
70108
1010611
93007
IIOUAEE
992282
98964
IEUA
93007
985390
47348
158859
OUUAUE
58701
133920
120341
964257
967640
972202
120341
AOIUOEUUA
IEUOU
937055
85157
108943
946274
65877
AEAAUUU
93007
922386
65877
140944
928495
935643
937233
944467
153201
954124
961750
969963
UI
967408
AOOUOOEOUE
97443
87504
947061
IAEUAOAO
75443
946749
105768
955352
963455
967822
976901
AOEOAEAEIO
113500
58701
OOE
74622
102853
IIUUEIEUO
941477
I
127726
120899
925204
930200
940098
943978
950358
120899
955666
957766
128889
41368
965831
63639
169465
IUUOEAUAE
EI
99166
80819
915593
918083
105479
80819
925512
926640
929337
931053
UUEE
912636
919369
921679
OIUEAUE
OIAEEIO
889861
892390
897671
899748
904213
908223
915280
IOAEIEIA
890615
890634
EEEOOO
881434
881584
884771
892156
65877
902116
131413
81521
902122
162304
905508
122402
66619
65877
149788
914828
918244
924412
934329
941931
95552
IUEEE
922384
151818
95487
103489
82642
926798
107916
928885
IUEEE
128894
935739
943477
107916
946668
954818
75827
960986
41368
IOIIU
945597
955146
92742
959183
103839
967065
975255
137628
151818
982805
137618
107255
988739
990490
102000
119172
UUUOO
84961
103262
991610
995354
997455
1003317
OIOU
138445
999881
83021
127972
169465
1006508
83021
1012452
1014548
1015453
1021856
OIOU
95487
1026594
65877
1034267
UOIAIUAA
1038804
1046159
1055904
1056277
1064941
124106
1065343
AE
1062770
41368
103176
1066468
107916
122402
108503
1075483
1082800
AEAAUUU
1069811
99166
UOIAIUAA
103489
1069856
125334
107255
1072205
1079348
1087810
1091593
UOIAIUAA
125334
80027
1091072
1096118
UEAIIIOU
1075091
UUEE
1057475
IUAUUE
1059414
1063739
OEIUUUA
128894
1043633
1050771
105768
1058778
1063684
1072422
1081516
1083058
1085079
93552
127972
1090878
1093698
1097616
1098010
87785
138445
91666
122153
153201
OUAA
1080942
106972
OUAA
O
1078684
128785
101025
E
AU
1037321
EEEE
1012705
76840
76840
1015963
142738
1023642
IUEEE
122153
IUEEE
OOOEO
976699
IOIIU
73572
EI
966239
EI
88312
116941
80819
UUEE
108503
EEEOOO
930803
EEEOOO
927354
AU
115510
AUEEO
119172
127726
97352
65877
888480
172675
889533
IUIUUUIU
875812
880855
108503
881071
73839
881877
888853
892026
125973
65877
93552
896696
903027
110736
IUAUUE
901802
906258
907680
110835
916293
IUAUUE
919903
80027
921683
90691
147464
EEEE
902878
122153
904639
97443
914220
920703
928825
932132
936950
944235
950927
960198
149125
83021
961249
90691
131954
127277
965773
968821
969322
978869
155441
984868
119912
988963
989259
EEEE
172675
988144
138445
77584
137618
118624
157061
992181
103839
OIUEAUE
AE
966969
110742
972759
69074
980168
93552
107255
984137
990970
IE
88312
91112
65877
EAUEI
126973
957770
EEEE
119912
110736
947152
103262
947686
947973
952399
958497
960252
968569
OOEAUA
958146
966257
85313
967589
110742
88128
974215
AE
968013
AE
971563
76840
AE
83021
167308
974353
114288
AOEOAEAEIO
962282
161025
121668
UUUOO
107255
948862
UUEE
108503
937087
99166
944633
88312
950577
156463
114288
IAEUAOAO
122404
73839
949263
93552
IUIUUUIU
IUIUUUIU
UAAAOAIOOO
110736
84913
930121
930141
936667
145251
936871
122404
88312
145251
138445
AIOOIUOUE
84322
921999
OUOEEUUUI
898849
903431
156463
118624
912588
EAUEI
889370
93552
892112
110736
893535
97443
897543
107009
903462
911370
OAIIIUOA
IUAUUE
863047
AUOAAIAI
134222
IIEU
820017
824543
96264
833308
AOOUOOEOUE
816007
90691
83714
OOEAUA
816603
818284
824960
825082
144892
91646
OIOU
110835
802991
810612
82474
813014
822537
91646
UUOEIAO
158248
IAEUAOAO
783852
97996
785606
790533
793594
802664
812059
72460
818279
822488
825056
133754
OIUEOEIOEO
809458
817248
823349
123279
826499
157245
834920
101262
838060
845138
UUEE
827664
833086
840551
105110
82848
107619
164463
845839
848675
125342
857857
861074
155149
864945
865203
872814
90309
877156
882581
888071
897338
103262
91440
901190
167792
904388
135834
138445
69810
905533
909386
919286
921100
930855
933097
99505
936678
167792
938677
107619
135834
OIAEEIO
929882
99631
934599
936802
161025
129294
937565
69810
125852
AOEOE
931984
934888
943470
158992
949104
949276
A
UUEE
175046
110835
923303
OOOEO
904472
125852
906649
911402
914282
924184
927944
936360
IUEEE
917560
918728
99505
133754
924505
931545
935239
942144
88312
76840
107255
947862
122750
952273
IUEEE
957027
AOEOE
931379
AUOAAIAI
921244
926592
935534
OOE
925654
128807
138445
931951
935559
96012
939539
136356
940708
941902
76840
128807
946232
99631
948231
955286
960698
175046
95184
961813
OAIIIUOA
944150
EEOOAOU
OEIUUUA
87894
103262
912874
919559
925193
EUIUUA
906648
110835
OIUEOEIOEO
122750
914036
915352
918965
922783
925070
156570
166710
125715
139886
IIOUAEE
904827
905247
127783
912785
914635
919088
921379
923244
90309
107029
111013
931208
933169
UAAAOAIOOO
159486
111496
UAAAOAIOOO
EOOAEIAA
81235
912365
922218
90309
931440
939294
EI
IAIEAUEUU
910303
113184
910308
918646
926850
929419
136356
127783
930149
934250
938085
88063
942436
OUOEEUUUI
99631
937099
129459
147275
942623
114319
950558
954254
958849
159756
IUEEE
930225
A
929412
934389
IOAEIEIA
95955
919023
129459
921714
159390
166710
931119
931534
IOAEIEIA
129350
93518
929606
154673
110835
932062
937952
81235
92586
947038
100064
956092
958248
967404
974195
982738
AU
166710
172604
967022
110835
103262
132229
971176
156862
154673
975053
88312
OIAEEIO
168528
948337
955452
959729
EAUEI
147422
IIOUAEE
911042
911186
96928
917471
165546
132229
920360
96060
IIOUAEE
96060
919067
928969
929883
939006
AU
931459
116406
113177
142313
933440
IEO
96928
144892
80928
170933
IUEEE
897418
EEEE
872688
AOEOAEAEIO
852314
UAIO
88688
172990
105021
844036
853431
139012
AAU
113177
AAU
IUUOEAUAE
817638
820624
829693
832777
839614
846673
105021
166875
123831
OIAEEIO
IUIUUUIU
166875
815744
O
166170
102543
796657
802402
804259
OOEAUA
80027
OOEAUA
791015
130588
164463
EAOOIA
166875
IIOUAEE
765659
164463
169828
772966
IIOUAEE
772630
OUOEEUUUI
745895
144167
746694
748930
OUOEEUUUI
747860
IOIIU
105021
148573
102826
EI
145439
104726
728254
96990
140766
734004
132229
123831
80027
173092
121095
AE
98403
729863
OUUAUE
AA
143984
IUEEE
678134
680197
104270
681101
682032
690630
690891
690951
UOIAIUAA
670626
110835
121095
680561
683594
183454
OEIUUUA
107029
662933
672346
677102
AOEOAEAEIO
127518
654899
662572
671824
106464
675066
115477
675810
105352
173092
AOEOAEAEIO
676964
118301
678845
687545
96658
690993
697688
AOEOAEAEIO
144167
OEIUUUA
113038
96990
688285
690509
98403
116758
186358
UAAAOAIOOO
669286
671403
679187
685897
179585
143735
695472
125051
159390
704341
713085
721795
IUOAO
719521
142313
727244
107360
733096
736676
116406
IOIIU
721463
178036
AOEOAEAEIO
719975
147914
724006
730156
737145
742736
749582
I
750473
122666
107812
751588
758627
IOIIU
181351
145439
743966
111984
753844
122666
760864
107029
767023
769115
776557
785304
790347
799037
OIOU
109461
781420
783430
179585
787395
OOOEO
OOOEO
AE
763819
107029
772077
IUEEE
759120
762399
770649
777201
IUEEE
778375
787548
796093
123831
185634
188034
803467
I
