0
0
3502
0
11845
19891
25732
0
UEUEEEAE
25848
33145
0
0
0
36358
37999
0
UEUEEEAE
3084
42692
0
0
OIEA
OOIOOEEUIO
OOOOUII
0
5908
OUEAOOU
10312
16238
12793
OOIOOEEUIO
0
21859
11548
5841
0
24525
25184
31007
32482
35099
43099
51295
13969
61287
4721
66119
0
5841
75010
15795
OOIOOEEUIO
15795
0
68948
OOIOOEEUIO
29811
57534
58551
62766
16454
66528
70574
73996
81554
7387
87909
OEE
OOOOUII
25929
9487
9487
32741
63055
32741
67928
76641
83768
91422
96207
9487
UEUEEEAE
82747
89689
90457
92648
94277
96861
104639
111354
115946
121246
121895
129967
138876
UEUEEEAE
145090
153238
OOOOUII
139520
140736
25929
142492
24333
149215
153946
163775
21456
166208
21456
16664
OEE
25929
159330
167727
173911
28778
175253
176197
20710
28998
182375
184710
21456
20710
194405
OIEA
21456
192481
200698
24636
OIEA
207859
31891
25929
28778
208697
24842
209722
219681
224345
228630
231876
236230
UEUEEEAE
28778
221349
27065
225952
232159
28778
37228
235534
36392
36392
241438
251239
OOOOUII
25929
243920
248350
254901
OOIOOEEUIO
36432
250551
254353
259602
42081
268508
272779
273501
279943
37228
288030
OIEA
276989
OIEA
35572
283100
28513
283587
UEUEEEAE
270692
OOOOUII
258189
265198
274934
36472
52242
280214
38594
281558
33105
33105
284375
292899
296021
300429
309962
310124
52242
36472
33105
33105
318618
36472
OUEAOOU
OOOOUII
299776
42546
301747
OUEAOOU
305451
314249
60390
OOOOUII
303991
309805
51025
311994
58152
51025
60390
54452
54452
UEUEEEAE
297801
66140
66140
58208
298840
302484
304227
OOOOUII
275455
276617
68438
OEE
269812
272420
275085
282472
78976
285342
35572
289620
297909
46301
301820
67509
OEE
46301
301568
306534
311318
78976
46301
OOIOOEEUIO
OOIOOEEUIO
38978
86343
76812
301152
38978
38978
86343
303936
46301
54702
311876
320019
OUEAOOU
56142
45531
305512
OOOOUII
292087
OOOOUII
UEUEEEAE
258415
OEE
62052
238723
240755
241984
103392
250403
OOIOOEEUIO
OOOOUII
219585
227007
OUEAOOU
213848
218386
225078
105064
225094
231489
77800
85490
105064
85490
232235
240752
240971
241346
77800
77800
248160
105064
110082
257742
105064
61930
87066
110082
262050
105064
61930
265168
265760
270593
85490
274446
110082
277096
282062
283314
289745
105064
297277
85490
105064
298990
300776
77800
77800
UEUEEEAE
61930
292053
61930
301909
302881
87986
308869
317214
OUEAOOU
100010
294735
OUEAOOU
294239
295782
96993
300304
108186
108186
306207
108470
306471
315805
320869
327299
334399
82208
96993
UEUEEEAE
61930
309995
315733
324967
334747
340320
108186
345291
118997
348880
358350
364362
105266
369477
105266
374455
379855
388770
389320
392563
394008
120887
395914
399887
UEUEEEAE
OUEAOOU
400013
401106
409064
123533
123533
120887
415265
82208
424311
433369
120887
439013
444691
444867
447309
451104
454805
OOIOOEEUIO
82318
82318
451356
UEUEEEAE
64119
OIEA
124895
120887
446148
447679
UEUEEEAE
434268
440541
124895
440546
444362
122049
67750
113996
452815
OOIOOEEUIO
123488
446902
448588
448780
453813
96068
463399
123488
471481
116892
122049
478238
487198
496629
OUEAOOU
478543
481438
490304
OOIOOEEUIO
466756
116892
131009
471626
116355
131009
131009
471944
479373
479813
OUEAOOU
452800
UEUEEEAE
428675
129671
134252
431999
OUEAOOU
141942
141942
141942
UEUEEEAE
91022
386513
144371
388542
OOIOOEEUIO
144184
390620
398659
404287
145795
406860
407843
411011
144184
145795
417966
144184
426638
433029
436693
145795
440603
440732
446621
132902
452027
132902
456121
91022
160530
132902
160530
OIEA
144184
446027
OIEA
146615
145971
440926
450428
457860
467377
467569
469833
145971
476165
482713
OIEA
UEUEEEAE
461584
UEUEEEAE
OIEA
OOIOOEEUIO
431268
434530
OOOOUII
431296
UEUEEEAE
412404
122939
159450
418956
163495
163495
163495
424139
OIEA
412856
415538
423625
425255
433144
441154
156797
OOIOOEEUIO
163495
162215
420250
423419
OEE
194983
177875
401064
162898
194983
184031
401583
162898
162898
177875
137172
409771
137172
OUEAOOU
200773
384017
392154
189709
393569
176917
394464
398827
176917
400024
176917
408560
410039
OEE
139614
178051
402181
UEUEEEAE
383224
390496
392347
398338
400792
OEE
390877
398014
405408
409710
413075
415717
194296
202479
416218
417581
418243
198297
198297
424299
198297
198297
425856
433064
172541
442888
149753
OOIOOEEUIO
438907
197372
445469
172541
197372
210442
448573
149753
454084
459180
OUEAOOU
202739
444592
149753
149753
452367
457858
UEUEEEAE
202739
446673
228695
202739
453714
460790
463553
465402
152648
210442
466190
468787
228695
199965
UEUEEEAE
471311
OOIOOEEUIO
OUEAOOU
427280
213766
427480
217425
429833
235857
235857
235857
OEE
243785
UEUEEEAE
394191
OEE
387249
395977
397466
OIEA
394438
247695
401302
406896
OIEA
406489
229778
415872
421832
431789
434084
439250
193208
445805
448217
229778
451065
460317
171361
171361
460526
465112
UEUEEEAE
451535
457545
459524
UEUEEEAE
247695
OIEA
450358
193208
457715
230826
193208
179142
462017
471457
477106
193208
485451
489845
247695
247695
230826
229778
OOIOOEEUIO
477085
189072
247887
230826
483457
483593
232794
491218
232042
494968
232794
503694
189072
232042
504401
506067
193208
515319
230826
519399
OUEAOOU
189072
237341
514499
OOOOUII
491962
259256
494855
502506
189072
510423
512415
202990
OOOOUII
230826
194255
496199
502241
232042
505569
261938
OOIOOEEUIO
OEE
470289
472351
OOIOOEEUIO
452216
269594
OEE
444156
206469
231721
445433
OUEAOOU
215691
233200
233200
OOOOUII
416926
420610
429964
436866
439771
215691
440810
449307
449984
452014
251995
243577
460782
OEE
215691
272580
442890
445690
447063
UEUEEEAE
437979
275945
245674
442559
451053
OOIOOEEUIO
454711
215691
458583
460784
246077
469897
246077
215691
472881
OIEA
246077
467868
471775
248261
273872
473039
481105
221197
UEUEEEAE
479731
OUEAOOU
277502
222899
459816
OUEAOOU
277502
255631
463058
258085
467079
467618
258085
474787
474972
283759
OUEAOOU
222899
470658
289133
273872
472572
273872
273872
474365
481853
485183
486111
490954
494212
280606
222899
497489
501622
510986
515177
518464
522853
528949
531388
540241
222899
OUEAOOU
OIEA
497431
498344
287138
OOOOUII
OOIOOEEUIO
486486
492721
502525
510525
518161
287138
OOOOUII
236498
OOIOOEEUIO
OEE
485662
305841
490073
OUEAOOU
OIEA
OIEA
305841
461441
471433
316392
471710
474909
316392
478220
305841
483780
OIEA
305841
468254
472519
472956
482950
485790
495538
305841
498234
508071
316392
255192
510111
316392
305841
316392
OIEA
305841
OIEA
305841
293305
296521
505423
510080
OOIOOEEUIO
279609
293305
OOIOOEEUIO
309047
509308
514022
OOIOOEEUIO
316392
519586
521725
524325
296521
530155
279609
OOIOOEEUIO
533556
541310
545867
293305
552138
259202
316392
557201
OOIOOEEUIO
316392
549104
316392
279609
557209
561079
564802
570442
574398
259202
316392
577227
293305
578301
296521
588259
293305
589807
591626
279609
UEUEEEAE
316392
279609
584415
264851
594255
316392
599894
331538
604977
612393
618250
619008
619124
264851
264851
295080
626457
296521
630455
640108
647827
296521
OOIOOEEUIO
333596
OOIOOEEUIO
265694
600348
287568
320142
287568
OEE
317964
317964
597959
OEE
350081
OOOOUII
573698
268587
321612
577157
320142
OIEA
OOIOOEEUIO
327395
289560
557827
564972
573835
OOIOOEEUIO
289560
OOOOUII
562178
UEUEEEAE
327395
565526
567160
567622
568722
OOOOUII
333627
555633
378772
378772
563446
328514
303840
565527
566068
OOIOOEEUIO
385589
556893
333627
328514
312182
562337
564003
571066
576519
UEUEEEAE
334191
552474
553145
OOOOUII
551449
OUEAOOU
533246
OUEAOOU
OIEA
333284
516923
337399
357454
OOOOUII
328371
OOOOUII
506878
515586
522548
532011
537811
OIEA
532307
292496
534415
537308
538310
547758
389587
337574
389587
551201
349632
552704
337574
556251
OIEA
550736
337574
357454
557030
389587
561217
565091
570958
574922
357454
336500
582426
588788
389587
590829
595335
349632
OOIOOEEUIO
UEUEEEAE
343670
353095
559044
343670
353095
563239
OIEA
306977
543505
550853
552193
553316
562224
563343
564122
570108
406598
574536
OIEA
583141
345737
355348
306990
587876
595453
601382
610339
612252
366307
350560
366307
619833
626282
633897
639949
640833
646761
306990
655758
663845
666218
666919
673958
681136
OIEA
OUEAOOU
664025
673622
UEUEEEAE
356795
356795
406598
659936
406598
345737
356795
664142
665259
665713
673117
680836
319689
684964
692294
696853
697080
OEE
OEE
663212
663229
423732
349048
672389
676205
423732
679351
680782
689906
698584
706465
369405
423732
709198
376111
367412
322888
716207
OEE
708507
709041
716841
367412
322888
379601
OEE
426572
426572
710372
OEE
OEE
707641
OEE
349048
705564
712902
OEE
OEE
697275
393494
OOOOUII
689338
689528
695220
OOOOUII
408513
691581
372126
692900
UEUEEEAE
689008
431229
373545
373545
697675
396094
701178
327617
709618
327617
OUEAOOU
704615
712969
720956
728303
431229
729573
731193
733650
327617
327617
364771
376683
400866
408513
327617
327617
740659
400866
747214
752861
752992
408513
762323
431229
768583
327617
775233
408513
780591
431229
784082
790916
376683
792950
408513
OOIOOEEUIO
376683
376683
433847
795795
OIEA
779785
412383
789530
790313
790426
436292
333813
800420
804528
368494
808508
333813
812108
821495
376683
333813
826477
410470
831710
333813
832606
UEUEEEAE
828958
830854
436292
832235
832320
834512
380027
839590
OOOOUII
815907
818395
439121
819917
390597
827636
417193
837212
844580
849205
852054
377231
858323
858517
439121
868509
390597
877478
439121
339164
878018
885707
895060
899587
902465
377231
904458
417193
913544
916934
412289
390597
OOOOUII
439121
912718
916424
916844
921261
OEE
910055
916984
919993
339164
UEUEEEAE
902531
907452
914094
916641
922562
925761
UEUEEEAE
919462
423808
920183
924381
423808
934330
939422
OEE
OEE
411480
901702
425647
411480
908302
446653
448107
OOIOOEEUIO
901317
425647
419613
OUEAOOU
899206
908018
419613
419613
913946
914155
OEE
903317
394760
910097
OIEA
OIEA
868691
873598
878000
878496
882247
889458
381364
394760
466317
466317
894218
899960
442560
394760
421667
OUEAOOU
906795
912125
918141
OEE
898192
902895
909730
915734
919921
925533
933492
939012
942632
944653
421667
948498
958403
OIEA
403035
950453
959219
456357
959426
965684
973028
973511
456357
456357
979888
983998
986498
UEUEEEAE
385497
976062
976944
467308
979102
385497
OUEAOOU
403035
960260
OOOOUII
475329
391364
953201
955637
959146
963190
477789
968214
OOOOUII
952652
962478
964298
968850
478453
976791
979408
479524
987180
991191
414338
OOOOUII
988493
994858
479793
OUEAOOU
398796
488353
976429
430155
479830
488353
479830
479793
980878
990683
997239
1001364
1001629
1011203
488353
1013945
479830
1021624
1025133
398796
UEUEEEAE
398796
1008314
398796
OUEAOOU
996681
487407
999584
436846
487407
OEE
993362
995182
436846
1005032
1008316
1014645
1019043
487407
1022650
488276
487407
1027665
1032562
1036686
487407
1044431
497623
1048740
1049250
1055480
487407
487407
497623
1064738
1065947
1071877
1074940
1081484
436846
1091141
487407
OOOOUII
UEUEEEAE
UEUEEEAE
487407
494516
1037544
494516
1038540
1041075
449384
UEUEEEAE
486101
507321
406883
1030802
1032209
486101
1039648
1043276
OOOOUII
1028484
508438
1034630
509639
1042793
1050777
1058850
1067587
489634
487407
508438
1072337
508438
449508
1072413
1075565
1079916
1086472
509639
OUEAOOU
509639
OEE
1069362
1072245
OEE
1071175
1074165
487424
1077398
OUEAOOU
1071703
521273
OUEAOOU
1072845
411153
OIEA
453512
1053154
487424
1054976
OOOOUII
UEUEEEAE
1029053
1034576
1043632
519702
1047029
454046
UEUEEEAE
530048
UEUEEEAE
1031806
1037245
1039237
1046905
421767
1049634
1059274
421767
1067461
1072132
1080050
521945
OIEA
UEUEEEAE
OOOOUII
507233
531868
1026287
531868
424025
460629
541395
1032415
1037239
1038580
1044456
541395
1044698
1044983
1050651
1052930
UEUEEEAE
1044078
1046634
1046718
424025
1047770
558530
UEUEEEAE
463772
1052907
463772
1061853
1062840
1067801
1068455
561045
1074835
1083116
1089413
OUEAOOU
463772
561702
1079684
1085381
1086497
1092193
1099679
424025
463772
1108752
1111858
561702
1112917
1117778
OUEAOOU
1124638
1130318
1135851
OEE
537368
1130400
1138113
1146949
1146952
1149227
OEE
1155650
1157003
1160751
463903
537845
1162133
OEE
424025
424025
524686
550840
1167133
424025
OOOOUII
1164422
567349
UEUEEEAE
530044
1147183
1148385
1151081
570774
1157137
1163456
1168176
1177458
UEUEEEAE
1181780
1182545
547849
1187876
1190845
OOIOOEEUIO
547849
OIEA
1146050
1149833
OIEA
553284
1142263
440804
1142371
OUEAOOU
OUEAOOU
581093
1135495
OUEAOOU
570162
552605
1107604
OEE
1097055
1101052
586171
1106424
1110414
446409
UEUEEEAE
1103764
580087
569296
1106528
1107928
496501
569296
1116668
OOIOOEEUIO
1117011
1125012
1134774
OUEAOOU
1124324
1131781
1136458
496501
1144982
OEE
587776
OOOOUII
456302
OEE
456302
OOIOOEEUIO
1103085
OIEA
1101871
1108277
510683
1109367
1109949
1114077
586388
510683
1120044
596163
UEUEEEAE
1120862
1128332
1137834
1142249
1149698
1157846
1158647
466240
1165090
1172529
1178819
586388
1185961
UEUEEEAE
OEE
OUEAOOU
591309
1153007
1161083
1167293
1169800
OUEAOOU
466961
1149775
606389
1158650
1166029
596401
1169477
UEUEEEAE
607862
607862
586914
1175238
596401
622705
1181659
1191034
UEUEEEAE
1190799
1195806
1200832
1204076
1211491
615236
UEUEEEAE
1211138
OEE
1197777
1207068
1214925
524386
622705
1224040
1229135
1238237
622705
1246785
1250521
OUEAOOU
593694
1255488
622779
1263781
1265707
1271763
1278279
OOOOUII
623799
626475
OOIOOEEUIO
1254124
OEE
1234166
1234678
471208
471208
1239601
471208
1243452
471208
629129
1247815
632217
1254839
545791
1258319
632217
1259719
1262784
601161
471208
1263177
545791
1263632
1264186
1267681
1272381
471208
1279178
1288380
1296695
602879
1303064
OOOOUII
1282541
601255
629129
1291430
604112
553754
1295322
604112
1300703
1308865
471208
1314226
1322929
1327581
1331419
1337575
1340923
553754
1341053
OUEAOOU
612071
1329591
648492
1330622
555982
OOOOUII
1313281
1320542
1324690
606896
606896
1330656
1330934
606896
1339296
1348316
475053
1351715
UEUEEEAE
UEUEEEAE
1338709
1338741
1342642
648343
648343
649275
1350464
1358366
1360035
1364939
621976
621976
1371196
OEE
1370419
559997
OOOOUII
475053
606896
566621
1357825
1359771
566621
606896
1365737
1372151
1379142
1387242
566621
1393475
649275
1403149
1405524
1406941
649972
649972
1414896
1417020
1426030
629320
OOOOUII
OIEA
1380810
1382953
1385195
649972
1393755
1399903
609396
1408673
OEE
UEUEEEAE
1377543
1384425
492857
657440
1394072
OIEA
UEUEEEAE
657440
1338771
671742
1340187
585458
1343165
1351857
1360284
OOIOOEEUIO
1342316
1347037
500048
630972
500048
660949
691223
630972
671742
500048
585458
OOIOOEEUIO
691223
585814
1336931
639616
1338094
660949
1346744
OOOOUII
502951
1335482
502951
693043
1342795
592431
1347373
1350989
UEUEEEAE
647150
1329502
604840
1337180
697332
1338919
1340506
604840
1349812
681592
660949
1353790
1363335
UEUEEEAE
1364824
647150
1372532
1377536
510682
660949
UEUEEEAE
OEE
OOIOOEEUIO
681592
681592
1314583
719974
514986
683608
1319017
OOIOOEEUIO
681592
719974
1313442
660205
1316644
OOOOUII
1318288
1319155
719974
UEUEEEAE
1313493
681592
726841
665532
665532
UEUEEEAE
1300607
1301038
1302958
1307796
1309382
736890
514986
OOOOUII
1289455
1298074
681566
630444
518138
1299054
1306325
630444
UEUEEEAE
743863
631947
1296666
688148
631947
688148
1303326
1307640
1308494
631947
1316919
1324590
683608
UEUEEEAE
1325799
743895
1325910
683608
1335824
743895
743895
OEE
684207
1323771
1327261
1333990
688830
684207
632950
684207
1339450
1340666
1350199
1357061
1362341
UEUEEEAE
1349806
688148
1354614
536127
OOOOUII
1337454
1339218
1339515
694656
538856
OEE
1320464
1328598
1331430
708127
OIEA
1313900
1319015
1321800
1322858
1328563
1334190
645987
1342770
OOIOOEEUIO
1342623
1348354
710841
1351838
1352180
1353470
706766
710841
1358074
645987
544809
708963
708963
544809
1366976
758421
1372302
1380953
1386771
1396444
1404661
1408368
544809
710841
645987
1415219
1420760
1423688
1426079
1434901
758421
1442560
706766
1451045
1453594
1453990
1460983
1466771
645987
1469930
OIEA
1464542
710841
553841
1468685
OIEA
1474648
710841
1475693
OIEA
712148
1473307
OOIOOEEUIO
710841
1463692
710841
716634
OOOOUII
710841
563963
1457128
1457318
713766
1459116
1467463
1468566
758421
1478541
1484334
1493777
1503139
1508791
710841
1512481
654282
718528
1513582
758421
1517019
OOIOOEEUIO
1518421
710841
1528412
1536538
OOOOUII
OEE
OEE
1502510
1503454
731581
767494
1504366
719517
567069
567069
567069
1507847
722005
1516570
1525425
1528013
1534063
OIEA
1538441
570007
731581
731581
767494
719517
1544226
OIEA
728868
578786
1536890
731581
1540369
728868
1549306
1551958
1552062
728868
OEE
719517
OOOOUII
767494
1540063
OOOOUII
OIEA
1516704
OUEAOOU
725635
731581
1516097
1523209
UEUEEEAE
OOIOOEEUIO
602111
OOOOUII
788840
OUEAOOU
1449420
1449552
1459418
741628
1468800
1474256
OEE
741628
737532
1476416
764115
1484142
1485260
764115
1492363
1500150
OEE
OEE
750997
OOIOOEEUIO
1465354
1468886
737532
1474758
1482353
1490465
1495945
OUEAOOU
691811
781860
760648
OUEAOOU
795329
760648
OIEA
1478720
1480439
781860
795329
760648
1486417
691811
760648
748899
781860
OOOOUII
1478894
800006
760648
800006
1488655
1495061
1501681
OIEA
1494610
760648
1496561
OUEAOOU
1475145
1480796
1484206
619171
782950
761230
806412
1487460
806412
709243
OOOOUII
1472475
OOOOUII
768612
1475603
619171
1482328
716215
1489486
619171
UEUEEEAE
1490717
782950
1499338
782950
768612
782950
1504164
820318
1510472
1512213
1518498
UEUEEEAE
1504330
1507688
OOIOOEEUIO
1479806
733428
OOIOOEEUIO
1457896
782950
UEUEEEAE
1449937
624300
1456474
747714
1458150
782950
1466647
1474508
1474724
OIEA
753027
OOOOUII
UEUEEEAE
1443033
1446021
1455963
1456821
782950
UEUEEEAE
754135
OEE
762844
793131
791197
OUEAOOU
OOOOUII
1406212
1407618
1413006
807324
627748
1422981
1429273
1435306
1443766
807324
1452337
OIEA
763250
1445637
1449574
779992
1457990
OUEAOOU
1431574
1434758
1438081
785046
1438748
1440811
807324
1443802
1449107
807324
1451665
OOIOOEEUIO
1453401
805075
645127
OUEAOOU
OUEAOOU
1400908
1404638
771976
1413899
646710
1422719
1431491
OIEA
1437129
1439735
1446713
1453190
1462931
1469699
OOOOUII
1469123
1471361
OEE
UEUEEEAE
815780
806169
OUEAOOU
815780
819344
OEE
784360
OOOOUII
657916
823584
657916
784672
657916
1375965
1383247
823584
OOOOUII
1384081
1390247
1394725
815780
1401911
1411519
OOOOUII
815780
815780
OOIOOEEUIO
1392453
657916
918013
796743
1393134
1396017
657916
1405952
UEUEEEAE
796743
824615
1396318
1399380
796743
821746
OOIOOEEUIO
824615
UEUEEEAE
OUEAOOU
661315
809811
873397
1341843
OIEA
852917
1324627
1329115
873397
873397
816802
1334713
825647
663988
1338109
1344694
1350934
663988
1360252
OIEA
816802
1366178
664467
OOOOUII
1350274
934301
883071
OEE
1329342
UEUEEEAE
1321534
OIEA
678446
OIEA
681877
1307109
1309080
681877
1315499
1319756
681877
1322529
1326866
899922
899922
1331628
1334566
1343460
OIEA
1347023
825647
1356778
1357431
825647
1366693
1368250
1369773
1371076
OOIOOEEUIO
1368293
962836
1372292
1379991
962836
OIEA
899922
1373098
UEUEEEAE
972578
1371824
856458
1381112
1388063
1394280
1401754
1410978
OEE
1400025
1408840
1416722
1418081
1425317
701028
829702
1430412
1436722
1440266
908196
1445279
701028
1448136
1456601
829702
830184
OOOOUII
1454562
1463813
1473049
OOIOOEEUIO
1459366
UEUEEEAE
1442548
1451874
1461152
842744
1468939
1469064
1469884
1478152
1487032
839846
OOIOOEEUIO
OOIOOEEUIO
1435297
852616
856458
995680
OOIOOEEUIO
995680
728172
856458
853119
856458
1440960
1444227
728172
1453176
995680
995680
856458
1463059
OOIOOEEUIO
1446521
1455150
856458
1462530
1463831
1468876
733010
1477228
1001580
UEUEEEAE
733990
860821
1451740
1456899
OOIOOEEUIO
869246
UEUEEEAE
880258
1410096
880258
1015172
1414877
OUEAOOU
1408694
927208
927208
1418597
1423896
880258
1432724
1438661
OUEAOOU
1416805
927208
875838
1425645
OUEAOOU
888846
1025075
OUEAOOU
885807
880379
1414071
880379
1417027
756468
1420784
1428261
1433000
880379
756468
927208
890907
OOIOOEEUIO
1420702
OOIOOEEUIO
OEE
1410377
887552
1412732
1418796
OUEAOOU
OOIOOEEUIO
1042192
1405613
897389
1409608
UEUEEEAE
1396707
OUEAOOU
OOOOUII
1368975
937439
1377989
907330
1378981
1056762
1386953
907330
1390910
937439
1391575
894106
1392446
1393196
1056762
909091
1397654
1056762
1402774
1412530
1420253
OUEAOOU
1411571
1416016
1418510
1421748
1428108
763344
1435735
909091
OEE
1418593
1420593
913333
OEE
914632
914632
914632
OEE
1418861
1421049
1428044
1059153
941248
1432048
OOOOUII
OIEA
OEE
1385420
1062312
UEUEEEAE
1379935
1388154
779710
1065915
1065915
1398091
1399895
OEE
OOIOOEEUIO
1359212
921741
924535
1368704
1368894
1374865
1075256
960549
1375267
921741
1380069
1382260
1382741
1383619
1075256
OEE
1367907
1372158
1378156
964405
924535
1384633
953110
1390171
779900
1398583
1075256
924535
1402336
929590
1404532
1075256
1411001
1415188
1418372
1423922
1433309
924535
OEE
933280
924535
1428686
1433922
1441168
1442120
OIEA
UEUEEEAE
1412183
1416160
1420127
987749
1428382
1430627
1438647
OOIOOEEUIO
1425502
1425721
797808
933390
1430115
933390
1435788
1439791
1448065
933390
1450420
1454586
1457506
1463872
1466466
953110
953110
1467674
1472039
OOOOUII
1456022
UEUEEEAE
996472
996472
OOIOOEEUIO
1438963
1445999
801287
1449862
1459669
OUEAOOU
802226
OEE
1437012
1095271
1446405
1447057
1450260
1457429
1463676
959683
1468711
OIEA
947589
1449560
1451585
969549
947589
1095271
969549
1458441
OOIOOEEUIO
1457084
1095271
1458534
814106
1466959
OOIOOEEUIO
958999
1462755
1463805
1469811
1095271
1471814
1475788
1482453
1487017
953822
OUEAOOU
1474424
958999
1103058
1475678
956433
1477539
1481385
OEE
OOIOOEEUIO
958999
1473391
1481859
814106
OOIOOEEUIO
958999
1479299
1479361
958999
1103058
1103058
OOOOUII
969112
1470753
969112
OIEA
UEUEEEAE
1019573
1443603
1445988
1449576
971646
1449624
1457823
1460831
831970
1019573
1467005
1471962
1479110
1487746
1495621
1504395
1514067
1520995
OIEA
1512268
836666
OIEA
1507017
1021524
986143
OIEA
1112932
847207
OIEA
1112932
1485981
1493735
1503648
1508513
986143
OUEAOOU
1504094
1508731
861564
1514001
978371
1517278
OUEAOOU
1504600
1511031
OIEA
1487724
1492613
868874
1500482
1510089
1112932
992451
1112932
999573
988014
1512916
868874
1519635
OIEA
1031821
1503341
988014
1510490
880763
999573
1516990
988014
1031821
880763
880763
1031821
1524663
1533240
1537104
1545994
1549625
1553971
UEUEEEAE
1555963
UEUEEEAE
OOIOOEEUIO
1010921
1528348
1125948
1039187
1530367
885132
1539827
1544200
1008571
885132
1545525
1125948
OOOOUII
1039187
OOIOOEEUIO
885132
994522
OUEAOOU
1478578
1045220
1485996
1491268
1034994
1495343
OOIOOEEUIO
1489998
1497932
1039818
1000108
893548
OOOOUII
1472345
1479798
1026016
1045153
1007627
1045153
OEE
OUEAOOU
OIEA
1144685
1427608
UEUEEEAE
OIEA
1381619
1044917
1390223
OIEA
1156349
1026212
1156349
1388675
OEE
1367767
1374727
1383795
1051679
1162706
1386564
1060583
OEE
OEE
1360571
1366511
1026212
1162706
1370881
1374881
1383865
1387212
1397173
1400096
1079393
946471
1402762
1408473
1067168
946471
1415672
1418373
OIEA
1392050
UEUEEEAE
962101
1368969
962101
1369399
1085892
1085892
1370973
1377573
OUEAOOU
1355410
1358105
1360793
1072078
1369107
1378283
1085892
970995
1381882
1072078
1072078
1040141
1040141
1085892
1386679
1389686
1390890
1394032
1402954
1402984
OOOOUII
1393033
1393741
1085892
1399474
1085892
1406381
1072078
1414965
970995
970995
OIEA
1407691
1407761
976017
1415793
1424720
1426545
OOIOOEEUIO
1408251
OOIOOEEUIO
1416739
1423514
1199116
1432407
1433415
1085892
1436269
1439950
1448843
1199116
1451357
1199116
UEUEEEAE
1431043
UEUEEEAE
1438155
1045443
1445701
1211871
1450820
1089879
1457862
1464464
1469883
1085892
1470594
1080454
UEUEEEAE
1460261
1218316
1080454
1089879
984911
1094707
1094707
1218316
1464034
1468767
1477826
1045443
984911
1478013
1478261
1482215
1489957
1490352
1497369
1498403
1218316
1506268
1512780
1045443
1080454
1218316
OIEA
1498756
986028
1501905
1094707
1510080
1512438
1089879
1512825
1519553
1527051
986028
1225086
1534265
1540252
1540261
1545469
1547921
1551791
1553882
1562438
1089879
1570329
1089879
986028
1579849
1585567
1225086
1594999
986028
1600170
1601788
1610643
1052679
OIEA
986295
1614669
1052679
1618173
1619021
1626539
1627294
1094707
986295
1094707
1635317
OOIOOEEUIO
1626420
1633889
1637919
1094748
1642492
1081813
OOIOOEEUIO
1650312
OEE
1100327
999686
1101273
1640577
999686
1641688
1100327
1225086
1645159
1101273
999686
1649558
1650976
1225086
1225086
1056223
1101273
1657749
1101273
1225086
1664139
1666412
1671188
1101273
1679235
1056223
OUEAOOU
1680406
1225086
1685838
OUEAOOU
1103958
OOIOOEEUIO
1664221
1091049
1668062
1110408
1676557
1056223
1110408
1677668
1678567
1103958
1110408
1056223
1687240
1110408
1091049
OEE
1003599
1681888
1056223
1091049
OIEA
1233512
1233512
1680091
1684995
1690188
1692930
1701964
1710301
1715298
1721447
1727601
1732570
1006800
1091869
1741425
1121148
1056223
1750932
1751279
1755308
OUEAOOU
1058212
1731808
OUEAOOU
1119479
1716663
1111496
1722474
1725208
1058212
1233512
1111496
1130097
1058212
1015134
1728942
1734992
1744078
1752271
1233512
1111496
1015134
1757783
1119479
1762246
1763981
1765620
1015134
1774693
1119479
1015134
1058212
1783819
1785222
1130097
1058212
1787914
1793841
1797496
1803268
1111496
1806008
1812088
1813223
1816803
1233512
1130097
1015134
1819711
1826578
1111496
OOIOOEEUIO
1129097
OUEAOOU
1125999
1125999
1797218
OIEA
1789446
1238557
1797473
1127386
1144024
1802145
1058212
1127386
OOOOUII
1796687
1803592
1063473
OOIOOEEUIO
1791609
1799427
1802009
1809200
1813521
1818037
1238557
1825153
1834028
1144025
1841403
OOIOOEEUIO
1068115
1842354
OIEA
1829980
OOIOOEEUIO
1825510
OEE
1173009
1813081
1238557
1076178
1152058
1822425
1173009
1823817
1824585
1032077
1831388
1173009
1173009
1152058
1139983
1173009
1076178
1831538
1076178
OEE
OEE
OOOOUII
1092863
1779781
1781716
1180088
1033398
1789942
1244070
1791069
1180088
1792519
1802430
1092863
1174872
OEE
1791788
1174872
1796451
1186873
1800490
1805933
1811656
OOOOUII
1807056
1101320
1811151
1818980
1101320
1820585
1244070
1829918
1838028
1846931
1852071
1854687
1033398
1863481
1244070
1101320
1871993
1875418
1174872
1882787
1885353
1101320
1886288
OOOOUII
1142477
1197567
1197567
1878155
1878261
OEE
1247949
1854664
1110963
1855123
1856413
OOIOOEEUIO
1185373
1210754
1831609
1840698
OOOOUII
UEUEEEAE
1827498
1835122
1840934
1845407
1216725
1187205
1148708
1853028
1216725
1857269
1866226
1871452
1877910
1879540
1058927
1884464
1890408
1120455
1890726
1897974
1903109
1907346
1911526
UEUEEEAE
1120455
1906344
1915474
1920156
1924436
1931024
1935515
1936078
1941803
1058927
OUEAOOU
1934024
1269861
1196272
1216725
1151287
1151287
1943455
1058927
1120455
1952516
OUEAOOU
1929989
1932225
1934778
1129120
1129120
1220912
1943261
OUEAOOU
1129120
1129120
1941889
1948223
1159171
1196272
1159171
1129120
OEE
1067339
1163461
1933485
1942294
1163461
1067339
1946291
1283001
1954792
1196272
1964063
1283001
1970096
OEE
OEE
1067339
1969860
OOOOUII
1965389
1131777
1972346
1980718
1981175
1987114
1067339
1283001
1992721
1999357
2007474
2011235
2014804
2023897
OOOOUII
2024143
2032040
2040359
2040615
1197224
2042972
2044135
2053383
2057849
1132965
2065008
2069275
2072110
2077808
2087489
2087887
1132965
1283001
2091740
1283001
1132965
2101572
2106667
1234803
2108445
2109493
1170707
2119109
1067339
1170707
1234803
2125180
1132965
OOIOOEEUIO
OOIOOEEUIO
1243058
2104836
2113165
2122793
1204103
2132397
1204103
1243058
1243058
1071316
1204103
1170707
2141859
1170707
1071316
2149198
2158046
2165625
2169159
2173638
OUEAOOU
OEE
2153961
2161470
2171051
2171243
1071316
1071316
1177972
2179218
1141217
1141217
2179398
OUEAOOU
2160936
2167872
2173866
OUEAOOU
2161434
1186258
1077837
2164362
2174360
OIEA
2172276
2178807
OEE
2159412
1271761
2164377
1187602
1288176
2171835
OUEAOOU
2166726
1288176
OUEAOOU
1153942
1087031
1216976
2169418
2177402
1216976
2178533
2187283
2188977
1288176
2198876
1288176
1288176
2199386
2202248
2205574
2207237
2214824
2215505
2217165
2222337
2229573
2232800
2240664
1153942
OUEAOOU
1278129
2228103
OUEAOOU
2230628
1092066
2239032
2248026
2253075
2260189
2262697
2267396
2269023
1160189
2274762
1092066
1216976
OOIOOEEUIO
1210289
OUEAOOU
2244282
OIEA
2224944
1164753
2225345
2232447
1108874
OIEA
2220644
2225615
1217345
1116934
2230862
OEE
2209569
2213699
1293445
OEE
2215529
2220112
2229366
1293486
2232668
2238687
2245002
1227449
2254136
2262245
1164815
OOOOUII
1232842
1296817
OEE
1308296
2216902
OOIOOEEUIO
2219473
1308296
2223638
1171963
OOIOOEEUIO
2210667
2213415
1308296
OOIOOEEUIO
1312214
2204673
1230818
1181504
1230818
2206988
2211637
2218818
1312214
2221253
OOIOOEEUIO
1139765
1230818
1304692
OIEA
1304692
UEUEEEAE
2202482
2206259
1313461
2214152
1263061
1304692
1186369
UEUEEEAE
2221715
2222949
2226210
2234277
OOOOUII
2227593
2229777
OIEA
2219651
1319125
2220183
1272587
2221711
1304692
2229933
1319125
1304692
2236270
2238946
1272587
2246654
2250149
UEUEEEAE
2239083
2244427
2252906
1168578
2253999
2256891
1304692
1304692
1304692
2265452
2275412
OIEA
2277840
2285016
1194806
OIEA
2291715
1194806
2297402
2298844
OUEAOOU
2300440
2304116
1194806
1247010
UEUEEEAE
1279087
OIEA
2289482
1279087
2291098
2300655
1252266
OOIOOEEUIO
1194806
2286317
1342407
1185626
2294076
OUEAOOU
2275833
1193666
2281494
2290795
1262533
OUEAOOU
2279924
2285893
2293127
1291437
2296027
1202378
2301804
1345286
OOOOUII
2286057
2294769
2297680
2305188
OOOOUII
OEE
2279121
2281374
OOOOUII
1323026
2277883
1213577
1323026
1323026
2278890
UEUEEEAE
2256731
2265731
2269282
UEUEEEAE
2269764
1358418
2270062
UEUEEEAE
1206026
OOIOOEEUIO
2256685
2259003
2268834
2275575
1338536
2276268
2277429
2282294
OOOOUII
2266409
OOOOUII
1229513
2269934
OIEA
1341459
1369315
2264050
1236732
1369315
1312800
2268635
2276102
1273008
1236732
2277482
2279081
1341459
2286395
2287947
2288563
2290161
OOOOUII
2281004
2284772
1313664
2292862
2299995
2308544
1274582
1241264
1221416
1313664
OUEAOOU
2288039
1244716
OUEAOOU
2275445
1224111
2281342
1252520
1285830
2281493
2289320
2290744
1224111
2297135
1252520
1285830
1348059
2301706
2310379
1348059
1252520
1348059
2317377
UEUEEEAE
1230552
1230552
OOIOOEEUIO
2281361
2289638
2289788
1328994
2292419
2298003
1252590
2299802
2301601
2302302
2310845
2313536
2317224
2325050
2331868
2341844
2344876
2352148
2360016
1362653
1230552
2364792
1288104
2364912
2366233
2376142
2377677
1328994
1288104
2386872
2390715
OOOOUII
OIEA
1362653
2356370
OOOOUII
1362653
1385447
OOOOUII
1345862
2352569
OOOOUII
1240026
1362653
2352638
2359408
2363562
2369294
2372062
2374911
OIEA
2361711
OOIOOEEUIO
2337146
1289929
2345473
1397630
1268671
1246221
UEUEEEAE
2338370
2340209
2342251
2351871
1402319
1289929
OOIOOEEUIO
1246221
OOIOOEEUIO
2347331
2348341
2349181
2355032
1371546
OOOOUII
1282514
2341047
2342298
1370361
2345288
2346634
1246221
2348568
1282514
2354951
1282514
1289929
2364409
2374357
1371546
UEUEEEAE
2361140
1288869
2361977
1371546
1289929
1420452
1370361
2366183
2376031
2381291
UEUEEEAE
2385930
2393643
2397682
1288869
2405548
2409232
2410063
2419673
2427618
1289929
2432199
2433378
1421164
2434135
OOIOOEEUIO
2427866
2437397
1424797
1246221
2438692
1246221
OEE
OOOOUII
2402739
1289929
2411626
2417802
2420602
2425795
1424797
1374399
1289929
1306966
2433465
2442984
2445384
1424797
1289929
OOOOUII
2450390
2450993
2458681
2458763
OIEA
2442404
2449320
2456929
1424797
2459618
1424797
2465165
2473210
1424797
2475352
2484520
1424797
1296657
UEUEEEAE
OIEA
1308126
1276159
2447909
2448522
2452269
1299109
2456045
2459252
UEUEEEAE
2436486
1299109
OEE
2436571
1299109
2446067
2448193
1377675
1426468
1377675
OUEAOOU
OOOOUII
1390043
1441038
OUEAOOU
1309326
2417759
2417869
2422683
2425299
1390043
1280403
1309326
2429801
1309326
2430876
OIEA
2417729
2418213
2421708
1311425
2427111
OOOOUII
1311425
1311425
OUEAOOU
1445611
1404387
1404387
1404387
2407016
OEE
2402367
2403031
2407377
1333017
2407736
2408965
UEUEEEAE
1333017
2397355
2400981
OUEAOOU
2385488
1454274
1333017
1333017
1419207
2392019
1436888
1436888
2393353
2399494
OUEAOOU
2400355
1436888
2401024
OOOOUII
OUEAOOU
2383086
1459706
1419207
2387450
OIEA
2381074
1441628
1294484
2381130
1332448
2388004
2390665
OUEAOOU
2380996
OUEAOOU
2370740
2375581
2378549
1307359
OUEAOOU
OUEAOOU
2368202
1352826
OUEAOOU
OUEAOOU
1307359
OOIOOEEUIO
2351283
2355986
2357708
1428241
2360373
OUEAOOU
2349357
OOOOUII
2348504
OOOOUII
2352348
2353781
1466144
1428241
2361587
2371347
OOOOUII
OOOOUII
1460053
OOOOUII
2358111
1460053
2368069
1366886
2374243
2379229
2383023
2391980
1460053
OOOOUII
1380680
OOOOUII
2382915
1384546
1466144
1307359
1460053
1384546
1366886
2389338
OOOOUII
2392765
2393419
2398828
2401881
2405499
1388095
1466144
OUEAOOU
2392106
2399426
2405893
1373568
1442632
1307359
2407359
2407715
2408021
1461692
OEE
1375959
2390823
OOIOOEEUIO
2390405
2396328
2405188
OOIOOEEUIO
1457685
1391529
2405160
2406566
2413810
1379614
1461692
1391529
OOOOUII
2405995
2407323
2410802
1313439
2419229
2425389
2432219
2438775
2440312
1464432
2440587
2450450
2459688
1394745
1457685
UEUEEEAE
2445838
1323214
UEUEEEAE
2448949
2453019
1473319
2455248
1477057
2460865
2461110
UEUEEEAE
2454226
1473319
2461206
OOIOOEEUIO
1379614
2455427
2457965
2467872
1323214
OOOOUII
2450034
2450448
OOOOUII
2452063
OOOOUII
2456060
1492148
2458492
1489451
1457685
1492148
1379614
2461918
2462516
1328049
2466778
1489451
OUEAOOU
2445904
2453079
1492148
2455107
1388274
1489451
1489451
2455572
1462201
2456209
1418507
2464996
OOOOUII
2448010
1489451
2457906
2467402
2470874
1469576
OOOOUII
2463914
1497622
1469576
OOOOUII
1391051
1328049
2458784
OOOOUII
2444476
2446692
2455827
OOOOUII
2447973
1329176
1467034
1494348
OEE
2421453
OEE
2424917
2426250
2435871
2443406
2451972
1476876
OOOOUII
2433965
2440563
2449351
2452535
1518093
2458970
2464045
2469355
1329176
2478505
OOOOUII
2483073
UEUEEEAE
UEUEEEAE
1476954
2458307
2466074
1536060
1474925
2470034
2473592
2475508
UEUEEEAE
2465610
1337286
1509914
1509914
2469057
OOOOUII
2473161
1550263
1337286
2474887
2476455
2482087
2483048
2489903
1550263
2491627
2498059
2498723
2505866
1509914
1550263
2514367
2518359
2522668
OOOOUII
UEUEEEAE
1567762
1402733
2479864
1338576
2486191
2491205
2496694
2506432
1516196
OOIOOEEUIO
1494462
2499302
2506716
1569266
1346200
1523698
OOOOUII
2500124
2506757
2515627
1526481
1489378
2519619
2528486
1489378
1489378
1498444
2533822
1489378
OOIOOEEUIO
OIEA
1494604
1580648
2502879
1535438
1502083
1354790
2511466
1402733
2512193
1354790
1494604
1502083
1502083
2513486
1354790
2517987
1402733
2523967
1402733
2528564
2528727
1354790
1354790
1535438
2534947
2539838
1354790
1502083
2549249
OIEA
1535438
2548034
1535438
2554181
2561655
1494604
2567742
1502083
1535438
1535438
OUEAOOU
1403395
1403395
2570381
1502401
2570595
2579790
1358015
2589286
1358015
1403395
2598456
OIEA
1409981
2573406
2579282
2583409
1584828
2589746
1503976
2594903
2595055
2604010
2610821
OEE
OEE
2582899
2585768
OUEAOOU
2574553
1544568
1371695
1371695
2578402
2586903
1425054
1371695
2587452
2589235
2598459
2598701
2605958
OUEAOOU
1428944
1584828
1544568
OIEA
1433753
2602110
2608500
2610492
2619298
1544568
2622569
2632482
2640912
2641520
1433753
2650898
1371855
1544568
2651734
OEE
1544568
1380756
1433753
1532095
1544568
OUEAOOU
2609891
2614678
2615611
OIEA
2612457
1445403
2620618
2625349
2632318
UEUEEEAE
1595219
1454674
2626011
OEE
2612768
2621532
2624616
2633072
2638542
1544568
2642892
OEE
1596435
OEE
OOOOUII
2618119
2626771
2629185
1596435
1389257
2630112
2636535
2637181
1454674
2643231
2644557
1454674
2650136
2658740
1389257
2663403
1544568
2668063
2676331
2684119
1596435
1454674
2693042
1596435
2699138
OIEA
1462791
1600196
2675639
1579841
1398436
OOOOUII
1587738
2663438
1521133
1587738
UEUEEEAE
1402175
2646346
2655787
1402175
2663954
2667759
2669125
1402175
2671687
2681413
1463954
1611969
1611969
2684926
1529186
2691234
2692539
2699805
OOOOUII
2692600
1534432
1463954
1463954
UEUEEEAE
2681505
2691051
2692646
2700885
OUEAOOU
1635780
1588136
OOOOUII
2674305
2681024
OUEAOOU
2668127
2678117
1588136
1408246
1476240
1635780
1476240
1408246
2680563
OOIOOEEUIO
2675732
2684241
OOIOOEEUIO
2683908
1555512
2692544
2700783
1477198
OIEA
OOOOUII
2682401
2687736
1635780
1560957
2695080
2696187
1417850
2701152
2705360
2713232
2713750
2721379
2729681
1569398
2731840
OIEA
2709044
2709921
2711480
OOIOOEEUIO
2701213
1486046
2708338
2711294
OOIOOEEUIO
2695395
1588136
1588136
1486046
UEUEEEAE
2674128
OUEAOOU
1641624
1436698
2662182
2671198
2678863
OOIOOEEUIO
2660627
1597775
2665492
1581351
2666040
2669133
1646718
OIEA
2644233
2648957
2654799
2658269
2665708
2674529
1605233
1504028
1504028
2676966
2684303
2684748
2687069
2694460
1649146
1605233
2694567
OOOOUII
2685655
1650840
2692348
2696778
1512778
2700792
2709582
OOIOOEEUIO
1591250
2696310
OIEA
OEE
1447244
1447244
1530432
2663694
2668203
2668869
2677934
2681949
OEE
2660016
2669676
OOOOUII
2651367
2658194
1537947
2660525
1613270
1620903
2669008
2675845
2684590
OOOOUII
OUEAOOU
2642919
2651707
2656316
OIEA
2653890
1671141
1458212
OUEAOOU
2650741
OUEAOOU
2658898
2660228
1671141
1627680
2669712
2676505
2677347
2686654
1636934
2694706
1627680
1671141
1467075
OUEAOOU
1641099
2672932
OOIOOEEUIO
2660454
1574933
2668817
1641923
1689639
1467075
1689639
1627680
1632200
2670286
OUEAOOU
OOOOUII
2632770
2633485
2640349
1585261
1585261
2648347
1635117
1635117
2650569
1635117
2659160
1467075
OUEAOOU
2648081
1467075
OUEAOOU
1645958
2646369
2653170
2656734
OOIOOEEUIO
2655194
2662692
2669626
2677780
2680061
1700081
1602585
2681904
2684849
2684875
2688186
2690537
1467075
2699313
2700820
2701740
1641229
2705482
2710833
OIEA
1641229
2706283
1641229
2715159
1602585
2716606
2725112
2725722
2735371
1645958
2744091
1645958
1652906
2753926
2762682
OUEAOOU
2762937
2768003
1476825
2771237
1652906
2775376
2783043
1652906
OIEA
1700081
1700081
2769705
2772673
2774789
2776067
2778391
1608922
1645958
OEE
1654070
1654070
2772884
2773710
1652906
2782942
OUEAOOU
1647400
2771380
1652906
2774102
1496295
2778221
1619781
OEE
2757552
2765388
2767022
2772172
1627443
2775370
2777333
1660349
2783831
2788393
2793130
OIEA
1706861
1627443
1627443
2775683
2778976
2786607
1706861
OOIOOEEUIO
1669309
1627443
2791196
UEUEEEAE
2776952
2779688
1673671
2783279
UEUEEEAE
2785419
2788847
1648842
2789048
2789806
2792775
2793494
2794428
OUEAOOU
2769882
2779831
1677068
OOOOUII
1649518
1686369
2767142
1638667
2770767
OUEAOOU
2746224
2755414
2758317
OUEAOOU
OEE
1696358
1691779
OEE
1726248
1726248
UEUEEEAE
1696358
OOOOUII
2660667
OUEAOOU
1732724
2641801
1704137
2647544
2657236
2662089
2666777
2673641
2677486
UEUEEEAE
2672171
1701041
1703708
1734247
2673227
2673676
1522209
2678438
1689253
2687033
2690844
2692790
2697226
2702520
2708333
2712102
2721787
1701041
2727041
2727915
1703708
1522209
2734275
OIEA
1710841
1710841
UEUEEEAE
OOIOOEEUIO
OOIOOEEUIO
1750588
2689008
2695571
OOOOUII
2675051
2684452
2688661
1711286
1691223
OUEAOOU
2672448
2681639
OOIOOEEUIO
2670868
2679726
1724154
1734298
2682328
1724154
1724154
1724154
1724154
2688250
1537086
1713977
2690650
OOIOOEEUIO
2695647
2705361
1758803
1738373
2714596
2714664
1537086
2719697
1724154
1537086
1537086
2721683
2726444
2729584
2737293
1705517
1738373
1724154
2738934
2740382
1713977
2747779
2748140
OOOOUII
1724154
1721249
1711497
2724018
2732513
1750647
2732534
2735834
2739767
2744863
2748158
1721249
2751880
2757507
2758201
2764998
2769880
OOIOOEEUIO
2751573
1726326
1721369
OIEA
1727943
2735808
2737194
OIEA
2743194
1765159
OOOOUII
OEE
OEE
1556964
1736150
2703430
OEE
2707596
2713004
1736301
2721142
2722190
2730509
1736301
1735446
OEE
1769634
2723355
1556964
2724363
1727943
2734251
2739869
2741315
1747872
2742089
2750811
OIEA
2739123
2743767
2753104
OEE
2745569
UEUEEEAE
2729839
2731322
2734511
1739825
OIEA
1767646
1767646
2721147
1738436
2721192
2724863
1739825
2734126
OIEA
1772162
1739825
UEUEEEAE
1789721
1748046
2707953
UEUEEEAE
2684809
UEUEEEAE
1753922
2682565
2687465
1767646
2689981
2695664
2702398
1753922
2705255
2713512
OOOOUII
OIEA
1815483
2690242
1815483
2691208
1815483
2696219
2701938
2705134
1588951
1795078
2705625
2715472
1588951
1746954
2721262
2727365
2735410
2735906
1760098
2738803
2745865
1767646
1815483
2753527
1815483
1588951
2763485
2765738
2771039
OIEA
1591070
1760098
2775141
2783271
2792403
2794918
2799732
2801331
2802853
1591070
2805000
1760098
2814423
1746954
2817742
2822416
2824931
OIEA
1746954
2824567
1592575
2832885
2839335
1815483
1795078
1592575
OOOOUII
2834136
1746954
1795078
OEE
1777327
2810229
2816267
1606672
1767768
1795078
UEUEEEAE
2791109
2800814
1825488
1773315
2807409
1825488
2808226
UEUEEEAE
2809324
OIEA
2805949
2813087
1829249
2822274
2825602
2827889
2837333
2845362
1829249
OOOOUII
2840952
OOOOUII
2822773
2823309
OEE
1620318
1766497
OUEAOOU
2790314
1620982
1767219
2798170
2803788
1790028
2806488
OOIOOEEUIO
2812770
2817489
2819807
2826091
2829352
1620982
2829852
2836327
1796912
1767726
OUEAOOU
2841994
2846730
OEE
2834968
OIEA
2818290
UEUEEEAE
2800092
2804484
2805243
2809422
1634431
1819840
1816041
1771969
1796155
1855582
2816733
1796155
2824363
1816041
1634431
1771969
1819840
1855582
2828275
1816041
2835069
OUEAOOU
2822728
2831103
UEUEEEAE
1817763
UEUEEEAE
2823381
2829357
2838683
2841499
1779475
1817763
1779475
2848799
2858640
2866472
2873463
1817763
2879006
2881210
1779475
2881705
1779475
2882026
2882644
2888877
1779475
2896485
2906463
1779475
2911181
2913870
OUEAOOU
1782752
OEE
2880301
1819840
1645088
2888886
1789235
2895051
2901637
1826589
2910929
1826589
1826589
1819840
2920574
2921792
1820032
1645088
2925360
OEE
1863000
1826589
2919102
1789235
2923426
1828088
2923902
2924676
1863000
2930249
OOIOOEEUIO
UEUEEEAE
OUEAOOU
OIEA
1840111
1836523
1840111
1647628
2855548
2863461
OOOOUII
2850411
OOIOOEEUIO
2831743
OOIOOEEUIO
1812929
1842446
1883543
1883543
2834742
1840790
2840847
OUEAOOU
1843774
OOIOOEEUIO
1822568
2820335
OOIOOEEUIO
2821742
2830573
2831024
2832020
1652507
2837208
2843894
1652507
2848590
2848785
2856861
2859182
1652507
1891970
OOIOOEEUIO
1891970
2854225
2862697
1847346
2867339
1891970
1843774
2873366
2874687
OOIOOEEUIO
1891970
2881128
2885188
1822568
1868765
2890010
2896508
2897684
2898162
2902017
2902865
1843774
2906688
2908963
2916805
2925501
2926419
2932928
1868765
OOIOOEEUIO
2918913
1891970
2927964
1822568
2933888
2943501
1847346
2949010
2956710
1847346
2960208
2965019
2971930
1843774
1877960
1661745
2973152
1891970
1843774
1661745
2981663
2989252
2994032
1847346
3001777
3002561
3004667
1877960
OUEAOOU
1848300
2982217
1667362
1667362
2989985
2994225
3003327
1848300
1847346
1847346
1667362
OOIOOEEUIO
2989804
UEUEEEAE
2961132
1667776
1899455
2965684
2973862
2979206
2981313
2982826
1897910
2983232
1667776
2984517
2993404
2994922
2999196
OUEAOOU
2982944
2983903
2990625
1899673
2991345
2997434
1910149
1910149
3005085
3010220
3016283
UEUEEEAE
1857364
1856068
1852596
3003838
3008944
3017730
3019636
3020850
3023450
3026504
3028410
1852596
3036208
OUEAOOU
1684283
OIEA
1860344
2998816
3000491
1856068
1910011
1860344
3005982
1856068
3006340
3015580
1687696
1860344
3019981
3024547
3025060
3028378
1860344
3036332
1860344
OOOOUII
3034301
3035151
3037184
1693418
3039186
1860344
3041372
3049873
3057435
3067025
3067144
OUEAOOU
3059734
3063595
1927794
OUEAOOU
1700953
1911802
1911802
1859580
3041726
3048738
1700953
3057122
3057249
OOIOOEEUIO
1710735
OOIOOEEUIO
1710735
3021706
OOIOOEEUIO
1862521
3022529
3032404
UEUEEEAE
3025274
OIEA
1881663
3031019
OEE
1868065
3005187
1876213
1868065
3007834
UEUEEEAE
OOOOUII
2989630
1878068
1729055
2999107
3005109
3011274
1892002
3020376
OOOOUII
3004969
1942010
3007127
3011601
3012461
3017622
1887374
3026579
1942010
1942010
1887374
OUEAOOU
OUEAOOU
3003572
3010056
OEE
2989953
2990707
1942010
1733047
2992749
1913744
2995580
1942010
1942119
3004792
1896160
OOIOOEEUIO
OOIOOEEUIO
2985678
1896160
1913744
2994020
1896160
3002466
1888459
1913744
1913744
3005020
1942119
3005551
3013204
3015027
3015740
3024303
3030331
1896160
3033736
3042266
3049658
3055728
OUEAOOU
3035705
1742720
3044402
1742720
3049668
1956057
3051573
1950989
1742720
OEE
3049444
1742720
3051511
1919080
3058076
3058396
1903898
3067361
3074874
1956057
3082521
UEUEEEAE
1744013
3063795
UEUEEEAE
3035908
OOIOOEEUIO
3037260
OOOOUII
3023223
3026885
OEE
OIEA
OOOOUII
1973007
3002853
OOIOOEEUIO
OIEA
1936151
1923697
UEUEEEAE
1936151
1753806
1923697
1923697
1753806
2965365
1976978
1925212
1925212
OOIOOEEUIO
2940497
2942637
OUEAOOU
2937016
2940105
OOOOUII
1925689
OOOOUII
OOOOUII
2921928
OOIOOEEUIO
1925689
2921877
1775351
2922460
1775351
2928042
1984736
OUEAOOU
1955478
2924841
2927065
OOOOUII
2919644
2927026
2935378
2936252
2946101
2024023
2953909
1925689
2960860
OOOOUII
1783644
1984736
OIEA
2957883
2958552
1960265
1960265
1960265
1792867
2024023
2958686
1960265
2963138
OOIOOEEUIO
OOIOOEEUIO
1964996
2947457
2954499
2955830
2960275
2961188
2962337
OOIOOEEUIO
2033173
2966500
1964996
1964996
2974906
1942763
2980707
OEE
2988859
2992288
1964996
OOOOUII
2033967
1942763
2978351
2979434
2985777
2988694
1942763
2988710
2994903
1936279
1814359
3004666
UEUEEEAE
3001870
3010234
1973452
3017234
1942763
3025886
OEE
2033967
3009017
3017739
2033967
1818882
1818882
1945816
3026476
OEE
3007978
UEUEEEAE
2997660
3000983
1948342
2006375
1819528
2006375
1819528
3003927
3009160
UEUEEEAE
OUEAOOU
2008259
2042571
2985985
OUEAOOU
1819528
OIEA
2975865
1979548
2042571
2979350
1972468
2988618
OOIOOEEUIO
2970224
UEUEEEAE
2966850
2976253
2984078
1979548
1843729
OOIOOEEUIO
2970648
OOIOOEEUIO
2954138
OOIOOEEUIO
2961442
OOIOOEEUIO
2946806
2954273
2956222
2956723
2960203
2072911
2016830
2963068
2972838
OOOOUII
1984150
OOOOUII
2088160
2960393
2967144
2969285
2973500
1987980
1987980
OOOOUII
2975521
OOIOOEEUIO
1850570
2969232
1984150
2975776
2983847
OOIOOEEUIO
2975961
2981518
2103094
1984150
UEUEEEAE
2962238
2022472
2971931
UEUEEEAE
OUEAOOU
2962282
2972241
2980334
2984642
2105088
2994260
2996643
1990886
2012571
2024702
OUEAOOU
1992442
OEE
2019696
2114463
2974122
2982477
2985793
2990340
2999920
2114463
2019696
2114463
3008360
1864136
OIEA
2990083
OIEA
2979992
2985280
2986501
2992686
2992858
2995850
2999266
1876806
1997417
2019696
2024702
1876806
2999769
3008443
OEE
OEE
3002633
3012252
3014152
2010272
3023763
2115016
3030306
3037313
3045418
3046071
3051497
2019696
2019696
OUEAOOU
3044133
2000195
3050702
3055510
3064403
2027135
3069342
3072161
OUEAOOU
3075918
2115016
2013642
3077190
3080361
3084980
3088939
2013642
2000343
3095926
3101958
2024702
1881390
OUEAOOU
3088991
2115016
2014087
2029456
3094906
3100139
3103782
2115016
OOIOOEEUIO
2024809
3092183
2020780
2118388
OUEAOOU
2025886
3071962
1891114
3077760
3080618
2024809
2025886
2024809
3084421
2020780
2025886
3092821
2020780
OUEAOOU
3076255
OUEAOOU
1891780
3079635
3082116
3087359
2020780
3092992
2047320
OIEA
3083156
2042416
2020780
2033234
3084586
2020780
3094386
2047320
2042416
2042416
3099084
OOOOUII
3074512
OIEA
2051161
3047636
2058134
3048783
2020780
2130782
2058134
3056055
OUEAOOU
OUEAOOU
3028531
2058134
3029291
2035167
1930596
2130782
2029568
OUEAOOU
3028292
3033411
OOOOUII
2029568
3020827
2131624
3028523
UEUEEEAE
OEE
2056341
3018560
3018584
OUEAOOU
2033716
3002344
3002476
3005626
3011269
2079616
3012564
3016096
2079616
3025977
3031260
2071918
3040632
3049151
2071918
2079616
3057874
1942125
3059110
3063641
3066952
3067821
2071918
2079616
3069977
3073250
3082299
3082353
2066186
1942125
2071918
3091831
2066186
3101728
3101921
2071918
3102003
3103364
2079616
OEE
3094797
2071918
2071918
3098283
3103423
1942125
3108881
1942125
3118734
2131624
3126260
2131624
3135028
OIEA
3110398
3112747
3121631
3128351
2131624
3132603
UEUEEEAE
3117970
2083712
3121674
3130199
2042154
3138712
UEUEEEAE
2097482
3136241
2042154
3142160
2131624
3150583
3156036
3162796
OOIOOEEUIO
3147602
3151353
2045896
3156368
2045896
3160292
OEE
3150584
2136975
3153459
3159272
3166771
3171082
UEUEEEAE
OOIOOEEUIO
2137814
3138378
2115406
2098400
3145009
OOIOOEEUIO
3120138
3123217
3124575
3127581
OOIOOEEUIO
3116265
3123259
3132038
UEUEEEAE
3132689
3135417
3137792
2106472
3143492
