4605
0
13952
21500
AOEUIOIOO
15713
21993
0
24922
0
AOEUIOIOO
OOEIIAIA
21326
7440
30263
37987
0
OOEIIAIA
0
43352
0
0
0
52878
60586
0
0
62742
OUOEUOEE
60460
62063
66247
70210
74577
76629
UOEI
56952
0
62770
0
0
0
0
0
65078
73377
81437
90757
IIOIIOIU
78579
AUIAEOIOEO
61454
68081
0
69540
EOEIIEEAUI
46239
54364
0
0
54404
61744
62634
68833
78521
85416
92943
0
100071
106252
112991
121796
127952
OEUAU
7724
105439
0
1603
0
OUEEAAEII
83306
AUAEIOA
OEEOOI
56813
IIUEE
44248
EUAEAUUUO
0
37679
46335
51813
0
UO
40837
UAOEAAOEIA
0
5150
890
17980
EAAOAAEAOI
9688
14130
0
EAAOAAEAOI
0
5150
16733
17229
18029
25470
7128
28807
37301
OIIEIAEIU
0
23922
IEI
0
23430
24001
32335
33279
33692
40436
OE
18600
18906
9561
25845
28610
1459
3337
31984
8299
39253
IIEIUOE
0
0
14384
18436
20017
22663
31580
5150
0
36157
0
43453
51387
61050
EOOEOO
0
EEUEUI
22815
24392
31377
33738
0
UUIUIAO
13597
13975
0
UUIUIAO
OEEOOI
12150
OE
OE
11485
5857
20485
EEEEIAUAO
0
14854
21108
0
0
27935
0
30765
37586
0
45936
0
3252
0
AU
0
OUA
18648
23342
OOEIIAIA
27318
33852
41426
IAOOAUUO
0
6254
0
38569
IAOOAUUO
46865
50115
50678
57618
60825
67371
3963
15656
0
OU
3337
46977
50682
52662
0
60546
64079
AEUIUOO
0
53770
8188
55604
2108
63880
68721
72225
8299
78870
86316
92633
94779
8188
3374
96708
IUUAUOA
94032
IEU
0
0
88568
98403
104248
3374
0
112193
IAU
112030
2830
118737
2765
0
UE
105542
9525
115379
119960
0
EOIUAA
117264
120441
124170
133083
0
1459
136943
138795
UAOIUII
118465
0
0
121397
0
129612
3374
133468
142830
146203
0
EAEUIIA
3447
IEI
132942
OOOOO
117245
0
123815
0
0
128490
2052
131634
133595
141160
143853
148307
OE
IEEA
121333
4052
5845
121980
0
6546
126806
IEEA
125316
IIOIOA
120374
121352
5845
0
124413
413
130994
U
5483
128264
U
132148
138401
0
138724
145127
0
150257
0
158333
0
U
162397
0
169128
176281
177920
186717
191640
191686
192753
196465
197343
199494
0
201136
6186
0
0
IOAUUEAEOE
184328
189260
AUOOO
AUOOO
172252
11966
180639
1834
189041
6940
195664
199013
0
199115
205094
4058
EOIUAA
EIEIIIAO
4605
0
166294
170948
171052
171694
AAUIIEII
159454
160615
163787
8060
172472
174779
0
175173
180791
AUUAAU
0
AIO
144057
151170
154053
154438
9688
158546
161815
169905
OIIOUUIEO
4841
152875
0
4394
156989
3337
165735
166007
168110
5845
14846
168191
EE
2038
150416
EE
12006
156855
0
164372
UEEAUEAA
UA
5483
134623
0
139567
3963
6985
UA
IAUIUAI
OOEOUEEOOU
114683
UAOEAAOEIA
118123
0
0
118630
124990
126979
9854
EI
8913
12681
130519
EI
134220
7708
136431
7548
137796
9790
138262
139024
140937
OOIEOUE
126711
6156
14129
UAOIUII
103042
AOEAUU
97648
98544
103956
2038
AAEEIAOOEI
98636
100950
5818
106688
2108
0
112721
117496
0
120081
2765
5150
IAEU
103409
0
113020
7340
113299
6253
IAUIUAI
91150
98672
105347
107801
0
111358
111380
119902
1372
126756
IOAUUEAEOE
126478
10715
134331
4528
142387
150794
155794
2960
158071
9063
162398
163421
172252
11120
181383
0
186549
193885
7565
4348
IOOOAO
183391
192662
UIA
IEU
153373
157118
12578
7734
164007
4528
IIOIOA
14333
3177
0
OEE
8299
151271
6927
153282
18780
1372
7517
160611
AEAUEU
165657
7945
166849
0
12026
16473
7734
175072
184342
188212
1642
193326
196536
205504
0
3447
AEAUEU
0
207507
AEAUAAUI
16490
194906
201467
IOUIAAIEA
2307
187157
189179
4775
21588
189854
193161
0
0
202881
9902
207679
11522
209838
IOUIAAIEA
394
215121
IOUIAAIEA
AUOA
0
193522
9526
0
198960
203133
203391
UOAUOEIUO
UAIUEIOO
181092
2932
0
EUEAUO
163496
169504
EAUUE
143304
146066
0
0
149954
153491
162126
166098
15385
12342
172250
176346
2140
2778
4507
180903
EAIAAEE
15797
3349
171143
0
IAU
12578
150302
0
UOUA
123929
130378
IIOIIOIU
394
UI
101180
102607
3337
105099
107871
9545
1929
20501
4480
112887
8797
121149
127059
133978
11023
143554
144328
153241
163198
11966
167940
4480
173225
174111
179428
3737
EOOEOO
5564
EOUAUIO
6675
169451
AEUIIAE
OIIEIAEIU
1961
125395
135100
17878
6927
4841
EEOEU
9832
133057
141146
146875
18698
EIAOUEOEOA
134751
6143
7806
142735
143063
10269
UUIUIAO
23420
21588
119566
9451
120267
3839
128960
137104
144459
151630
15332
158888
162864
168230
175924
180827
9343
23942
0
181071
0
OAA
185773
16728
193274
200080
201285
204691
6718
213978
218284
7340
OAA
214409
0
218868
227437
233637
11966
236096
14585
240982
23894
245895
249348
255083
264274
6927
EUEIOEE
251864
7934
257039
259829
5412
261874
266797
273446
15797
IAAEU
7806
AOEAUU
229605
U
OAAAIEU
23942
7336
203575
OUEEAAEII
194930
204060
213711
223393
20716
232373
16069
236089
245137
253631
256742
4775
265237
OUU
23894
262170
8500
265174
IIEIUOE
237570
4841
238410
238853
248104
253154
255355
UIIO
233145
233928
9525
234075
234169
238602
246066
17734
6927
250584
8228
252439
OU
239141
244239
15321
253874
260895
265016
266636
0
268195
AOEUIOIOO
UEOUOEUAU
13494
246942
256082
259748
264413
9343
268806
7156
9835
271101
271610
272895
282384
286335
290114
32499
14973
14084
0
291808
UEOUOEUAU
294911
303526
313419
EUIUUEUOE
EOOIIU
265820
8968
14325
274985
9263
276149
6115
284891
291848
297120
302210
307264
315528
14324
323056
329378
9576
EOEIIEEAUI
2038
0
310436
317216
326633
2884
EI
184
324818
0
329267
AOE
305958
311806
313539
9525
314937
315874
318096
0
11023
7934
326610
328250
AU
OAA
UUAIAEOEUO
17085
287459
17238
288841
4348
OOOAUIAIEU
7877
267997
274385
7694
283136
3786
287467
0
291045
9545
295643
11863
OOOAUIAIEU
295748
299651
299863
303668
OAUI
303183
309415
UAEUOEIO
299414
308205
314489
321212
328514
UAEUOEIO
331721
7565
341086
27610
EIEIIAIU
315680
1989
316346
EIEIIAIU
317338
324003
0
331309
336998
342659
13544
4348
351418
353649
0
15385
362203
E
20588
349169
353481
361855
368372
26678
369186
371365
375279
380292
389398
389465
184
396610
28179
401992
402624
402928
407873
UIIO
8608
400465
404707
0
11552
11966
UEE
6143
387637
391528
393596
4775
16571
396371
401383
7565
UAIUEIOO
378042
16167
AAIOUIA
371879
374605
382376
388423
398107
24286
401497
406928
409190
25852
413154
414205
421254
AIEEE
IIEIUOE
AAIOUIA
384734
391490
184
21735
394825
403970
413353
422047
430325
437876
8562
444845
17734
446235
451673
10131
459190
467352
473246
6951
478353
482573
13544
483951
484255
0
494121
494410
498312
3337
505045
510109
514234
522464
530859
538076
541858
6927
EAOIE
519797
527167
EAOIE
2113
534554
544289
EAOIE
547002
554494
562799
566846
6996
18698
33082
21867
AIEEE
547150
547188
551151
0
555226
557478
561514
561803
9576
569586
571797
11863
578414
578920
581526
10171
583343
IU
562140
565891
0
0
572794
18249
578045
584278
10160
585837
595814
603350
610467
619832
623638
IU
8255
626154
627811
636021
0
OOOOO
631747
632393
638545
643075
652839
657374
10107
24984
IA
651726
660985
666433
673241
3951
676289
680577
7488
UAUOEU
10131
7488
675356
682893
18818
691726
9957
18163
13483
701279
702807
8299
17734
704010
704969
10585
18249
713993
722445
385
723503
731387
UUAIAEOEUO
718071
UUAIAEOEUO
719872
721886
OIUEI
703750
707848
29168
13544
714593
6951
720565
727685
731325
29168
AEAUAAUI
0
726544
734305
742113
10131
AEAUAAUI
9060
18541
AEAUAAUI
12973
UAIUEIOO
EIAOUEOEOA
699003
19842
706813
712333
714108
715746
9857
719435
724084
2038
9857
728960
4027
EIAOUEOEOA
731189
739024
740266
741854
16727
749100
756
EUI
OEAAAEE
EUAEAUUUO
1161
729325
AA
28962
727437
AIEEE
25991
AIE
31968
691678
695054
699833
705751
UIIOUEAUOI
695429
EO
676243
OEII
659167
EOAAAEEA
20013
645572
655398
659146
663312
9354
664457
667291
IOUIAAIEA
17734
IIOIIOIU
23420
0
AIAAUAOOE
14390
626757
6985
7806
636261
10171
17878
645481
IAAEU
630705
639903
1989
644220
651839
658160
14325
658190
15731
23420
660023
662648
13524
662720
663468
AEUIUOO
9060
635295
24247
644283
10538
EUIUUEUOE
629482
630558
633951
641692
IAOOAUUO
24810
17085
645006
653178
661527
663095
EOEE
10538
642409
1161
647194
OOEIIAIA
623704
627906
IAIEOI
10131
4201
608179
15731
EOAAAEEA
604479
608919
610957
618905
21729
625295
22900
635149
UIOUEI
636912
21056
637511
13494
IAEOI
EEOAOIUUA
24117
32767
17401
2179
EIIOOI
24247
606088
28179
613144
EUI
4538
602150
608972
613119
UEOUE
612767
IIOUEOIUUI
594213
601632
610491
610833
14325
613867
617580
623241
16926
26630
27216
32767
28962
17076
36278
21056
21069
7934
OUOIU
615143
616534
1308
618254
624681
624922
627380
628620
631906
632550
28179
18249
OUOIU
10269
631128
639569
26630
31856
6047
646219
648009
E
644188
647844
IEEA
637318
638892
642275
642871
8562
4775
OOOAUIAIEU
36278
0
36573
8228
6727
4775
623940
0
4538
624285
25860
10269
31728
628259
634681
0
2108
641627
15731
EUEAUO
OUU
13635
AEAUEU
0
585236
589462
13750
10418
597877
599469
609000
15163
618887
16926
EEE
613003
28561
615336
620614
9576
26685
6727
621158
17878
20210
630687
13524
26389
639343
IEAAOE
637130
643754
647530
653997
AEAUAAUI
2179
637350
645475
UEEAUEAA
635565
10131
645048
653649
4201
661985
662777
6384
666732
0
672312
25860
20206
674892
16329
21426
678285
8299
12577
679025
684391
EUEAUO
10164
7806
24178
18048
666531
23703
667216
676375
IUOE
18545
680618
689507
13635
24730
4538
693203
11981
694980
700267
23279
OOOOO
673409
678445
684841
28476
689356
4538
690825
3177
UUAIAEOEUO
697950
IEEA
681539
690048
694324
31853
11981
697244
699073
14033
700877
16727
9976
16329
702563
AAOUEAU
0
UAIUEIOO
668425
IUOI
13635
667064
IIOIIOIU
649530
AUUAAU
4333
20495
631587
640427
10251
644623
649939
656169
46726
661698
24279
663477
UO
15731
636255
642936
646207
648899
25332
654025
UO
659115
OEE
24730
655967
661075
669925
679746
OEE
6985
14187
688431
693365
694887
699034
702899
710804
36947
18097
719119
20495
720011
722394
35420
12480
OEE
729073
732353
735733
10194
737061
20803
742869
746222
751255
18097
10107
OEE
755873
760164
760802
3606
UIIO
749844
753863
763601
766781
775875
782480
789658
19842
796832
801951
IOUIAAIEA
799995
UEE
24424
12480
782616
783621
UEE
16321
782664
784363
13629
10131
784818
EIEIIIAO
AO
759986
767462
13635
774181
IEU
IEU
10131
16747
OIOUUUIAAU
IOUIAAIEA
726634
732013
OOEOUEEOOU
27556
11240
703815
709277
AUOOO
712781
9060
716014
722024
OUUIAI
708780
713020
718687
723523
OOEOUEEOOU
718923
724043
15931
15321
725382
726849
21448
UAOIUII
33222
EIIOOI
699005
706065
15052
706905
EOAAAEEA
18849
691210
24403
696094
704663
15334
712197
20495
720053
31968
725576
731724
732828
738736
746584
29982
AEEEEIOE
743974
748737
27122
OOOE
AAAAI
35001
9576
9060
731387
736564
0
737189
21894
6780
26678
AAIOUIA
23041
731227
28443
738509
744807
14717
746169
750578
757981
AEIAIUE
EIEEAOUIUU
25952
3563
744148
744498
751097
30961
2179
758494
760688
8022
18709
24424
770145
24235
17401
AUEI
759885
763566
763682
EIIIEIOAUU
743942
31968
EI
10171
24279
740793
749364
UO
UUAIAEOEUO
EEE
25860
710179
711505
716611
AOEUIOIOO
28465
28347
703634
706926
6091
709684
EOAAAEEA
21124
28465
39767
19664
15321
709838
12454
711733
36947
712019
719730
25860
725427
731752
4775
12454
9130
738676
26156
18849
13635
35194
741386
AAAEAA
726520
24796
727741
734793
15931
4333
739974
741671
18849
747670
756194
11981
5401
EAOIE
35194
753839
758454
759705
AEAUAAUI
9060
14325
752598
28962
UA
742541
743793
17401
10171
746005
749815
UIOUEI
39767
20311
743468
752744
15731
757181
AUEOAOI
736742
742839
746426
752569
IIOEIE
10131
AEOOOIAEU
15321
724554
732907
8415
UOOAUAOAU
717653
8717
18849
O
712978
OOEOUEEOOU
UEE
690545
694655
704221
708522
16727
711257
711495
714281
718156
724283
UEE
28962
724369
733116
734148
12454
739528
744176
22099
OOEOUEEOOU
12454
737347
746749
756722
764377
771211
773867
783335
787454
795888
32425
15684
800745
31853
25860
809635
0
28179
817739
24424
825055
826419
828753
835985
OAA
11045
833504
842935
846613
847069
854221
861338
OUU
26685
860676
866322
875549
30213
53161
879143
888474
888774
889781
898151
906204
21589
914707
15321
917001
7806
920742
23226
9799
922775
21845
922861
931617
OUEEAAEII
IAOOAUUO
896614
15731
28962
905477
915282
EOAAAEEA
894279
901520
13635
902497
21589
10276
26550
906056
907707
911820
915470
13629
917580
920633
OAA
1686
UEUIUUIII
AUEOAOI
24235
895215
AUEOAOI
895842
22099
1686
23269
8228
902934
AAAAI
28347
8022
18709
AIEEE
867307
867536
AUOOO
EUEIOEE
EI
UOUA
39468
IOEEAE
801800
805872
806604
809741
815474
22900
815997
825173
37120
24279
825785
833187
26758
55055
835102
23619
839013
EEIOEAIOU
EEIOEAIOU
829151
832531
IAEU
808877
OA
804023
EEIOEAIOU
790703
798884
UAA
784352
789679
795830
28499
797672
26550
AUOOO
785331
20597
794688
798372
807317
19727
810111
OE
802669
EAIAAEE
795095
797170
804320
33082
26101
810391
17128
10171
40973
811401
59348
AAEOUUEI
810307
811699
17092
53161
40973
817063
19433
28629
24279
825571
24980
825717
16588
28179
39706
826357
827648
18849
827890
30790
16588
830687
833109
OEAIAE
825848
EOUU
AA
798873
800166
37863
800610
806978
20311
814742
816902
817678
26801
53161
823822
28629
833443
45805
834110
19637
835208
844057
844210
853988
860871
19433
23112
UUOEUUOIAE
851770
858430
859633
868914
UUOEUUOIAE
22240
876603
OOEIIAIA
859170
860629
869238
873914
876715
880662
41871
43703
21655
882198
33376
891193
892068
29982
33827
7409
900705
904818
EU
898947
13680
33376
9219
902616
26861
910569
918356
21641
924331
29327
30790
3903
926430
17657
19727
42957
25105
930277
30790
22240
35779
936972
33376
938160
943814
946560
953546
37863
959312
967493
972507
973071
11045
976846
978034
14855
983838
16490
43117
987233
13255
995593
4348
1001360
1010537
1018717
1023788
26065
11045
1026812
8022
1027320
1033237
1035483
18918
10131
1036127
1041470
1046404
1054040
8797
44034
1057728
1066530
1068528
1076771
26156
1082752
1089156
IOUUO
10171
AAEEIAOOEI
13178
AOAIOUEUOU
4775
1031490
23041
1032797
28962
IAOOAUUO
1036148
21641
1041838
IIOIOA
20178
1030793
1038037
1039178
1040490
1040997
47031
47031
IIOIOA
1049313
33852
1056230
1059811
1066594
10171
1075618
1080102
6927
1088588
1089272
1094029
22790
1095576
20178
1101798
1104418
1104569
1113241
1121540
1121827
39468
1122351
1124676
38199
1133587
1140242
AIAEEAU
OEAAAEE
38199
AAEOUUEI
1115882
19098
16526
1117398
39891
36307
1125644
1130231
22240
1138333
39706
1141705
15201
46380
46380
IIUEE
31721
1135076
26861
14909
AEIAIUE
1117284
24282
1119737
10107
1129382
1130418
26861
1132959
23269
1142561
1146637
1153589
10196
1157504
1166506
1175428
1176229
1185421
1193990
1199093
45805
1204952
1205399
31721
1208532
1210782
1211970
1214372
AEIAIUE
1221175
1222220
1225454
1225609
UEEAUEAA
25105
40973
10196
13255
28629
1216726
1221402
1230985
1233968
1237805
22828
1240384
3563
1242476
33827
UEEAUEAA
46380
3903
31721
EIEIIIAO
1232303
1241717
15731
EEOEU
1245873
27608
1252749
1253075
AUOOO
1235758
AAIOUIA
20311
IUIAIUAI
37104
28962
25332
AAUIIEII
1198441
1201411
37863
32848
EI
UIAAAO
1163618
1167838
1174137
1176519
8797
14899
7180
28899
1182620
24980
1186004
1187388
10693
13178
22240
1193128
1200187
1205277
1206830
1212561
IEI
1197785
AOEUIOIOO
19158
8630
AOAIOUEUOU
1163015
16295
21845
1165019
21845
IUUAUOA
1162949
15006
1170681
1180655
IAEU
1182321
1185430
17657
30576
1185808
1191833
11278
1199543
1205361
1209314
26156
1209693
21627
1218903
33830
10693
IOEEAE
1199217
1202811
35779
1205784
8352
EUAEAUUUO
1208478
1208631
EEE
20206
1190827
25989
29062
35420
1194905
1199869
1207389
1208585
OIIOUUIEO
1195603
16738
15731
1196822
1205041
19637
1207969
22828
33852
19158
1209601
26156
1215458
1217825
1224976
1227721
1230344
23030
1232441
1236771
30347
9848
42081
24980
23494
1244504
1251282
AO
32425
1249739
17128
1256650
IOOOAO
44367
1256389
26543
1257440
46380
1267269
1275028
1275187
1275654
1279486
1281617
26861
23041
35001
1282408
14965
1290716
26101
1295744
12978
1298704
1300335
1300684
19431
22828
1303877
18188
1305959
10107
UOEI
16738
1279243
1279514
1284890
1288548
1288859
OAAU
15052
AEUIIAE
1249402
OEOIOO
1248275
15201
1253945
13255
EUIUUEUOE
26101
1230369
1237360
1239757
47123
1243101
1250922
1255654
13524
1264331
1265514
1272624
23795
OAAAIEU
16738
1275382
17193
1285017
47125
1286551
19611
1290599
1299185
1305205
1306926
EU
33557
1302780
IIOIIA
9976
23633
33830
1303242
1305967
30906
40121
1312988
1321581
1328107
26244
1335470
EEOAOIUUA
OOEOUEEOOU
32883
IIUEE
23539
25989
24007
1312792
13255
17657
14395
32195
42821
1316705
1318381
1327796
1330564
23868
1331626
1336706
UEOUE
14395
AUEEU
1290016
14395
30475
16526
1292628
1293098
27113
1295296
49441
1300080
1305937
UUAIAEOEUO
29646
1309335
26856
16526
1313089
44367
1320252
1322728
1328198
35420
36278
1329335
14856
30789
1332237
32195
1340525
1340756
EOUAUIO
AIO
1311422
1320701
59174
1323760
23795
1325368
39290
27024
24424
1334694
34589
AIO
31016
OEAAAEE
1319330
29542
16738
1319361
44367
1323699
25877
33376
AEUIIAE
1301297
AEUIIAE
33830
1309998
1316279
18188
IIAEEIOE
13178
AEAUEU
61352
1289167
24758
1293353
1294522
1296499
26312
1304335
1305579
1309519
37983
17773
16490
18849
40948
23539
1309771
1318769
1326347
AEAUEU
1322671
37983
16258
25332
18048
28960
27556
1323765
1333397
1341882
46726
1344108
1346076
1352089
37805
1352526
1353015
12493
17773
1356434
EIAOUEOEOA
39105
1330075
37805
4851
UOEI
1330046
1334834
30475
20472
1344458
IAOII
1339556
20124
23226
1347636
1351838
1361398
28924
1366780
1368814
22429
1376450
1381864
OEEOOI
33830
1381108
1387737
1393710
1396547
42821
25482
23868
1401904
1405433
1407631
OUEEAAEII
IUOI
AEIAIUE
1378847
30939
1383692
1384875
1390578
29542
40948
1393400
1396937
AAAAI
46238
1370851
EOOIIU
23838
23795
EOOIIU
33082
22670
1347806
1352959
1357117
55512
1359510
1362675
13629
1367284
1371888
1379997
EOOIIU
1384044
18918
1384948
EOOIIU
1391523
1397424
46238
IOUUO
1387720
1396352
1400440
1407486
1410475
32195
11979
1411600
1416342
1420892
EIEIIIAO
1405763
1413853
1416805
1421844
1425565
1430834
1436869
1439995
1442649
1447811
AOAIOUEUOU
1441845
EAA
32883
1434588
1442271
UEUIUUIII
1422307
1425085
21627
22813
1431673
1439921
30475
EIEIIAIU
UOOAUAOAU
23408
1412787
17128
IEEA
IEEA
OAI
I
AEIAIUE
40037
1369991
1377288
1380187
29301
1382245
1382274
6700
1383334
1387104
AEIAIUE
1388706
50474
1395769
1402248
AEEEEIOE
1384344
1388795
AAOUEAU
1370230
1375232
AUEI
1355250
1357522
IAOOAUUO
1341788
37983
1351223
1356462
1356564
IOEEAE
19428
1350256
32251
45590
1351169
1354178
IEAAOE
IEAAOE
IIEIUOE
1329653
36543
1334101
1341300
26861
1350433
22628
1352359
1358469
51148
AUAIIUUI
35667
33184
11979
37863
1362376
1371721
1375960
1379259
11045
UAOIUII
1356268
1356752
IIUEE
IIUEE
1341107
27113
1345128
1350227
1356638
1364034
1368300
24424
1368427
1371294
22914
40765
34202
1374731
1381468
OUOIU
1373283
1380250
EOEIIEEAUI
AUOOO
1360774
1369996
AIE
59479
1367899
1376838
39113
AIE
1379627
36920
1380268
36278
1389133
1391021
1393133
1401075
1410309
1414819
31034
1419722
1425195
45590
31436
30347
32883
EOEIIEEAUI
31427
37805
AUEEU
1409705
34146
22900
1415879
22813
OAI
1406740
49505
1407744
1415669
1422510
31485
1432293
27007
27007
UOOAUAOAU
1435724
19724
56298
1441760
38500
1451030
22670
1455891
1462227
1467542
30269
1468824
1476117
1482006
UOOAUAOAU
36543
1484623
30117
AEUIUOO
1471217
1475367
1485127
1490216
UIA
13945
25745
AAAEAA
AOAUE
14965
46709
1456658
1464531
1468075
39113
40037
1469613
1477531
4020
1478188
1485283
41252
OIUEI
1479665
UAUOEU
46207
28499
30855
29969
1459593
1468829
1471730
1476704
1479541
1482763
7820
11278
1490523
43497
IAAEU
1495463
1501759
1507798
1508712
AUEEU
UEUIUAIII
IIAAAOIA
OIOOAUI
1446462
AAIOUIA
1429213
25086
1439060
37722
21156
1443264
1449400
1456765
18918
46726
1465141
24980
1470171
22900
22615
1479898
1487149
1494114
1500653
1509554
51901
UOOAUAOAU
29301
1500308
1505050
UOOAUAOAU
1508303
32869
54244
1513218
50853
36365
AAOUEAU
1503784
1504428
16738
20954
29503
1511150
1514209
IOOOAO
1512516
1521278
24282
33184
19734
1525818
1529309
1533668
1540146
AEUIUOO
1524011
1528218
45477
27556
1535761
1541024
EIIOAOO
1542101
13129
1550907
23266
45477
1554688
1562358
41031
26734
EIIOAOO
1561291
28004
1570024
25745
1575500
28899
43540
1580083
1588778
49505
23191
1594764
11045
1604681
1606524
1613553
UO
1610656
38199
1611303
AUIAEOIOEO
1599766
41252
UEOUE
1599069
IAEU
1581243
24980
50853
EAAOAAEAOI
1565720
1575541
1581482
1586547
1590827
1591825
37969
1596674
1601436
UOAUOEIUO
24155
IOAUUEAEOE
1586662
24282
1591422
1595287
1596051
1600776
1607279
IIOIIA
IIOUEOIUUI
1584966
1591085
IIOUEOIUUI
1591010
21781
1598307
35857
25482
AUUAAU
OAAAIEU
40948
1567652
1575884
EOOIIU
1563149
AAAEAA
26555
1544611
22131
1547155
1554957
32969
59174
1560227
1569857
1574100
1582037
29254
1589128
1595869
1600996
23801
47756
31436
1610202
IUOI
24980
21438
AEAUAAUI
1589633
UIOUEI
1580471
1583067
42199
1592300
1598301
14965
EEIOEAIOU
20531
46709
38848
EEIOEAIOU
1589626
1590338
1599770
1603595
AU
20579
38199
EIEIIAIU
1605006
1608669
1611832
IUOE
23266
1611950
1616406
1617778
51361
1623065
1626564
26257
EAOIE
1605123
1607663
1615937
38848
38199
1620244
AUEI
40437
1609030
1617701
1618157
51361
IIAAAOIA
1602541
36920
AUUAAU
1607548
50342
27023
1609148
1610324
EEEEIAUAO
1607295
1613496
1618754
1627384
AEAUEU
24282
1626861
OO
1617534
1622444
55433
1628775
1632717
23801
50090
25814
1635900
1639919
1642979
35103
1643229
1650412
1655526
1664518
24282
1664652
1668268
IAOII
13629
AIAEEAU
33830
29503
44951
1650899
EO
1636403
1645512
1653902
26734
22448
24421
1661934
50700
1664178
1665042
1672144
32251
1675732
30855
28499
1677002
1685805
1692489
38930
1693363
44188
38199
28004
59684
1696752
26734
1700299
25523
1704095
1710878
1712011
EO
36787
1712360
37969
29879
IOAUUEAEOE
1715986
1724159
EEOAAUOE
36787
33830
IAUIUAI
31588
1692231
IAUIUAI
59051
1696124
UOAUOEIUO
35103
31188
1678863
17128
35103
1681806
1687344
UOAUOEIUO
1690463
1693602
1699429
13129
1703147
31305
1711755
51901
16738
1721226
AIAEEAU
EOOIIU
41062
1697379
1707124
1716693
1726498
1726637
33011
41563
38351
AEIAIUE
31880
1728231
29301
1730719
AEIAIUE
1734099
51361
IEU
IIOIIA
UOAUOEIUO
1676011
EIIIEIOAUU
OIOUUUIAAU
23801
38199
1645302
1647841
32301
1651528
AEIAIUE
1649899
43455
32838
13129
1656864
41252
1659622
1664863
49942
1673940
37863
68377
1675273
1676978
1677372
IOUIAAIEA
1657134
1662565
IOOOAO
1648857
1657325
1658504
1659016
1667957
EEE
26999
1657158
EEE
73969
1656738
23847
1660884
1670797
40758
OAAU
43455
26312
IOEEAE
1656874
1663457
51901
14500
25086
1673209
33434
33476
1680773
1686771
38848
30347
1687738
28607
68377
1688182
IOEEAE
1692003
IOEEAE
1692396
OEUAU
1681057
1684368
1690302
1698605
1705646
1708849
1716238
1723383
EUAEAUUUO
32838
1709226
51264
29089
1712308
29503
39758
1719395
79118
29879
1726422
29089
1727647
33434
28607
1733886
46689
50090
46689
1741456
34383
66361
1746782
1752747
OUOEUOEE
1732769
37863
1739438
1749386
1752744
44103
1761559
7180
1770007
1772576
1773170
1781110
IUOI
42960
29577
31634
1763524
EOAAAEEA
1738841
1745237
1753089
45477
25803
1762807
18247
IUOE
46207
20093
AAA
26860
1746055
36235
1753282
21839
AAA
1759909
1768497
61155
1775192
1780888
29301
1789590
1792488
1799875
1801533
19724
21547
1809881
1816119
OUEEAAEII
1797666
1804288
28527
OU
1793687
32301
AOAUE
29216
44951
1777996
AOEA
IIAAII
1747461
45998
1755498
38848
1765009
OIAUEAUUEA
1767911
1776498
26860
1776921
1779154
EEUEUI
1757409
IUEIIEE
1750824
1754333
1763737
23494
1773364
1778107
1785952
1789541
1792061
1793289
4851
1795877
OEA
1780421
IUOI
1768797
36826
1773547
1782355
IEAAOE
33202
1783610
1786164
16027
1792829
UAOEAAOEIA
32301
1772403
UI
57146
1772138
1775437
45435
IIAAII
48054
1766661
EEUEUI
UAIUEIOO
46314
32969
1738394
1745374
29246
1754450
1759791
1768499
35174
1775214
1782060
8051
1790505
1796053
60842
1798602
42567
OOEOUEEOOU
1784948
1789364
1795248
1797979
54139
40198
1805309
1805814
1815406
41992
46689
1824648
25909
1833449
1840977
26555
25374
17128
1850580
1852232
1854080
45831
11278
1861202
EEA
1860186
22327
48054
1862970
1864186
EEA
1869549
1875067
41992
1877518
1887493
1890293
1896168
1904080
AUIAEOIOEO
1897332
IUUAUOA
19724
36146
1871112
33202
41252
1871489
1876379
42960
1881359
28896
1882919
16027
1892135
1897382
1905290
5908
1908946
IUUAUOA
1913030
56101
1913981
IUUAUOA
AAUIIEII
1900675
22914
29530
1909910
32969
1918236
1927083
UA
1917145
32951
1921181
1930857
1940702
1944285
40948
1945738
35174
EIIOOI
1940152
29301
1947601
1948313
EIIOOI
AOAIOUEUOU
40948
29292
58747
25803
IUOE
1925010
EOUAUIO
1915259
1922874
1931390
23494
1938985
1941298
1948813
IEAAOE
1947175
14500
1949676
EOAAAEEA
AUAIIUUI
1906174
59174
1912020
EOIUAA
42104
27254
1883429
OEUAU
14500
49976
1870152
60353
28533
68957
1870986
1874832
1878865
1883791
1889460
1896884
1906214
1914952
36235
1922461
42959
32969
26716
1926129
32838
1929270
1929777
1936507
1940708
1945316
45435
1955244
1958287
1967694
1973062
21627
OIOUUUIAAU
OEOIOO
1932998
42959
1939551
21438
1948047
45784
OEOIOO
45513
34672
1952069
36920
OOIO
1941290
IEEA
AU
37570
1909639
OOOE
1909687
56101
49218
50061
26716
1911769
47894
68957
1916117
I
1912975
AOEAUU
IUIAIUAI
29301
1883145
AUEI
76204
1873634
47041
1881292
1887301
1891623
EIEIIAIU
UIOUEI
1852759
1854990
14500
57341
1864307
14882
1868135
1874417
29216
1881652
60556
26716
61737
1884961
IOEEAE
59174
UEE
1836734
AEAUAAUI
31424
EOUU
1807843
25523
51536
46621
47071
EOAAAEEA
45784
1786323
1791420
1794079
1802580
AAOUEAU
33613
1804791
1811386
45784
1819510
1829376
1832726
1837422
1844817
1850179
58165
1853152
76584
IEI
1825894
1832505
1834406
UOEI
1813778
1816627
13813
1821454
25814
1825374
1835129
1844518
56101
44822
1850865
1856899
1861275
1863616
1865616
35411
49541
32558
1871155
52372
25803
25613
1872306
1876424
1879903
1883948
1893828
1899656
IOAUUEAEOE
1878757
13969
1884926
71022
1885101
1893307
AAEOUUEI
1869247
EEA
1848928
1853016
36235
1862170
60556
1871846
1880111
66361
66361
1887454
1888173
1892010
29879
60779
42960
32477
UEOUOEUAU
51936
1890830
1894535
32370
IUAUAA
UEEAUEAA
1872242
21438
1878660
1885196
54139
1889350
1891547
1893733
13524
1902731
1910564
AOAUE
EEEEIAUAO
OOIEOUE
1863221
1864663
AIAEEAU
1846531
IUAUAA
1840864
1840880
40894
57843
1843022
1847678
1853557
45513
1857015
1866002
1873504
41705
1876277
1878497
1881615
1887522
1897459
39552
13813
47041
1905551
41705
39286
1910853
39552
1920382
30093
1921008
1925540
EAAOAAEAOI
OU
1890179
60779
70367
OU
1896411
1900560
1906451
1912978
51248
30475
IIAAAOIA
80005
38520
1890969
44756
1898316
7146
1898786
1900529
1909947
1913912
OIIEIAEIU
1914422
1920298
EIIIEIOAUU
OIIOUUIEO
56101
21438
1882883
UIA
80005
1869102
1875504
UUAIAEOEUO
UUAIAEOEUO
28863
IUEIIEE
UE
IOEEAE
38199
1799932
47632
48248
1799991
52992
40968
1802783
14882
1808063
38607
1816245
1822786
29301
1827733
46898
1829360
67523
67523
34841
47041
1832358
IOUUO
39740
1819884
1822432
1824276
EOOEOO
1821083
1828689
1828851
1829806
1839290
1844572
32060
AUOA
54246
19734
1834127
EIEIIAIU
61919
1814768
29301
1818294
1822558
1831559
1840327
AEUIIAE
23847
16191
1836156
1841565
29430
67523
1841772
1845662
1848583
1853215
1854105
1855940
1858289
39758
EUEAUO
1842759
1846551
1849574
26860
56564
1851355
1858022
66869
EAAOAAEAOI
56698
4866
IIOIIOIU
1838066
44822
1845866
EAOIE
48018
1833210
1842244
1851429
1860067
1864827
1865880
1871013
69790
IIEIUOE
1856103
41913
1857713
45513
EOEIIEEAUI
1837093
23035
1838593
59852
1845835
29632
EOEIIEEAUI
71022
1843639
1847165
1848996
56564
44822
1857913
1860503
31436
1861851
1871829
1877207
33314
1884837
1888787
1896439
UIA
1878116
1879869
28863
1883076
1886584
1889440
48018
38408
1899342
1902384
48593
1902602
IIUEE
IOUUO
EAA
1858161
1866396
1871275
AIAAUAOOE
1861736
AOE
36622
18613
1861582
1868600
1871353
30093
1877444
OEAAAEE
1864928
33918
1869858
30093
45513
IOUIAAIEA
1860510
65528
37350
70024
1864131
1871919
1876697
1884820
1889295
73201
1895366
IAU
1888108
35103
1897485
1905474
1909655
1916296
39169
1922125
76584
67523
55363
1924506
1931051
1936663
1940790
63766
1950357
1952573
1960492
59174
24754
1968379
1976499
1977770
IAU
1983663
1986037
EIAOUEOEOA
56551
IIAEEIOE
1942516
1944650
28896
1947736
70761
13813
1954775
1961870
29632
63766
39515
70761
1961896
1969300
33613
23847
62406
44019
1976155
UEE
1964364
1968486
1969893
39515
14882
48016
25641
1972289
1972850
1979982
1985889
1986001
26555
1992219
38520
1992931
IEU
66869
EIEIIAIU
40313
41913
1971518
OOIO
26860
EEUEUI
1955147
1963865
AAEEIAOOEI
AAEEIAOOEI
28863
1939804
23847
IU
48018
1916650
1923228
1931504
64248
1935038
36447
EIEEAOUIUU
33964
1919678
1926359
OIAUEAUUEA
1922152
14882
37570
1926945
32781
36146
34841
1930526
1938032
1941625
1944235
1950641
1957102
1963684
UE
1948211
73177
AOE
63766
38925
68744
1927841
1936245
AEOOOIAEU
21747
1925372
56698
UUOEUUOIAE
1902583
1910989
OE
1899356
1901055
50090
55614
1907541
64248
1908795
1912902
AOEUIOIOO
63766
1901030
63757
1902408
1907177
1911126
1919958
UAUOEU
37487
1907342
35103
1907970
1915658
1924792
23627
1929194
1932209
37570
1938021
58023
35292
1939362
AUOA
73159
45877
36622
41413
28539
IUOE
61974
26412
1908168
IEEA
1888422
1890305
94201
1890526
1900406
41913
1904930
1906841
1907833
1911371
1920287
21547
1924689
1930295
1932967
1936623
40308
4866
65528
IIOEIE
62406
OIIOUUIEO
77117
45488
36447
1893107
75874
1894276
72887
1902100
1903333
52777
23847
1907352
1917055
EIEEAOUIUU
77117
60250
EOUU
OUEEAAEII
1875441
1881717
1888239
1893370
1894522
AAOUEAU
74825
1873462
40894
1873793
28533
1880987
14882
1883760
13129
UUIUIAO
22075
60962
1861344
61919
UIAAAO
1834313
43209
1842347
1847767
81732
73724
1854491
1862738
29874
1869695
36748
64248
41705
1874769
50323
73724
1881726
40313
EAAOAAEAOI
76066
1864675
1865898
1873598
67523
OEAAAEE
1847319
65761
1849244
1853038
1855222
1863793
1867608
1867790
1868518
58703
EEOEU
1852315
OEOIOO
55344
1833573
34841
1836826
1841464
1846111
49396
83022
1847443
1852503
48593
41157
37083
56777
1854223
1856690
1858158
1858708
1864604
1869600
OOOOO
OO
37083
56551
67523
78867
1831387
41382
38520
1837073
1842514
1842862
AOE
1840131
1849721
1856183
1857835
42734
1859362
1868072
1877250
1879433
1887210
37068
1894248
1898020
1905493
57567
AA
E
23016
1905193
1911646
58023
1920697
UEUIUAIII
1919892
60962
1927853
41913
OAI
47632
1908214
78907
43209
65528
1915977
16866
EIEIIIAO
37153
78867
1894462
1895766
53318
1897688
IU
1879684
1879786
OOEIIAIA
1874515
40894
1882166
39670
1891085
OEII
1873425
1881122
1885337
1886678
1890405
40308
1891213
65528
1891745
67078
79076
1891814
1894090
14727
61974
46621
67078
1894879
UIA
1884947
41382
88337
1887311
1891231
1900894
1901810
77117
1904247
1904654
1908281
1917200
48990
50651
1923205
1926863
54008
1930029
1939808
18959
IU
1943361
1951983
42783
14727
1955408
1964084
1964815
1968964
1972232
105645
45488
IOAUUEAEOE
49901
58023
35292
1946251
1953451
1955501
1958567
49647
23016
79076
1965822
1966677
72778
1973316
1973959
1975279
1975515
AA
1974593
EOOEOO
71770
AOAIOUEUOU
72887
1952944
71770
UEEAUEAA
IEI
36717
1921474
30273
60962
1927325
1927555
35598
1932462
1940972
1948909
1954676
1957711
66077
1959227
UEOUOEUAU
1933657
42783
44882
28863
1940892
78907
1946767
1954704
49396
41788
OAAAIEU
1957772
1964139
1973829
OAAAIEU
1975334
1985017
30273
16866
1990615
23000
2000369
2003038
2010623
2019968
30129
2029596
OIOOAUI
UAOIUII
IIOUEOIUUI
79034
1997849
UEEAUEAA
69314
66612
50429
1992582
37083
1996105
27830
AI
1992629
56551
1995975
80003
39375
2000005
65241
2009138
2015815
2016677
2016915
UIOUEI
2001434
2010642
IA
1992938
36447
1996286
2004404
66539
92478
2011024
2016777
39868
58230
2019009
58230
2019756
AUOOO
19638
2004624
IIAAAOIA
50545
46041
1989606
37068
IOIEE
1975153
1976723
1983402
37083
UOEI
36622
52614
17132
EAIAAEE
1949757
24667
69399
38520
1953741
1958846
1961499
UA
1951601
1957198
1958407
UUOEUUOIAE
AAUIIEII
1931639
73371
OEE
58973
58407
84715
EI
32230
39375
69628
1916768
1917913
67523
OU
23627
OU
1920706
1926055
69628
47103
50323
1928454
48593
1938382
1944994
14882
1945608
UIA
32869
1935738
1945085
97009
EO
79034
34980
1941967
55189
30273
67078
52777
1943673
67523
EO
53318
1947772
46722
1949610
OOOAUIAIEU
1952583
AUEI
IOAUUEAEOE
1912278
1917461
1919260
1921482
40313
IAEOI
32990
1913624
51370
OUA
1907129
1912394
1917546
1926228
14727
1933001
OEEOOI
1915435
1920272
1924977
EOUAUIO
67078
80005
65528
1900868
1903289
1905626
40308
23035
1907253
1907668
1912426
53318
1921853
OOOAUIAIEU
1898931
1907700
1914222
1921654
1922736
44898
37068
1931926
1932927
AIUAIOAAO
1918989
1924753
1932457
1934686
53484
1942899
33460
1947796
1957761
1961414
OAA
1944683
46982
1945932
47103
1952824
1958136
1962231
1971784
1972953
1974370
1978294
1979889
41413
74169
1987196
1996300
2001389
2009866
2012817
2013279
EAAEEUIOAI
2003667
2007189
2012111
AU
1997216
2003136
37083
2006008
2015405
2016039
53548
2025838
2035241
2038211
2039427
AAA
AEAUEU
2001599
54736
97009
92440
2008241
2016364
2023633
AEAUEU
66077
2024068
2033663
2042106
IIAAII
40066
IEI
2023431
2029996
54529
AUEI
34980
50249
IEU
1989126
1992498
1995683
71770
35900
IAEOI
1971981
36146
IAEOI
40313
97009
AAA
1951909
1954103
1954761
1962369
31136
IEI
1960904
45488
UIOUEI
1952574
UAUOEU
EEOEU
79201
47914
1918311
1918458
OOOAUIAIEU
1911743
1917362
1918224
32908
1924963
67446
1934174
1942593
1947805
60250
EO
1930959
1931102
56876
EIEEAOUIUU
85470
27830
UOUA
1886237
18613
64324
1887707
1897185
UOUA
1901907
41788
1908291
1916336
20149
1925681
48593
OUOIU
39868
1914019
1921223
1924920
55603
1931929
1935731
1943372
48166
29874
52777
1951753
1952650
58094
1958952
1968640
49767
1970506
EEEEIAUAO
EEEEIAUAO
IUAUAA
1941601
1948232
46828
EOOEOO
1928455
1928583
48166
1933435
UUOEUUOIAE
1921195
51458
1931017
1939646
1941668
56876
1947662
53318
84535
IIOAEIUO
52308
54008
31136
1926862
1936676
43276
45488
1945148
1947949
1953488
1954647
49434
69628
1962320
IIOIIA
1950158
44898
34496
1953127
1960660
1970552
1976242
1984029
UOOAUAOAU
1963218
1971676
EEA
84535
1963586
1967175
97041
36146
IIUEE
AUUAAU
41267
1934062
1936007
23035
61070
47773
1939536
52308
46666
1944968
1951591
67523
1960876
AUUAAU
55047
58071
58304
1962542
1966428
73371
1972494
1980200
AOEAUU
1969608
1970290
1977002
101518
1986724
35598
EO
AEAUEU
51458
IAIEOI
63848
53958
AA
1936106
1940259
AU
1922282
I
1928540
65119
54793
AIAEEAU
1918819
1926534
1934335
1941741
EOAAAEEA
68793
58304
1935409
EEA
1930510
44984
OOOAUIAIEU
26555
1919329
1923253
1923592
1930586
72411
1934444
1938592
1940030
1944478
51688
1945253
1946405
1951469
77852
1955732
OEE
IOIUUUOE
1924651
OO
60962
1910682
1915056
58304
92939
1916999
1925624
52107
1935198
1942593
48703
77206
1947115
1953398
39169
74765
92939
71770
55436
41351
1955276
46146
1955779
1961568
1962306
40352
1964060
97041
1970183
1977744
1980512
23506
1983273
47177
1988966
1989619
1999338
77002
2005022
52107
2014779
2017505
2024910
69399
2029339
2034651
2036729
2037636
2046276
62062
2049104
71770
73724
2049459
2055214
IUUAUOA
2031501
2036300
2040538
2044767
2046812
106921
2049496
2050405
2055582
69873
61919
39012
OOEIIAIA
2038581
50403
2044838
2049228
EEA
40792
2044842
EEA
41264
2039305
2040439
2044119
2046549
2046554
2046901
2052110
2053081
2062452
OEA
2050663
2056198
2063387
36507
79201
39012
2069686
69628
OEA
2065264
39169
2070880
2074655
2080251
2085864
55627
2089409
2099272
40076
2106950
2110570
37153
EUEIOEE
AOAIOUEUOU
2096351
2099611
61070
2101441
AOAIOUEUOU
2105398
2108216
67263
2113016
69399
OIIEIAEIU
2094959
IEU
68793
55183
45288
46152
2091064
2095324
OOIEOUE
2072562
54818
2077025
OOIEOUE
2083299
61798
65119
2087031
2088980
97505
65119
2090519
2097338
2099652
2107700
49767
AEAUAAUI
2103187
2105075
35289
37153
OEII
2086492
2088038
2091792
2101006
2109760
2115057
IIOIOA
2114714
2121901
2130771
2133136
2137670
2144807
2153185
2161655
2165115
2168513
58703
IIOIOA
52308
77577
2172657
2177805
73724
47127
2181247
69628
2182103
2187037
IEAAOE
2177374
EOOEOO
65119
2154501
2155573
IAEU
72384
47127
2157085
2164760
44573
IAOOAUUO
2148230
2156747
2161995
2164807
2172648
55436
2181801
79201
EE
56314
2163831
IIOUEOIUUI
73724
2142667
IIOUEOIUUI
58703
2146007
72369
2151642
95526
81946
26100
2158014
2160575
79215
2164157
2165687
2171617
2177964
2185922
67523
2190898
AUUAAU
2170874
2170985
2173121
56721
2173743
2176059
45488
2185452
39376
AIUAIOAAO
2163616
33097
UEEAUEAA
36507
50616
67337
2143131
2149786
2157169
2163135
2168635
2177277
OOOOO
67523
2163766
2172175
2180855
46350
2188553
2196707
2198652
2203128
73307
OEE
2192057
2192445
2198899
72012
2205196
2206441
E
54026
AAIOUIA
2184521
2185274
EIIOOI
2167855
69628
2170469
83949
2177893
O
2157129
103152
8820
51413
2164025
2164754
38127
2168849
2169644
2173967
2174748
2175999
2178979
IEU
2177286
67446
72088
47127
55047
2186703
2189491
80725
2191689
2196014
30129
2197992
2204733
2209159
2212650
2222637
2232443
44984
2235478
2244278
2253843
35094
2258203
2265446
IEU
99190
EIEIIIAO
2260648
2269958
2275759
OA
OA
2249823
2250595
73409
2251125
61906
2252977
2255424
45758
2256561
2258208
67523
2258689
40302
2267859
61798
2273269
2273653
82376
69737
39169
102007
2281288
EEE
2265114
71770
2270742
2275198
72558
56803
2282025
2282410
2287521
2291391
2300023
2307563
2316993
2317900
58024
2324291
88835
85608
EIEIIAIU
2324647
49298
2326444
37153
UE
36146
2324718
103152
2329098
AA
83949
AAEEIAOOEI
2302108
2309967
41264
32304
2318240
2319119
54026
83949
2323287
51312
52691
2327221
2327496
2329953
2331439
2333976
51413
54818
2336302
2345469
30129
2355205
EOEE
2353916
75256
2360241
2367148
73232
2373033
2377824
2383227
OEAAAEE
2383375
47321
2388407
60962
2390624
2391148
2393496
33097
36146
65119
2396473
2401998
2403568
2410420
2413144
2416665
2420566
2424498
54361
OEOIOO
AUOA
OIOUUUIAAU
2372654
2374641
2380342
IOAUUEAEOE
2372810
2372889
2373966
2375936
2377625
2382155
OAAU
AOEUIOIOO
2352053
2359956
33097
36146
2369595
61699
2376763
2385021
54529
42699
2387550
OAA
EOUU
2369759
2372811
2373819
2383708
44999
67523
63136
2385575
2388804
AIAEEAU
2389654
2390583
122795
2391978
78579
86127
O
2382185
67446
2382328
2383948
EIIOAOO
60085
2371479
2373289
2374260
95526
77206
2380700
55183
67314
2386644
2393523
2401944
2408142
51018
2411279
EUI
2389879
2391809
2396397
35598
2400638
68833
2409722
2411767
2412769
2422559
60085
91369
56743
2427287
52308
AO
2408100
75441
2411650
2419747
40792
2427501
40066
UAUOEU
2419693
113411
52103
OAUI
2399300
EIEEAOUIUU
79780
EIEEAOUIUU
2384576
OEAIAE
2372846
2382097
AAUIIEII
57917
56516
UAOIUII
EUAEAUUUO
76465
2328770
2334656
2341083
2343946
EEA
2324974
68833
IU
2317559
2321634
IIOIIA
78399
39376
2305058
77002
UIAAAO
65043
2279242
47177
2288560
2288612
2295854
36841
2300295
2304585
52103
2305973
EIEEAOUIUU
71859
68454
AOEUIOIOO
2293553
2296773
24526
AOEUIOIOO
122795
58024
69938
73130
EOUAUIO
AAA
122622
39376
2277198
IIAEEIOE
2268621
2271471
2279213
OEUAU
60983
AA
40792
EI
UIAAAO
81622
2236176
74805
31778
UUIUIAO
2211807
2218515
60393
2221926
2229628
2235288
2243965
EE
2241047
EO
102007
2229694
2233989
2235738
2239690
72404
56516
2243967
2247596
54793
2251872
2254885
2262984
56516
2268763
2273652
87076
2273771
EOEE
69399
2261869
2266302
96572
72088
86740
65241
77002
2268329
46936
100950
2271397
IAOOAUUO
32304
2258464
2267518
2272939
2274157
51626
81857
55436
77002
46936
2274529
91473
OU
2250730
2254943
2263596
2267876
2270033
2271356
36841
2275524
71770
104907
2281104
2285918
98514
84683
74805
83026
51688
2289845
2292336
EUEIOEE
78975
64106
86568
2282516
101299
48282
2284716
2292699
2301451
2306139
76652
64843
2309434
82161
2318492
2323959
2332216
IAIEOI
AAUIIEII
UAOIUII
EAA
2261512
34545
57762
63889
2267401
2271023
2275566
75647
2284082
2287220
2296751
2299802
2305561
UIIOUEAUOI
2306679
2315212
OEII
IIUEE
100950
2265038
83026
2268153
IIUEE
58703
2266302
72411
57917
51394
52103
2274600
64512
2278576
55627
57845
2285016
2291519
2301500
2301688
58703
2303178
IOIUUUOE
2289141
2291517
2293153
64512
2298855
36841
41393
73724
78802
2306837
2308139
2311489
2319357
UEEAUEAA
2318517
2326197
2330766
IIOEIE
AEAUEU
EOEIIEEAUI
OOOAUIAIEU
IAUIUAI
33057
2241411
2242744
2245292
2251651
78340
2256911
2258748
51394
55627
AOEA
2245370
91473
25162
EOOIIU
2219151
EOOIIU
60393
2219500
EEEEIAUAO
2221585
2229965
EAA
83026
96295
2214505
63274
81857
2223020
2226791
111791
54195
2232815
72012
56367
UEE
2216166
2224319
2225776
61798
OEA
47827
2205129
46232
2209391
EEA
40470
69399
2197087
45056
2206457
45249
2206751
2210878
EEA
2214994
2222056
64843
IIOIIOIU
43886
2218984
68833
68068
2228071
2230790
2240149
2249705
2255631
EOOIIU
2243504
132137
24448
54361
OOIO
2235052
OOOAUIAIEU
41899
55467
2216629
86568
2223385
28648
67155
2224151
2227416
2228163
41393
2234010
2237555
UOAUOEIUO
64965
54793
101299
2228471
2237156
2241950
2249627
2251274
2257117
2262068
2266695
UOAUOEIUO
2265253
2266708
2276437
EOIUAA
2279228
2285136
2292798
46666
69845
2302687
2307111
122795
2315346
2324617
129717
81154
95359
96572
40470
81622
62036
35272
84617
EIEIIAIU
92786
2305207
2306521
86877
45056
2308053
88991
2314794
EIIOAOO
2316019
2317219
60393
2323780
2331515
41320
OOOOO
48085
61699
65241
51582
2327988
60962
64965
39376
OOOOO
73934
IIAAII
OOEIIAIA
51582
2292648
106195
2294558
52308
OIUEI
90343
2291373
41320
2301296
57917
2301625
2308336
2313249
129717
2322788
2330283
54793
101299
89202
AIAEEAU
2309391
IIAEEIOE
2288664
2291668
48085
46403
2292858
2302505
2309634
EUI
55268
52103
92786
EUI
2292400
80725
54195
52103
2298492
2303139
94672
AUEEU
2284276
68448
2284462
67280
2285586
2286471
IUOE
36841
82161
IUOE
2287107
68183
78802
2289800
81622
67280
AOEAUU
IIUEE
2266908
2273288
48085
2281757
81811
2290000
53278
48013
EAUUE
2278711
2279681
53010
61838
58350
2287602
122795
68559
65241
EEIOEAIOU
2279757
2280016
OIOI
2283067
OUU
2262642
2270119
OUU
OAUI
2246969
107693
2256019
83949
2257413
2261094
AO
2243663
2246591
IAOOAUUO
2225681
107693
UUIUIAO
121143
88923
2217474
2223739
57917
33088
34500
57242
99100
55627
2227652
2235324
88777
2244626
EOOEOO
AAEOUUEI
34586
IOIEE
2202941
59390
107206
53061
2203409
2206360
2208799
2211425
99279
2215934
41393
90336
73934
2225536
114186
2234126
74750
97316
2237047
2237896
88395
68448
2242402
EUAEAUUUO
UUIUIAO
2213153
109023
2221416
28648
2231256
OEUAU
45758
2238660
2244494
51052
AAA
2238091
37176
2247712
59390
2256735
2264253
2271265
48085
2273248
2276554
69399
2278628
2278920
86568
53484
2288134
2289187
2295381
87495
2299093
69399
2308065
2312163
2314388
90336
53484
97237
AAA
89191
55627
AEUIIAE
47321
82161
IUAUAA
88777
61699
2301848
AEOOOIAEU
2279954
2288601
2292256
2301802
2306903
73330
2310686
83860
2318538
83949
2326456
2327194
73330
2334856
60962
88948
2343060
2347005
67155
AIAAUAOOE
2335085
2337894
UIOUEI
2319827
73330
2327118
65241
2334726
80275
2337819
47177
107317
80470
71539
2344004
2351490
28648
2355292
46666
77027
2358358
114077
2363979
47827
63127
2370926
67511
2374439
88923
2377043
2386403
55246
2387674
53010
41320
51052
2394702
2397820
EEOEU
72729
53637
OUU
2384807
2385459
97237
2394791
99279
46403
55300
2402548
68559
2412415
EOOEOO
57375
EIIIEIOAUU
2381221
2384568
2387983
IEAAOE
2387249
78468
75647
39376
2392432
EUEIOEE
OU
2342170
2346986
37750
72982
2347247
2350216
OU
2348211
2356787
2361137
2370506
2376406
2382210
61071
43200
2389501
60962
AUEI
57745
2368441
2372953
UEUIUAIII
AUEI
99076
38127
UEEAUEAA
2329975
UEEAUEAA
2334757
2343363
46146
53637
2349895
2358047
OUOEUOEE
2339702
2341227
2341909
2345781
69132
EOOEOO
61376
UE
2301053
2305308
UE
2312692
EIIOAOO
2296838
73995
2306756
2314231
2319082
2322885
2331444
2335260
72982
2340283
2346548
2347759
2348299
2356232
2365162
2368160
45249
2373951
43664
2376285
2382241
2389075
2393146
67511
46077
80470
2396035
2404625
AOEUIOIOO
AOEUIOIOO
39376
84847
64162
79575
2398302
89318
2403077
AOEUIOIOO
46699
93692
56743
UEOUE
2391399
2393854
2395894
86568
2400232
AUIAEOIOEO
2405439
AAEEIAOOEI
76828
2404950
2413191
2419090
2427565
OEII
77282
2409491
61308
EAOIE
2416910
77282
54133
42294
75647
2423367
72982
2424844
2427601
2433764
2441969
2448291
2448843
2453406
2455308
2459908
86568
60978
47652
2460550
2461486
EAOIE
2468580
2469598
63302
2476596
UO
2472122
OOIEOUE
2467175
2473490
2481041
2488918
UUIUIAO
41393
2471533
2477142
73995
103433
2482090
69494
2483447
77552
2492384
2498317
2501201
2509151
48153
2517672
2523326
54133
2526896
2536835
2539645
2541100
UA
88948
2530942
49807
2532949
59390
77027
2539414
77027
2542424
2548823
80324
54133
53484
81880
2553498
64378
109023
UA
89916
53484
IUOE
2533444
2541779
2545873
55268
2547903
46487
58498
75757
46487
2548707
49807
77027
85698
63302
65271
65741
2555399
2564179
UUAIAEOEUO
IAUIUAI
93350
2531657
53075
2533995
2537243
2545763
78399
102946
2554973
2563715
OOIO
79134
77027
2563733
EE
88948
2549028
87495
2551629
2559909
71012
UUAIAEOEUO
2546794
2554215
2561317
107693
UUOEUUOIAE
2536374
93350
2538040
75152
2541914
AAAAI
2523956
2531885
2536990
75152
2544141
U
IIEIUOE
AAAAI
OOOAUIAIEU
2527157
2529755
53010
AAIOUIA
2514364
2524045
2524529
2527358
2536427
AAIOUIA
OE
2510389
63305
EEOEU
61593
110150
85389
59191
2492634
53746
2495169
2496481
2501737
2502509
2508864
81851
53508
59404
2511938
67507
EEOEU
2515851
2519310
2523878
72982
85280
75647
57278
69494
43630
2526946
2534217
74696
2540038
2549260
OEOIOO
2533517
38121
2541401
2550062
2550150
2559212
2561842
2564144
49807
2570457
EI
80326
85628
44047
2570460
2579048
2588873
97541
43630
2588888
2598454
36340
2603350
2609864
61593
8820
83949
95300
40128
2617516
2620963
2630001
UOAUOEIUO
98523
IEU
96743
2610321
2619161
2620616
39353
75019
67507
115333
OOEIIAIA
2612748
2617664
50008
62930
2619891
2629547
2636255
2639311
2648664
51614
2654518
2660555
118118
68559
61699
EU
2651553
2651638
90263
IIOEIE
79575
2637195
79134
2640789
2647773
2650211
53130
61593
2659030
2665109
109924
2667522
UAEUOEIO
103433
55443
2659928
2662878
41880
2671609
53010
65741
53075
UAA
2647207
84672
2653217
45849
O
2644230
53282
117934
2648905
79575
2649883
2656835
2665026
2671187
107428
2671675
85628
71012
2674101
IIAEEIOE
2660967
2668827
2671366
2676836
2680874
2689060
84672
137366
2692158
2699740
39455
2700490
2704474
2710586
74380
2719067
2719468
2725146
45915
118571
2727033
UIIO
63305
2727744
EUEAUO
57278
2726568
2727812
2734847
2736709
2744051
71772
2753304
91192
114077
2755585
100074
2759638
2769089
2774469
137366
109023
2776272
E
AUEEU
EUIUUEUOE
85280
2728429
2734645
38121
2740158
EUIUUEUOE
2738543
2740780
64208
113685
2740996
2748495
2749812
98514
2757112
2760673
61699
93692
IUIAIUAI
2756862
2765693
84263
2772935
2773068
2780394
137366
78238
IIOAEIUO
57820
2774854
2784722
63305
2785168
75520
42294
2794919
77655
2801024
94508
2803953
2811110
2813109
AUOOO
OUEEAAEII
2770037
79134
71012
2770907
2771530
2775599
2780982
86671
2788095
71012
2795845
75152
2802961
OOOE
UAIUEIOO
2760962
2769903
40128
2774354
2782340
2787730
39353
45249
IUOI
97237
49107
2790948
83104
EEUEUI
35521
2771727
65104
2777107
AAUIIEII
82660
EIEIIIAO
IIOIIA
2739076
123579
2748280
82937
2749051
2751164
2752765
2759115
2760609
2762857
2769670
2774059
2775301
IUOI
78325
2749767
2755649
2760402
2767400
79390
2777260
67240
97005
2781996
2784009
2787664
2788297
2795157
2799613
85389
2804464
77655
2809565
2814540
137366
2822376
2828479
2831447
2832985
53484
78238
EIEIIAIU
2837766
IOEEAE
OIUEI
65814
2817747
2823865
39353
2830815
2839179
65104
2843818
EOIUAA
2824361
2829156
43630
111704
2830967
2833443
2843320
EOIUAA
2840596
79390
67341
2843577
2850176
74537
118118
EOUAUIO
58149
2849828
2859404
2867923
EOUAUIO
104402
72543
2872109
2875113
66279
51607
56096
2875311
OUUIAI
2868669
2874204
2882744
2882771
51582
47177
2887753
92918
2894357
122578
2903668
54133
2907827
2908032
78399
85389
EAAEEUIOAI
2895595
98411
57872
51582
57278
79255
2899861
81246
78399
51044
51052
2909568
AAOUEAU
2893965
2900478
2908730
2914755
2923862
2931996
68559
82126
123579
107249
2933491
E
2929994
2931851
83209
2938747
62930
EEUEUI
68830
2930479
EEIAEOUI
42294
2924945
E
2911652
2919885
2921445
57462
63123
113459
78238
2924667
2931931
85389
2937488
2941039
94184
123698
51607
47177
AIO
50834
65814
53508
2938201
2941560
2943247
39455
2949227
2949756
137366
72677
97005
85628
2951336
94184
IA
73697
83209
2946073
2948734
2953824
2960048
93486
2962888
2969767
2971701
2974863
EUI
2966024
2970975
47177
2977633
58670
2978143
2984530
2988785
90263
2995872
2999252
3006946
97237
3009718
3011919
3018587
3025525
3029066
3032003
3034312
3043704
3046484
OIAUEAUUEA
3033739
46626
AUOA
3032002
3034409
79390
3035730
3036743
45916
3042890
79255
EEA
3033763
80811
67890
3035323
122733
3035720
3041727
68559
3050512
3059903
EUEIOEE
EOEE
3028549
UIAAAO
67174
3027938
75124
3029900
3032132
OIOI
3016723
79438
3017861
3021210
51607
3027659
OIIOUUIEO
3024330
3028667
3028785
3037350
3038822
3040354
54169
67240
AIAEEAU
51482
78391
3015983
75162
IEU
3014567
3017456
3024584
3028397
3035962
IAU
3033081
3034441
65104
3043476
3050620
3056183
3060916
IAU
3039394
93692
OEAAAEE
46111
3021093
3028743
55909
3030240
3036187
3040321
104402
3043668
3048900
83949
3055145
UAA
3054696
IIAEEIOE
3044880
3046531
62809
A
3033791
3035910
3044213
45398
3051756
80404
80811
3054197
58149
3057139
123277
62515
3061678
A
123579
3060824
3060940
3070199
73623
3071700
123698
3072660
72982
3075216
3082422
3089232
75392
IU
3096166
83025
AUEEU
3072059
AEEEEIOE
3046312
3052256
97005
85628
82937
3054173
IAUIUAI
3040707
EUEAUO
OUU
3017939
3025097
3033309
3042288
IEEA
104402
3036488
35521
3041207
OAA
3047122
3056809
UIOUEI
87750
AAEEIAOOEI
90570
89408
73991
3029236
85800
3030081
85241
3031146
3035644
3035805
3037476
85241
66279
EIIOOI
101682
3034672
3042327
3043064
61311
3046305
3049961
93350
89408
78325
85389
109023
3050983
62930
3058948
109023
79438
EOEE
3052981
3060400
3062561
85389
3066340
3074895
3080937
57462
128898
3085889
55359
3090589
3099966
3106933
3111424
3119041
3125623
65104
35521
3134110
3134534
75302
UIOUEI
3112648
3120814
3126112
OIIEIAEIU
3105395
3111246
3113933
3119052
3128435
3129044
3130684
3132671
3141697
3144423
IIOEIE
3144209
62296
42285
93350
3148447
EOEE
85915
3141306
129717
3142633
3152113
3161155
3166276
126822
99427
73309
3175238
98523
3178042
AIO
EUEIOEE
80404
3152301
3153107
80811
3157526
3163691
58670
UUIUIAO
3136521
3138123
113685
8820
79754
54991
78325
3142789
3151838
67890
54133
123579
3159942
88189
113459
3167283
3168187
3173605
3175385
3181497
73623
3187220
3195761
51582
3195907
3202413
OOIO
69617
3176673
OOIO
3181852
3189301
3198083
3201904
89408
109148
86032
58149
50834
75302
3209950
3213662
AUEOAOI
3194711
3197113
3197364
102515
88189
IOUUO
3174530
54133
101424
3176625
3185622
OOOAUIAIEU
59404
96173
EIEIIAIU
OIOUUUIAAU
3135114
86032
3137685
3142653
IIAEEIOE
3134115
3143562
3149193
114965
83949
3149980
3151101
UEEAUEAA
50981
54339
3145321
3149652
AUUAAU
96173
54138
72435
98523
AOE
3106685
3115662
52135
3118993
65380
3126639
53508
3134725
85241
67890
3137690
3138723
3144883
3152821
3155084
3157312
IIOIOA
3144761
54991
61291
3145868
3155581
3160585
3162644
IIOIOA
3168713
3172638
3176008
3178530
3180862
3188640
75846
3198300
98523
69164
61311
3204631
50981
3205020
98523
EU
99427
59958
46111
3206089
IAIEOI
95635
IUOE
OUA
3173437
103433
3180303
52135
3187343
UUOEUUOIAE
115948
3170586
3170769
3174878
97078
UUOEUUOIAE
111112
3181168
52521
72982
AEEEEIOE
96602
3165237
72982
EUAEAUUUO
3171574
3176175
OUEEAAEII
78288
90440
80880
3171505
69189
3171520
3180152
58859
92646
44245
3182316
OEA
46885
OEA
3169581
3170556
3175343
3180084
3185802
EE
3159940
3162365
3166028
3174695
54133
64007
3177941
3185360
109491
3187888
3188137
3191574
55909
3199343
OEA
92556
3179914
3189357
3189532
EUEAUO
IOUIAAIEA
3157957
77808
3159992
88992
3160202
92940
3167739
144409
3172817
3179557
IIAAII
67629
3165842
3166926
3172760
95749
EAAOAAEAOI
53508
52135
3158310
3167797
77808
3175241
59500
3184566
92101
3188883
40667
EAAOAAEAOI
114965
3191178
3199497
75590
3199803
3208060
AIUAIOAAO
A
74687
126970
94439
3190017
3193397
3197077
3206367
OU
61311
3197623
3207467
3208359
3212596
113459
3215310
3221096
141160
IAU
3211657
UOEI
AUAEIOA
3170424
3178772
49263
3186038
3189923
46885
135176
EAOIE
76811
3168032
3169304
3174264
3179478
51800
3181621
IEI
IIOIOA
3155210
104402
126970
72982
107598
3161209
3170090
3174900
3181592
3189037
3198385
92053
3205171
3211892
3217711
3219303
3220992
59500
3227082
3232082
3237380
EAAEEUIOAI
3238811
123563
3242242
3242607
3242704
3248734
87553
50834
90857
75520
UUOEUUOIAE
3226658
3228868
UUOEUUOIAE
3226334
95139
107845
69890
3230233
3238913
79273
3245583
64945
AA
114965
UA
3236325
3237661
3246320
94041
3252509
116204
3258083
3267482
3276828
109002
3286127
94041
127529
3288920
90977
3294539
104872
92085
54138
3297203
95139
3306017
3314035
3323561
3325424
51607
3333984
3336089
83296
3345731
54138
3347118
76811
3347645
3354546
94041
3360284
3368209
80880
IAU
90977
3340515
55648
3349501
3356909
3357518
62296
3359609
IAU
117585
3366659
126927
3375281
98514
46111
3379712
3386078
52146
105454
IOEEAE
49263
3377644
104872
97078
74687
3380293
96743
68522
UUOEUUOIAE
55227
64112
3377278
3383200
3390779
3399360
3406115
3413763
3420180
54138
3424026
54169
40667
101424
3424708
53508
110974
59958
3432922
73713
3442318
3445638
100508
70135
126970
3452389
3460235
93486
101424
3467617
91133
59390
3470629
3470911
51800
72327
72435
46111
3479157
3483078
70306
3492864
76242
3495045
90977
3496656
3499257
UI
51800
OOOAUIAIEU
93486
87173
3473037
3478773
65541
3486759
UE
3471124
123579
90977
3479787
3485423
IIAEEIOE
EEA
74857
3447223
112805
EEA
90570
3452610
52936
64945
3455226
84490
3455599
UEEAUEAA
3452904
64945
3460866
3461920
105590
94508
3466673
UIA
OEOIOO
3429554
3435454
117585
104402
3443183
116204
81486
52521
3445499
3451425
3459460
3462768
3463380
3466910
51607
3471210
3474995
3477988
3481751
85915
3486270
3495235
3499542
3507657
3509050
113092
73623
76811
3516320
77869
3526221
3526657
3529845
UIIOUEAUOI
79273
3523889
62492
72327
110477
135176
74857
3533782
82937
76811
3537100
44245
3545302
3547045
3549647
3556699
93192
57462
3562313
46885
3565166
86568
3570178
3573251
OEEOOI
77808
65541
88223
3556030
126153
123563
3558589
OEEOOI
58670
88016
124772
3555992
3565683
100643
3568762
3578541
3580753
3584291
3585521
3592400
103034
35521
UOOAUAOAU
3571326
3573625
3575141
IIAAII
92918
3578880
3586398
OUUIAI
OIOUUUIAAU
88223
94508
3541991
3542809
79501
68139
3548328
3550074
105590
94508
104741
3557148
54169
126927
3562085
67890
125086
3567160
85161
109263
OIAUEAUUEA
84797
53163
AEUIIAE
3541470
3548949
OOOE
EO
3540337
96602
46111
53163
3547517
58545
3555113
3557791
EO
3560112
3567012
IIOAEIUO
126927
3551007
147488
70135
3559504
3564873
3572783
3573806
3578528
3582435
3588220
3594701
3596897
3600799
3608718
3610695
3620349
OAUI
AOAIOUEUOU
3595246
58670
3603156
3609751
EIIOOI
IOEEAE
3584942
3592305
67890
3592526
95607
3597338
87443
89873
78402
3604557
67174
107756
61350
3609995
EUEIOEE
116721
3599764
3604550
3606749
55728
105590
70826
3614071
78288
3623340
3623555
82937
60771
3626867
3632443
109263
123563
3634764
38717
3643768
74857
3648470
OUU
3644366
3653293
3661728
UOEI
96048
3656661
AAIOUIA
106755
3634488
3639028
110477
3647551
3651661
121796
3657640
3667126
85241
3674402
96048
3678350
3680849
IEU
3662230
87987
3668129
3668728
58848
3676307
UAEUOEIO
3665844
OAAU
3658403
3660180
112805
3665642
3673209
50932
93486
3675870
OAAU
AO
92556
EAUUE
3663551
96602
92918
3668829
60771
UEOUE
57462
3659195
93192
3664257
65311
EAIAAEE
3661737
3666268
107659
3669408
3670849
132773
OEEOOI
83624
3649094
73623
3656554
77871
65311
104672
3658867
3667391
81533
3676620
127529
90062
89910
3678109
85800
3687759
3690129
3695838
3700591
3710074
3714598
3718555
EAEUIIA
EAEUIIA
3697239
3698214
3702625
65311
IUOI
3690243
69074
3698403
3701079
124772
3705605
3711618
AAAAI
54138
88130
3711206
3714516
3720158
AIAAUAOOE
86877
U
3689751
67597
AI
3678207
3681053
3682258
3683833
3693382
87987
79575
79575
3694179
AI
65311
3698766
3702896
3704247
68853
OIAUEAUUEA
IAU
IEAAOE
73162
3662148
3664962
73162
86492
3669062
3670773
3679092
3682065
3683298
115733
3690724
63046
117966
3691138
3698645
EAIAAEE
94011
3680747
81735
81533
3684866
126153
117585
3690243
AUIAEOIOEO
88130
3675602
134453
3681773
68139
3690200
3699281
AAEOUUEI
U
3672310
85241
61970
112805
3679066
3683286
3692884
83624
3693747
3701306
3703164
77420
90525
91133
IEI
130061
3688312
3692757
3693801
EOUU
AOEA
3675038
54699
66279
3680756
AUAIIUUI
IIAEEIOE
3652375
EAOIE
3639199
UOUA
3620461
3622329
3629087
3632012
89895
107970
3640585
UUIUIAO
3618955
3626082
AIO
3599967
100123
3606422
81735
93314
OAI
72196
3587250
3590050
89910
3593467
114390
95139
AOEAUU
UIOUEI
76932
3556396
3560382
3561496
UOUA
87408
53163
3543556
81679
3545901
3549223
3558762
3561633
UO
3555674
3556133
107970
AEAUEU
121796
3547281
70826
3550693
AEAUEU
3552519
57462
3559090
121796
108834
OAAU
85241
3537938
81197
3541879
73217
3549899
3554444
3559881
67222
3565202
3572416
112739
60236
3578147
3584936
3592767
3594095
3598995
UEOUE
3599872
62886
3602306
3611888
3612432
3612539
3616867
3622679
3630998
UEOUE
3629801
3636486
3639176
78629
IIOUEOIUUI
3616156
3621925
3628430
3629827
OOEOUEEOOU
3623843
54699
77719
97812
OA
3609891
3612323
IOIUUUOE
73663
3617248
122099
3623304
3623688
3630193
3635729
3635971
3640681
3650001
IOIUUUOE
66279
91058
93192
3654666
82180
3663762
83811
EIAOUEOEOA
3656670
3658883
EAA
3657456
AOAIOUEUOU
53266
3650737
EI
3630919
83811
OOIO
3614171
3617655
3620453
60658
3626588
3629344
3632125
3640570
80353
3649614
EEA
3653583
115332
78318
68111
3656835
3665399
3672301
3672946
EO
3672485
155253
68111
3681331
3687330
3691235
3698286
AAAEAA
116721
AUEOAOI
3666211
122347
OEEOOI
86263
3651466
75264
OO
UAEUOEIO
70011
OIOOAUI
3609245
3609749
3610326
3619621
3622065
EEA
3599631
3600009
3606946
3612140
128152
3613999
3618593
130061
IOIUUUOE
77110
3598279
3607386
IOIUUUOE
70494
EIEEAOUIUU
67629
116721
3605077
IUIAIUAI
115332
68111
85566
UEUIUUIII
3565483
125408
61291
3575122
112739
UAOIUII
3560397
3568311
3572392
3576251
76713
3584458
3592773
IIUEE
92436
60581
3573410
3576346
148002
3580713
UA
3571694
3577807
74857
3585782
158351
3589174
112359
3595360
115332
3602608
105695
3606002
3614526
3622680
112739
3631217
3636295
68145
3645805
61102
3654860
3661468
3667748
3669111
139843
82373
148002
3675619
3678229
3678458
3684707
61789
3691122
81735
3695579
73966
3701604
121106
88130
3702174
84920
IIOIOA
3704049
OUA
3695777
121106
3702789
91152
3707222
3708743
3714676
3724391
117770
105695
95749
3732879
93848
3741646
3747569
96815
3753716
3759493
3760750
79575
AIAAUAOOE
OOOE
108196
53197
3752342
3756866
82842
83704
AIEEE
3732217
95585
3734049
75879
3742033
3743130
85103
3751580
91818
OIUEI
3754590
78160
95607
3762414
3771505
3773087
IOAUUEAEOE
90806
58874
3769125
142878
77465
3775147
IOAUUEAEOE
3778556
3779725
19493
3782090
105740
3788672
3789031
99598
3793506
3802219
91310
113374
139843
62886
3808060
112739
3808303
3812905
AUUAAU
OOEOUEEOOU
3769958
IIEIUOE
AIO
3763857
3766615
3767289
3768774
139843
3777887
132892
139050
AUEI
79780
139050
79575
3765461
AIO
136671
102714
IIOUEOIUUI
90062
3759975
IIOUEOIUUI
3761251
3764509
136671
3767412
74373
3772851
3779219
3780727
3786450
3794602
AUOOO
54871
3789952
140937
3796681
76713
3805063
OOOAUIAIEU
3797385
OEEOOI
3802344
3810323
3816928
3824167
OEAIAE
AEAUEU
3788237
3790861
3796677
76791
67174
3799972
3800045
3804381
3805193
3812683
3814999
3815979
3820564
AAEOUUEI
3802231
79914
3811431
OIUEI
3783460
78169
3786449
3789579
3796247
3798680
67222
EO
3787689
114390
88403
3792981
IOUIAAIEA
3786400
3787417
AAOUEAU
3782410
3782945
93314
93314
3784801
107314
IAAEU
68407
3770962
IAAEU
3776074
3780512
95275
95585
95607
3781086
103687
55899
3784711
79575
3786372
3788223
IAAEU
3792881
3796934
3800205
AEUIIAE
3807537
3815724
3819121
101782
53197
UOAUOEIUO
77573
67890
3804622
3812134
3818118
112415
3823473
79914
3825853
79575
3834031
77573
UIIO
114390
3822330
3825909
EIIOOI
3824173
67174
3831102
3833643
EOIUAA
143416
3823205
68443
63932
3824514
76713
76471
3831281
OE
92952
EIAOUEOEOA
3802863
92436
67964
UEUIUUIII
IAAEU
3783115
EAA
80326
3776348
UEUIUAIII
UAEUOEIO
3745679
95749
102002
103687
IAU
IAOOAUUO
3695698
3703050
98293
3711230
65611
93022
3720745
3729758
3739549
OEA
112739
3724446
116721
104753
108834
3732325
119001
109198
81533
IUIAIUAI
3724785
3732307
72868
3740109
99756
117170
3740538
126574
IAUIUAI
3725022
OEEOOI
3714712
3714747
3719014
82842
122459
3727414
106755
60581
OIOUUUIAAU
3702538
3706832
64085
146401
IAU
3687792
3691682
3699566
3704983
3708183
82842
3712758
3717132
AIE
3698125
97113
3699373
3704853
3708679
134473
IOEEAE
3703033
3706742
3707630
3717148
IOEEAE
3722877
3732031
3733063
3742965
95607
IUUAUOA
3729021
EEOAOIUUA
3711720
3715093
111023
3718811
3728263
OEUAU
3721660
64112
3726491
134473
102743
OOIO
3713362
EUIUUEUOE
80656
91391
3706609
3712744
3720389
3722636
93188
83296
136671
3723513
89409
3732635
3733859
OEAAAEE
3709556
OEAAAEE
3713666
106755
75766
3718835
85103
3719134
63889
AAA
85115
3712767
70860
3718167
3720478
3728838
IEAAOE
3706197
129949
3708091
67964
146401
3713875
3714513
3722703
3728784
44604
3733072
3742176
3747926
99878
3750913
93828
3754602
3758066
EEA
3750733
85103
3756103
76425
63889
61970
3763469
3764070
3768720
98997
64112
3772432
3779696
105676
108834
95353
3784873
3793034
3802654
93828
106755
AEEEEIOE
93828
69273
98997
3804010
AEEEEIOE
71074
OEOIOO
OA
3775117
99995
105362
3780432
3783633
3792181
125356
3798597
70494
130276
3804992
3808297
IIUEE
IUIAIUAI
3785393
132238
122347
3790866
115730
3793910
3796180
98142
3802852
3806090
3806402
3809791
EAAEEUIOAI
3804714
AIUAIOAAO
89779
74373
IOEEAE
116165
3789743
3789878
110192
3793514
3794678
71335
122306
3795377
132238
3804523
UOAUOEIUO
3794833
3797674
3804593
3811790
EOOIIU
3800012
3800732
UIIO
65559
UIIOUEAUOI
3766345
3773247
3783065
55728
AOEAUU
3760258
58637
98142
3765292
3770943
3777721
3780244
3783048
3784541
3793890
3800438
3801968
3804864
3812878
UAA
3789428
3794818
98142
92339
71335
3798106
3802365
97113
3811903
3812250
64112
3821447
65559
3830172
3832585
102335
81727
95139
3841016
3844136
IOIUUUOE
113374
IIAAII
3797056
99598
EEOAOIUUA
3776794
OE
AEUIUOO
102891
81156
74373
AUIAEOIOEO
67300
3736878
3746306
77939
IIEIUOE
3738329
3748086
3757274
3763675
3770792
3780423
89237
IIAEEIOE
3769334
3774904
65559
3775669
78460
3780917
122459
78748
IIAEEIOE
127152
3786390
135336
3790272
EOIUAA
151105
3762833
69076
135336
3772335
126574
3781421
3783982
125356
127152
3793876
96246
3795454
3799888
3807885
3816896
3824458
98303
3828878
66103
3832561
85503
3836743
3840237
3844857
120178
73739
72868
107931
99995
3846829
3854588
3858920
3864615
3872140
66103
3875341
3885188
3889799
3890911
3894163
UEOUOEUAU
UEOUOEUAU
UOAUOEIUO
3874301
3874923
117170
3883882
3885566
3890634
3895565
3897737
IOAUUEAEOE
116538
3898654
AEOOOIAEU
AEUIUOO
AEUIUOO
3868686
3878609
3888189
88813
IUOE
3889492
3896147
3903309
3903539
97784
3904342
3908274
3915137
3919176
EIIOOI
3900387
77865
3904632
3906227
3913708
3915937
IOOOAO
85986
84329
75766
3903109
3913060
83742
3920401
3925094
IIOIOA
99995
3911723
66103
3921300
3923271
3924226
51243
EEIOEAIOU
3921347
3926787
3930471
3933134
3941074
100878
3943960
77110
3944298
84329
3944782
3944882
3945282
65559
OUOEUOEE
3925452
3933863
109646
3937344
3941603
122306
3941620
98211
69076
EEIAEOUI
112739
3928652
3934652
UIA
3917237
3925532
3929554
3932148
146894
3938885
3946498
IOOOAO
3928273
3935955
3940566
3950534
3952389
85503
118890
3958517
3966283
70602
UEOUE
3959565
IEAAOE
44604
81649
77573
3959627
3962290
OAUI
89873
UIIOUEAUOI
3950927
OIOI
3946335
3947427
3949218
3959172
135559
151105
98197
3963460
64085
55899
3968171
3974713
112435
3981750
158351
3989318
3995387
81533
111413
4004836
4007000
4011638
4020714
4024412
AIUAIOAAO
4017813
4022444
4023176
133462
4027576
88813
4031117
4039646
4039793
4040766
67071
98211
77865
134321
4041280
94838
119307
UIAAAO
99944
85986
UIAAAO
4037193
4044431
UAUOEU
133462
143442
158351
88813
98999
UAUOEU
4028927
83663
63497
118001
117195
AEAUEU
4021771
4025744
93022
116377
107610
84929
AI
4000439
4009994
4013444
105746
4015700
4024736
IEU
4028056
4033174
81218
EEA
4016878
4026801
4027350
4036418
4044857
4053271
4056468
87950
IU
4052411
4052412
OUA
4039665
4047654
4051567
79038
82801
4057476
4058855
4064265
81649
96246
U
4048507
4057054
4059570
73739
87950
4067868
4075532
4085490
4088233
112212
112212
148460
95253
122306
92436
4098138
101772
4105060
4107232
4108080
89575
4111436
I
95205
IAEU
81649
4088664
4092165
4098073
4100353
116095
143441
4101881
4110359
99995
AEUIIAE
113374
44604
4099682
77059
4108176
AUOA
4095048
4103943
IEAAOE
4082864
83296
4092398
4093575
4098312
109646
167165
4108003
82385
70292
4109859
4115934
IEAAOE
133462
119307
IAU
93022
84329
4109343
4117712
4123030
4129781
AIO
4121574
EEE
77059
UE
83641
UIIOUEAUOI
4089478
UIIOUEAUOI
122459
4090514
4091074
4100640
98402
4108679
4115848
116165
E
IAU
4105072
93321
99995
167165
4113741
127446
4117859
71589
156958
105746
4118388
4124044
OIAUEAUUEA
4111827
4118688
131933
4124134
EEE
4098874
4101235
70494
51243
93022
146894
4101367
125622
4105143
79612
106477
103848
64112
4110096
4118770
4120035
4120044
4120451
120482
UOAUOEIUO
118001
112739
OAAAIEU
EAA
81218
EAAEEUIOAI
85809
4034145
UOOAUAOAU
109305
4036183
4036476
143442
EEA
EEA
4021739
UIIOUEAUOI
I
100526
73739
98197
97784
3996335
3998596
3999644
EIAOUEOEOA
3978174
EEOAAUOE
84328
3981964
OU
EOIUAA
3978535
AO
99775
95253
3965022
3967386
3968232
3975203
3978207
3986278
77059
3990185
3994443
UAEUOEIO
3991229
88879
3999247
4005505
148518
4014225
83742
77059
96807
4018766
4027820
4035143
99944
79612
UEEAUEAA
4013750
4014207
OA
98809
3990471
UIOUEI
OOEIIAIA
3972224
3978985
3979459
83641
UUAIAEOEUO
3963117
AAUIIEII
3940679
UEUIUAIII
3920076
3928678
3930778
100878
43218
3931136
3940009
3945519
3947716
125842
AUUAAU
3931202
105690
AAAAI
104175
3919361
OAUI
OIOUUUIAAU
151062
EAOIE
126613
129296
IUOI
IEEA
3814213
3816194
133790
158908
143442
156958
43218
115848
80790
3824823
98809
3827603
100522
3835432
3839775
UOOAUAOAU
70602
3812468
3821417
102610
3823813
3828649
3836706
3841985
3851535
131399
126574
3852324
UOOAUAOAU
EAOIE
135559
3828258
3829792
100602
111843
83240
105556
3830270
3830665
3838109
88141
96827
120482
EEOEU
136623
3837300
3838127
3846201
169142
EEOEU
EEOEU
101772
3850198
98796
3856137
EEOEU
88400
OUOIU
88141
UIOUEI
3832575
UIOUEI
122526
90092
3834759
80790
133790
129571
UOOAUAOAU
3823404
54169
EIEIIIAO
3809273
3815717
88400
3823877
77059
152063
3833591
169142
3834985
3839072
3846601
OEAIAE
3845753
79612
3854894
134879
3858989
3867781
116538
80930
OEAIAE
3866655
3867992
3870655
3879666
119700
AOAUE
3865516
3868655
EOUU
3848936
104017
70292
3853867
3860761
3870151
IIAEEIOE
140510
117513
3845813
3851246
93321
3858401
3867588
3875442
3875690
149474
3882170
3884257
3893024
151062
AIEEE
AOEUIOIOO
3870876
3875924
IAOOAUUO
105191
122672
3872433
3881598
3887255
142522
3891594
3899836
83641
UIOUEI
112739
3875384
96807
97368
OEII
3861314
3862562
3865555
3871987
3879812
3883499
83230
98809
3892233
IOEEAE
98197
79038
93856
3881223
IAEOI
OEA
152696
AUOOO
UIIO
3822815
EIAOUEOEOA
3802859
3811178
3819524
94397
3821344
119067
96302
3825058
89517
3827854
106477
43218
51243
EOOIIU
106477
3816415
143442
3821152
3821305
3822915
85152
3828599
3836415
51243
3840575
140510
3840584
90757
3847794
3854308
128706
IIOEIE
3828378
3835442
3845116
126348
132018
119700
3849151
83296
3850910
112835
3859254
3860166
3866562
3876521
UO
123539
OOOOO
140510
3838371
IIOAEIUO
77059
89433
3831671
3841310
3851114
3860681
3868054
169142
EIAOUEOEOA
3854258
122672
108341
97368
3855300
135440
145103
152063
3863711
3866543
147169
3874330
95205
81156
3876947
149474
AUEOAOI
3869773
3878512
3883816
AUEOAOI
UOUA
135559
3887538
3891990
3899771
IEEA
EEEEIAUAO
90757
UAOEAAOEIA
84314
3887435
3889303
129952
3889624
98698
IIOAEIUO
OO
3858463
3865956
3869414
3875718
3876820
3882089
96807
AAEEIAOOEI
3856302
3862792
102610
81938
164958
3864389
3870488
135440
3875101
105488
3881310
3885116
104017
3890746
3900423
AAUIIEII
105115
109405
80963
3894811
3901965
3911801
105556
3914232
3918066
88283
3925003
3925692
89692
134086
AAUIIEII
3929497
94984
UOOAUAOAU
3927832
3935052
3943781
3946351
3953841
152063
3954802
3956827
IAOOAUUO
3930438
3937808
3938399
111282
IUOE
154019
134226
3918774
3928449
52183
76412
96302
3931199
133790
129274
103876
3933117
68146
3941793
100189
OOOE
3931888
OUEEAAEII
UI
119067
3898002
120084
3906792
103559
87598
3910024
3919634
3922107
3927880
3934304
136590
3936194
3937346
3937642
108338
136590
3945323
119700
E
144556
AAAEAA
67396
3925266
3933659
123858
109405
92647
UO
IOUIAAIEA
116357
EIIOAOO
3867059
131399
132018
IIAEEIOE
157782
154199
3841655
3842639
3847242
3852761
3858993
91310
131067
IAOOAUUO
90757
106950
129296
105556
UA
112152
3817835
105115
106950
76715
101758
123858
138035
3818011
133790
94501
3825818
3835727
76715
3843917
3852747
76812
3860308
3869074
3872525
UIAAAO
52183
AO
EU
3845153
AEUIIAE
3839745
3840060
3840664
EIEEAOUIUU
3834973
IUAUAA
UEUIUAIII
3807777
129296
OOIEOUE
3799397
3808296
3817022
101756
UAIUEIOO
141082
91301
3795794
3805199
96827
3807848
3811429
3816218
3825515
81938
149726
85487
3831066
123539
UEOUE
EEA
3806146
112152
99672
EAOIE
70399
108341
OU
118348
OU
3779076
3786356
139787
3794699
3799067
3805355
86034
3808156
3809663
3818383
3826930
IIAAII
3813055
135680
AAEEIAOOEI
3809655
3816441
83296
155749
UAA
136289
86440
43218
EOOEOO
116357
3804824
92647
3806000
UAOIUII
3781673
3782015
EAUUE
92878
125935
3762725
OOIO
167535
3735916
3744677
3753774
3759229
3761548
3768041
3772120
149726
3781212
OOIO
E
3780629
129296
145645
3788963
3789988
3796083
113610
UI
3779113
3784296
93551
91376
106839
3790240
96782
3799915
3800342
120827
3807988
3811633
EEEEIAUAO
146894
3799110
UOUA
149726
134086
3783425
105115
3788258
3789548
94501
84329
EUIUUEUOE
3783799
3789428
3799072
141082
3803151
71511
3806814
90757
86440
81214
3813440
EUIUUEUOE
3818839
3827374
154035
3830802
156814
3836300
88131
52183
147169
3845137
3849395
OOIEOUE
88014
3845478
3850048
133842
3858467
IOAUUEAEOE
3836410
AIEEE
3838265
3844249
134729
3845942
3855590
117594
3859407
145650
3868968
OOOAUIAIEU
3852049
112534
135680
81214
3859974
3869881
111452
3876807
3881869
3883448
3888276
106270
3897538
3899201
3900483
3909447
3915576
117535
3916103
119700
146894
IA
3899835
3903166
3905420
3909914
3915610
IA
103466
3922543
3926401
3929296
UAOIUII
152696
122231
111127
3901937
96807
91039
105115
3911028
3915191
94693
3923546
3926712
3936042
145650
UAOIUII
134729
3936740
3940740
3949160
UIAAAO
3948998
3950474
147169
3952618
169381
3959838
3964567
122461
166008
105415
UE
138163
3954855
85487
3958272
3964530
3969802
162108
3973471
IIOIIOIU
3965215
3965475
3966759
3971345
3980021
3989239
92476
96807
103559
76835
3998792
4001294
4006656
144785
4006844
4007476
129296
4017365
4022954
112152
4024409
4030296
AOAUE
142522
EUEAUO
4013877
4021265
4025108
81428
4030220
4035870
152696
4043886
4049723
4051821
4053685
115182
116657
UEUIUUIII
94693
94984
4053085
AIAEEAU
98973
4027703
154963
57381
121697
149726
4030934
113610
EOOEOO
4008933
4014999
4020414
120467
103870
68793
4030386
4036828
OOOOO
4037162
98292
4042531
4045709
4052790
EOOIIU
4041147
4044545
4048857
117535
4048965
4052135
4054965
4057618
98896
4057835
121548
4062943
109224
4066135
133842
4074336
4074566
4077995
4078754
4083248
4083400
173832
105115
90482
94232
OOOOO
4078107
4087710
AAA
4062058
4067919
4071586
4080297
EOEIIEEAUI
94232
4086028
4087320
4093734
93912
OIOOAUI
99205
130226
126339
4080312
4083176
145788
4087438
IUIAIUAI
4071524
121548
157492
4080343
4080446
4080878
4087042
4095361
4105273
169381
106834
120387
106270
144271
4108788
4113484
4120677
125756
85811
103870
107686
4129260
133003
4129755
AAEOUUEI
4119019
UAEUOEIO
4097805
4103781
4104405
117535
4113718
4114776
EEA
34431
4098309
EEA
4098558
4105506
70399
4109174
116657
4112260
104264
4114091
146046
AEAUEU
4108216
4112195
AEUIIAE
121647
4108495
AIEEE
117535
4080619
4088306
4093836
4094067
89148
96794
4102023
94232
AIEEE
4099397
92363
124409
OIOI
155749
116843
4089581
119700
OIOI
161817
4096794
4101095
4103185
86657
173498
4104463
108868
EOEE
149726
IAU
94407
4064268
4068932
119913
4074827
4081074
130030
148043
4089910
4096961
4105368
EIIIEIOAUU
4084877
4094344
149726
4100666
EIIIEIOAUU
4099161
129498
109725
4108328
4109677
4117057
OIOI
OOEIIAIA
4083177
4089075
U
173832
91376
176733
4077072
4086190
80930
UEUIUAIII
4090102
4097682
4105439
4109610
AUEI
4084454
152696
4091967
93555
104970
AUEI
105097
4093520
IAEOI
4088159
4088411
4097218
96827
111127
96827
4104431
4108685
116404
83095
117535
4111926
4116042
IAEOI
156698
125727
4118958
4119893
125727
142522
4125247
4129009
72748
4129364
AIUAIOAAO
4122079
4128556
OIIEIAEIU
4124415
103081
107686
148043
4124952
109630
116042
142623
4126880
4131676
4140696
156698
148043
4146095
95750
124077
4147725
4157722
129274
OOIO
132490
4152950
4160156
138870
79761
152696
106270
IAOOAUUO
4148176
4158132
94232
4162827
129673
4165325
IAOOAUUO
4163262
IAEU
4154610
4164205
4167995
4175738
113610
AUEOAOI
AUEOAOI
4168051
126339
4170883
110970
4179274
4180471
134226
4182123
121647
4184303
4185541
4193967
4198653
116843
4204097
4210038
4215700
4216541
4220865
4230280
4230506
4237283
4246732
4252318
EUI
4239192
OUOEUOEE
4215814
AOE
138891
146795
4198740
4202194
4206158
4214409
93440
EIEIIIAO
146582
4208380
4216437
UAIUEIOO
4196812
4196840
4202460
4207397
AU
4195583
AIE
4186639
IIAEEIOE
4168724
4176095
EIIOOI
142623
4158785
4159936
4161606
119700
150682
4170584
AA
4170754
4177244
102659
OAAU
4180852
4186282
111178
4187835
113277
173832
4191179
IUIAIUAI
4176456
148331
4181517
84329
96794
AOAIOUEUOU
EOOIIU
4150987
OUOEUOEE
109181
91285
4142455
4149646
4152911
4153066
4158479
168654
4159303
IAUIUAI
4153551
4153787
4154660
4160472
91285
101891
4166145
125935
4167287
125094
120756
113160
106253
4176769
4183275
4191454
4191947
4195874
AEIAIUE
111178
135680
83193
4186693
4190142
47598
4195504
AEIAIUE
4201209
4210173
128787
IIOIOA
143509
126451
4193805
55201
EOOIIU
91280
4176123
4183833
4191100
4192586
4202170
4211923
4221672
4222681
128609
4224980
4230517
154963
I
4206177
102786
OUU
IOOOAO
118009
119868
4194517
4196231
4196798
4199424
EOOIIU
4194884
4196856
107178
4201090
4208790
4213320
4217396
155948
4224785
113160
EOOEOO
4209595
108868
158908
4215585
123387
146894
OOEOUEEOOU
4188621
AAAEAA
113610
IAUIUAI
4149935
IAUIUAI
76835
IAUIUAI
4146399
4154405
84868
126080
4162683
4170035
42315
4179873
4183999
4191562
AAOUEAU
136308
4180076
89825
4189369
4190761
4198847
4202302
4208402
4210509
173065
4219206
93193
4225112
83193
154035
96544
OUOEUOEE
103374
127631
4225022
4226635
106834
4233157
4239906
4240448
4240511
4244245
IIOAEIUO
4230006
4233856
107744
4239758
4248474
4252923
4257831
146795
UAOEAAOEIA
4238462
4245409
4252040
AAOUEAU
4250156
UIOUEI
4245103
96254
4252237
104732
4260802
142623
AIUAIOAAO
AIUAIOAAO
4257934
4262726
103081
142240
128063
4265444
91285
4267968
85487
4268904
88191
AEAUEU
136308
98954
127279
93757
4253729
4259696
4263328
4270924
EUEIOEE
147850
135680
4265386
4266316
160087
4275734
EEOEU
4248592
89688
4258405
147137
IAOII
IAOII
OIOUUUIAAU
4244959
128180
93555
4248254
120472
4251909
AUAIIUUI
4238084
162116
IAUIUAI
4227067
4234581
88486
4241383
4245079
108914
4246967
4249878
OIIEIAEIU
IA
68936
4211446
4213307
96254
144198
4219920
4222615
4230878
4235041
135995
OO
121827
OO
4219440
UOEI
OOOE
4197541
OOOAUIAIEU
4178907
102898
4183680
113098
4187610
4194379
4194514
4195336
4199713
AAUIIEII
142650
141613
4184283
4189168
4192787
4196510
4203592
4212739
4217211
4218953
68936
129498
4224722
IOAUUEAEOE
4199470
4207829
135151
4211002
104082
108448
150104
4211639
140846
4217164
4226791
AIO
4212561
102818
92878
127322
4217197
4223550
4225652
IU
103870
4215921
106493
4220365
4224208
104405
OUOEUOEE
4224588
4233415
165326
4238441
OUOEUOEE
4243001
129795
126148
AAA
94308
4222897
AAA
EAA
97920
47598
4207876
4211322
EIAOUEOEOA
EIIOAOO
EAOIE
4138751
4146399
167589
EO
109389
4136615
4139894
142240
4149099
128163
132423
4154410
4163951
4164033
96254
4172943
139121
4173306
129795
117535
4180171
EIIIEIOAUU
4178132
OIOI
117535
4163533
UAEUOEIO
4158438
EEIOEAIOU
4143678
4145494
4147979
125353
110315
4153640
77656
4157457
4163915
4167769
116555
113284
4170825
4173409
4175535
4176784
4184133
IUUAUOA
93193
4187608
135151
116338
4193430
IUUAUOA
4201119
130631
4208888
EEA
4191841
143050
OEA
124623
4189451
89696
116657
4191324
4195189
OEII
4170429
OEII
4169525
4172989
4179122
4182186
4188571
4190395
181951
4193396
145788
176310
4193961
AUEI
102818
4197937
4201137
4204850
UIOUEI
129549
4191725
4200695
4204112
4211723
IOIUUUOE
4198396
89448
4201874
4203737
128723
118965
4207966
4210077
102796
4217497
OEOIOO
OEOIOO
OEOIOO
4207757
4209227
4217135
91285
135008
4225428
99003
IOAUUEAEOE
4201553
4208412
4210757
IOAUUEAEOE
4210367
132490
4218906
72089
158567
4221511
117069
103374
120467
109630
4227700
4235329
107328
138975
4241983
4242632
4248038
109630
132398
155977
104306
4249667
93555
4257564
102688
120467
4263650
4264613
117417
OUU
A
94407
4211526
A
4212467
107706
4222333
173832
4232316
47598
96504
UA
UA
EIIOOI
4188988
UOEI
121827
UOEI
4174495
120011
108914
136592
142240
AAEEIAOOEI
119588
IIOIIOIU
4128474
4134236
4137477
107114
88486
4138403
UA
98292
4115489
4116693
119913
126482
4123488
89825
95999
4127925
149075
4137798
4144167
4144223
124748
OOEOUEEOOU
4126088
4134873
4142650
4149879
4150700
AUAEIOA
4138187
4139961
93555
138052
96827
195790
156346
55201
4139996
4144117
4151690
128163
115578
4157496
4160287
4162974
4169108
85379
4176579
4181350
78799
164642
4186710
4193454
4195092
118009
180900
85267
4204901
4205621
4215386
108349
167589
4221287
4221547
4229883
113098
EOOEOO
96198
4211695
104405
4215879
4221346
157801
136308
4223072
104306
4228550
AU
AEAUAAUI
4208011
4213953
4220522
4222370
84868
4229187
4232497
4232591
4232601
99013
104405
120329
4233382
4236873
93555
AIAAUAOOE
102796
4233248
4234945
109389
111222
IOEEAE
135340
89696
4224141
168916
4231616
IOEEAE
92878
4238273
AEUIIAE
168916
UE
4206920
4213407
4214277
129814
128723
132388
155081
127322
4218959
4219049
78799
107744
4219262
4222708
134316
131460
4232391
4240534
4241591
4247323
4254616
98183
153065
OEAAAEE
4244871
102688
4245444
106834
4247605
4257450
4258239
107744
IEU
4238773
4246881
133059
4251537
4260802
UI
4250935
4253841
4253953
4261609
4262957
4267838
142451
UEOUOEUAU
4240299
84868
119566
4243404
119229
IUOI
4227958
111222
EUIUUEUOE
142240
4232342
109709
4234601
143050
4241843
4245274
4245922
110674
124623
4248552
IUIAIUAI
4221452
97920
135151
4225740
4229517
IUEIIEE
4212884
4218378
4221960
99013
4229806
4235881
4241856
4245995
EE
4232529
106834
117417
4238663
