2128
2321
0
11595
EAEIAE
0
3490
0
6666
0
0
0
0
13656
22783
7300
EE
5654
0
EE
6654
16442
25469
OE
10274
11586
0
OE
11107
14064
17863
20562
26616
0
27887
36133
39906
43905
52085
60706
64072
65796
65827
0
69607
77717
79481
87729
0
90426
99242
103733
104440
112136
0
119629
120785
UAAO
0
0
124368
0
0
9127
133171
137515
142821
0
147778
453
156878
0
0
0
163429
166092
0
173198
176251
4692
184083
189044
0
196315
0
201828
210299
220002
224918
14864
0
0
225540
235399
238206
0
239538
0
239681
244813
AEEIEI
0
0
230041
233196
IIE
0
215122
218730
221988
IIE
220566
8626
227202
228961
236777
237041
0
IIE
AAOIIUIUOE
AIAOIEUOU
AEEIEI
168307
7007
176427
0
183261
193178
7553
17430
UOIOUUI
165727
168610
11182
173388
177727
185035
UAAO
O
160337
167543
0
EEUOO
14864
10398
149118
14864
157524
159274
2697
UEOIIOE
158062
1835
5306
167558
176732
10398
176740
181212
AIAOIEUOU
158587
17916
10398
4916
166430
167882
172210
176702
184468
0
186640
189756
2697
195300
203991
209439
1475
219439
227526
236743
17916
242612
244617
A
4916
224283
1475
A
11987
227698
229880
230537
237739
240345
244163
22387
3344
AEEIEI
16143
221300
226898
28439
233605
236763
242163
246239
EEUOO
UEOIIOE
222460
5361
224938
232036
15931
236070
20482
246028
1724
254492
1475
20482
36253
260569
268712
275009
280852
15931
281374
EUEAIIAIUO
3155
260117
263535
270741
5577
275357
EUEAIIAIUO
274690
277712
287650
288300
295511
295534
301669
304880
UAAO
292212
10041
1475
297796
9492
9422
5577
OIOEA
276593
278049
285019
294746
34148
299197
302526
18666
310627
317420
323067
38671
AO
321586
331478
340016
32955
28439
AO
OAUUU
325136
325957
328099
334410
OAUUU
335079
340812
345049
345221
30211
353012
359847
364164
18666
38671
364817
5577
7799
366678
373445
38671
15873
18150
OAUUU
1475
352685
356268
23228
15537
364604
11987
369889
OAUUU
375492
AIAOIEUOU
AO
UAAO
346981
38671
354950
27383
3155
356470
357264
EEUOO
41609
351156
358028
20671
38824
358392
359857
EEUOO
10706
26953
3155
20671
366504
373328
378950
386060
1724
IIUU
363791
365824
12601
367308
34805
3155
367938
OAUUU
23766
44829
EE
10706
351533
23766
26953
EE
354785
12601
364291
AIAOIEUOU
356011
361879
362446
37283
366236
367285
26953
I
363781
369402
376545
383340
385183
AAOIIUIUOE
EOIOEUUOIO
352130
EOIOEUUOIO
37283
328157
9422
42874
EOIOEUUOIO
16218
37283
20337
326414
AAOIIUIUOE
326614
3155
333381
7772
338144
9422
33921
345070
46447
UOEIUOAU
328950
333188
52936
336537
33921
344438
20671
349229
356544
28673
OUUOEOA
348192
16647
355931
OUUOEOA
23429
351223
354763
357804
358576
52936
AIAOIEUOU
27019
20671
360564
367733
370708
54203
371847
372442
AIAOIEUOU
357709
A
336674
346228
348591
U
OUE
321714
329585
334629
39063
336638
A
UOEIUOAU
13864
27438
36363
52354
54375
312195
37309
22516
39063
316963
37309
37309
33921
45837
OUUOEOA
310167
52354
54375
OUUOEOA
16647
37309
311319
312080
31155
18148
313313
315726
321942
325750
27667
52354
331334
IIE
UOIOUUI
UEOIIOE
286897
UOIOUUI
45837
275612
24224
285376
290593
292052
39875
301227
304033
22516
310224
315260
316775
22356
EE
45837
13864
303389
308014
39875
45837
37605
64395
IIE
308366
OE
289041
290079
293188
301715
305830
309482
314937
IIUU
37162
EUEAIIAIUO
279255
287885
294897
302788
309959
49206
318297
A
UEOIIOE
U
45496
A
40497
EE
266294
OUE
37605
O
244340
58580
244606
249506
73685
258153
O
261863
EOIOEUUOIO
263588
270796
279715
282113
288856
73685
58165
289121
40497
AEEIEI
30775
26646
263477
54783
72596
264624
265899
25192
30775
43161
35118
270599
279077
EEUOO
250414
26425
53044
UAAO
224625
25277
233713
26646
243706
59488
35118
245441
76859
251663
254345
255287
255332
262520
AEEIEI
249296
61325
OAUUU
43161
255091
60174
260901
266554
270983
13864
25277
277754
278315
279612
OAUUU
279574
283976
291714
296119
298022
55422
303463
47559
13864
62611
61325
312594
UOIOUUI
AAOIIUIUOE
76859
76859
26646
UEOIIOE
264213
271616
72596
47559
13864
279879
281554
282169
67017
70218
OUE
OUE
35163
259363
261999
OE
262256
47559
EUEAIIAIUO
53533
UOEIUOAU
41549
238300
34923
245366
70218
247590
47559
55422
44915
AEEIEI
76859
236266
IIE
234163
236325
AIAOIEUOU
237875
244209
EEUOO
223649
232012
238761
58827
240139
44915
248336
86747
77344
35163
257896
35163
259529
36248
264381
AIAOIEUOU
62011
IIE
40271
73221
214801
OAUUU
194843
77801
84242
203022
AAOIIUIUOE
193399
197280
205875
206040
209919
211410
35163
221371
231012
234900
43231
73221
236679
244735
44915
246935
64346
60122
73221
AAOIIUIUOE
246455
51257
255212
35163
260764
267455
84242
35163
271893
279233
284586
69134
O
284697
84242
286602
OAUUU
284885
73221
287599
OE
77801
74142
UOIOUUI
58827
95835
249555
255297
OE
95835
241827
248344
254092
44915
AIAOIEUOU
60122
74512
245025
51892
77801
248009
UOEIUOAU
252422
95835
77801
254780
86454
260965
78228
77801
269491
95835
274232
276228
60122
280124
282215
42351
EEUOO
277665
AEEIEI
255510
257811
21830
265775
21830
76025
265983
66021
275832
87064
AEEIEI
283183
44915
36248
99437
284960
EE
36248
286445
87064
35163
292665
IIE
275512
94403
282580
284528
290752
81584
35163
300292
49721
44915
305181
306268
315119
315305
35163
59930
324367
331898
333256
EUEAIIAIUO
35163
EAEIAE
295527
112801
O
287040
35163
66021
112801
105179
287230
290103
298155
69275
59930
299250
302189
309063
310626
316782
I
78228
112801
108092
62011
303252
52823
307880
66021
310287
311509
IIUU
UEOIIOE
69275
276624
282068
289558
294993
301518
302825
312489
318889
56412
324425
324536
UIUOAA
42317
301126
35163
AO
297044
301067
UAAO
61853
59930
309641
UIUOAA
AIAOIEUOU
284156
294027
301372
UEOIIOE
286210
293108
61853
113840
69275
103030
55181
298274
81584
304827
106670
AIAOIEUOU
33294
56412
302049
42511
UOIOUUI
299720
55181
113840
AAOIIUIUOE
AIAOIEUOU
93586
69275
76272
265754
69275
271919
61853
93586
EE
80515
EOIOEUUOIO
240159
247431
U
242256
IIE
EEUOO
220133
64211
221300
226735
228470
234855
92720
33294
UIUOAA
232079
89730
233270
233749
124782
65774
IIE
240554
242227
248050
256467
91326
263045
267748
I
257592
I
253579
262818
76272
93586
OE
115220
254318
132483
255337
255633
EEUOO
46237
235550
94999
241710
UEOIIOE
89730
242643
244996
254888
EOIOEUUOIO
250797
259276
261482
85179
115220
266553
OUUOEOA
65774
89730
93586
EOIOEUUOIO
80322
60955
243072
244245
AIAOIEUOU
101926
OAUUU
70056
219930
221911
65774
227764
232088
237648
241023
242686
244002
244284
251841
92082
254336
59244
254755
65224
90706
46237
258029
264497
83683
70056
EOIOEUUOIO
61853
254048
120756
263275
120756
80322
IIA
250771
UAAO
138259
49094
67308
239615
79791
243031
246810
82471
249324
258904
267733
270321
273717
92082
274832
65774
275487
AIAOIEUOU
269388
IIA
101225
99618
244436
247357
255669
O
76272
245317
84158
247985
83683
122923
A
231682
232488
AO
221732
AO
138259
77027
82044
84158
228868
80699
80699
101225
232811
95927
116866
239847
248016
255443
61847
262355
264507
122923
273891
275821
70285
280094
285953
62369
287689
92263
296461
301426
U
I
252418
93586
EUEAIIAIUO
IIE
82471
230511
240114
50294
72413
90879
247438
249589
121075
251923
90879
252746
82471
260417
OIOEA
238657
247770
248012
254292
142964
259962
89938
261695
264992
63526
122923
76272
UOEIUOAU
238299
107693
AIAOIEUOU
EAEIAE
215548
223301
224868
227088
231711
236749
96732
IIA
IIE
75266
OUE
90418
57851
191570
193216
197941
202359
85499
72252
208800
UIUOAA
IIE
OUUOEOA
126583
149890
153998
158551
151374
163720
97910
173459
178529
179788
189400
189983
104993
197849
205563
79794
212983
222165
226244
107693
97387
232457
236026
237699
104993
97387
93422
97910
245550
250398
254581
260394
125473
269083
271922
EUEAIIAIUO
151374
248184
255152
75266
104009
81111
AO
63271
246445
111295
247059
90408
247752
255365
79794
102586
260644
261706
267643
271696
UAAO
250536
258100
172726
263424
110713
266014
268613
272948
278877
111295
121075
90408
57851
OE
264575
UEOIIOE
254927
258558
266994
268358
80919
278000
71501
280504
281114
OAUUU
273566
OAUUU
99703
126583
262628
99703
OUUOEOA
OAUUU
251834
252047
IIE
97910
67689
248348
256115
263355
265062
272396
272406
95927
90408
278883
OUE
260663
90408
264763
274108
UIUOAA
99703
97387
252140
121711
262096
177279
268507
277822
286236
294144
303253
312085
316465
326154
UIUOAA
327313
UIUOAA
323684
103899
EEUOO
124199
75266
299181
136477
300361
97910
84186
78784
101088
97387
96053
82471
97910
304068
97387
UOIOUUI
95927
291526
AEEIEI
265412
275305
279287
131829
288495
297634
IIA
282627
291717
78784
301416
83164
97387
309140
316858
326789
97910
137538
UOIOUUI
83164
95927
304903
83164
310085
315985
324393
331583
341250
342656
109230
347018
351365
195392
124199
131829
361188
UIUOAA
343011
345075
351507
358170
359118
100313
368600
377609
UEOIIOE
146915
372371
373387
65256
376801
381590
97387
UOIOUUI
371976
146915
376332
146915
385596
394729
396298
97387
109230
405205
95927
109230
129575
415012
122907
424607
431812
EOIOEUUOIO
87577
414312
422485
77301
429251
438129
120298
440367
EEUOO
445388
453676
140930
103799
455243
455848
460406
466705
101088
EEUOO
195392
IIUU
AIAOIEUOU
101088
94314
450044
451204
129575
94314
100526
461074
469217
470058
121711
471761
109230
95927
109230
478416
486300
142637
495082
129575
505022
505836
101088
507406
AO
487574
106572
OUE
480311
125715
484187
488550
497005
UOIOUUI
109841
469548
473436
477628
483645
492184
AIAOIEUOU
131056
AO
OE
83164
195392
450172
116166
97387
EUEAIIAIUO
440932
443677
450280
A
448444
139468
159122
455928
94877
77301
EUEAIIAIUO
455970
456935
459303
468799
110196
EUEAIIAIUO
U
438675
A
147742
83164
147742
426035
115793
102222
EOIOEUUOIO
102222
110196
96543
120298
A
126363
414161
115793
415946
A
417172
420203
147876
146915
128946
420329
175549
421437
428163
116166
83164
EOIOEUUOIO
107318
OIOEA
117098
380163
384315
115370
150361
385466
OUE
102222
109841
375413
UAAO
157455
77301
371469
U
108417
109841
345324
352024
355029
140161
355730
364725
OIOEA
353254
356655
AAOIIUIUOE
336939
346568
346798
IIE
120955
83172
135128
329480
329861
330792
167262
126363
185144
338559
344018
346165
351802
353320
359513
EE
IIE
321252
327129
135128
115179
334575
147742
126968
109841
119336
140161
167262
115179
335883
OUUOEOA
AAOIIUIUOE
114751
305942
308557
EEUOO
147876
123983
IIE
111934
278923
147742
92050
IIE
92050
186847
277465
147742
281173
287602
116451
292279
293479
300985
142090
132392
150361
305423
309844
UIUOAA
310329
147876
127809
317449
112375
175146
324169
334133
337761
339524
UIUOAA
98512
83600
116626
343550
349192
351216
353274
355938
143957
363758
132392
371871
373160
175146
111934
115179
98512
382150
386292
EEUOO
115179
158872
367600
371455
93620
UAAO
346695
352669
358512
147742
155203
364661
AIAOIEUOU
93620
352723
358797
138660
OUUOEOA
OUUOEOA
117258
343786
143957
122609
OAUUU
AO
314384
318496
UIUOAA
307931
316562
U
129657
IIUU
292057
AIAOIEUOU
273134
98512
183214
280037
283903
172744
287489
295406
304814
117258
172744
203081
AAOIIUIUOE
301057
172744
120743
UOEIUOAU
172188
282880
282915
291246
293965
AEEIEI
291648
296379
122666
303146
155172
108141
307604
120627
316955
326015
327611
130016
156970
155393
332972
342419
120627
349828
353026
362928
364565
156970
117258
372583
96721
380631
108141
139591
156970
I
366483
371804
379875
381034
383749
203518
389638
393404
403207
408756
415778
422801
203518
423153
425772
428297
434258
434263
IIE
412824
421512
424460
160865
427812
EOIOEUUOIO
403634
409528
414491
422794
137373
424173
145784
AEEIEI
402809
408024
EAEIAE
407953
417794
131078
178335
418698
423592
172188
431562
436467
441679
446613
120743
185312
I
437970
442772
183452
120627
183452
152904
OUE
421057
111167
A
416910
425775
429801
432589
IIA
137373
OUE
409326
155172
152904
109904
164209
412780
414975
147585
239320
OUUOEOA
147585
I
408832
139575
410652
415434
415539
422681
109904
425166
427267
136572
433552
436261
445672
EEUOO
430906
239320
184409
440573
AEEIEI
423922
428977
171556
437000
172188
139003
106445
126778
239320
442016
446912
449409
147585
117316
456338
456922
463797
109904
468707
152904
478526
479742
486392
486446
140866
OUUOEOA
478224
479239
482303
118897
IIA
120902
483071
489207
134595
490313
491124
109904
495247
500391
210238
509802
126778
EAEIAE
144671
O
481430
UEOIIOE
477743
485641
493708
183452
501085
509904
130459
152904
OAUUU
159689
486058
495003
501631
153441
152904
IIUU
129268
IIUU
487521
EUEAIIAIUO
487334
111500
493771
153441
500659
159689
106445
504851
EUEAIIAIUO
510093
519531
194550
525602
AIAOIEUOU
523664
527706
534112
534173
150021
544110
129268
133545
551877
559606
IIUU
557432
562992
572322
578496
106445
586702
590774
133545
150021
171556
EEUOO
576954
582260
591731
596208
605211
EEUOO
609996
614066
618115
619243
190861
626760
139028
628397
114463
632157
155755
634802
114698
129733
637151
641670
186470
651367
660736
149223
155172
129733
663908
146017
114698
239320
673482
114463
682528
OE
673776
683401
686597
687784
692087
692277
140866
149223
695283
114698
UAAO
693338
114698
693628
123983
699887
706890
713594
114463
719656
143943
720076
722131
I
698785
708402
155755
709526
AO
689959
220140
698524
AIAOIEUOU
182383
673583
135300
678526
A
148648
143943
657521
659063
665345
667627
AEEIEI
642789
645569
653184
158938
172829
124887
662834
665413
AO
643737
154157
648606
OAUUU
635051
148648
139028
636499
190866
167795
EUEAIIAIUO
229997
636795
637661
644264
130717
645122
650853
130717
653309
661849
662236
A
655958
661751
669725
675323
675647
114698
A
204353
229997
172829
198308
676428
679481
681720
167795
143943
UOIOUUI
188562
671221
676017
685261
163513
188562
IIA
161068
680459
682307
682858
692142
UOIOUUI
675409
680407
686160
188562
AAOIIUIUOE
687372
692125
OIOEA
EE
IIUU
621996
624983
191626
630812
639991
648202
650733
AIAOIEUOU
149901
629217
182383
199871
632312
180581
238896
149901
UOIOUUI
OAUUU
577136
OIOEA
151830
560984
166304
191626
142344
142344
164582
562765
149901
568123
191626
148725
574348
582347
589676
598356
604656
614311
622520
627070
239320
O
626110
156724
626994
164582
627298
EAEIAE
617633
188207
124769
625507
629023
167345
149901
636377
166304
641748
156724
650999
182734
654999
OAUUU
239320
OAUUU
631057
640239
648183
OAUUU
OAUUU
634605
239320
638813
127829
180669
OAUUU
OIOEA
213596
628249
634050
634281
636458
129760
645931
UOEIUOAU
632485
642243
642878
652064
AEEIEI
642361
651548
186652
657189
194811
658338
146386
183957
668283
141231
169763
247049
673757
148725
OIOEA
124769
191626
669583
206675
194811
OIOEA
669194
672963
677392
124769
681407
684990
694510
699698
700479
706674
IIUU
189554
710760
175068
714612
717104
724598
726497
150702
731848
174545
213596
I
722414
148725
247571
IIA
172590
708609
247049
UOEIUOAU
685558
AO
148725
150905
184739
173103
664342
AO
EUEAIIAIUO
OE
255070
170231
173103
640340
166296
643926
653246
659219
170231
204180
AEEIEI
169481
148725
641682
208680
AO
AO
A
206702
584025
A
197260
AAOIIUIUOE
UAAO
192023
532445
534164
534878
AEEIEI
172157
199920
532182
AIAOIEUOU
138053
220982
521064
529085
537785
217211
538054
539827
542865
546587
201282
552875
560613
563379
572615
138053
201282
197311
576616
171349
585093
594899
OUE
588967
UEOIIOE
198476
564649
190851
220982
570471
572718
573627
EAEIAE
148725
552650
202484
552716
558514
563806
566216
UEOIIOE
562005
564991
573492
182734
578067
UAAO
562075
175600
227760
570614
220982
EEUOO
234210
EEUOO
I
526068
534651
540935
546095
151712
153954
172157
202917
546298
I
550675
183671
IIUU
206702
AAOIIUIUOE
522112
OIOEA
503228
507978
511039
518203
522663
532079
UIUOAA
188221
525639
O
510402
520211
200324
523171
530974
167205
184124
540725
543223
544495
177212
547483
549775
167205
552829
AIAOIEUOU
UEOIIOE
506912
509718
O
502665
188221
177212
203447
509828
519641
525413
529662
531563
206702
533794
542754
247144
232614
O
O
174737
OAUUU
OAUUU
AO
220982
IIUU
484694
185874
494167
207337
498215
505131
207337
505791
508670
207337
516788
192410
519922
520266
523621
175600
157967
525793
A
504897
510462
EUEAIIAIUO
155205
249759
507532
513207
515850
522114
UAAO
194022
247144
525060
527692
531800
EEUOO
527243
224266
211709
535594
537372
546059
224266
194022
184495
546701
555160
562495
571591
576102
577173
579237
247144
220982
586528
589867
184495
593631
596872
EAEIAE
239410
593081
597366
607225
OUE
600344
604893
608557
613778
622889
IIUU
607217
180900
276048
612040
247144
AEEIEI
594804
603484
606810
192873
199148
613923
184685
618046
619294
249759
623940
164522
632657
637005
646995
654266
656088
244598
233200
656536
233200
661024
236629
667387
674421
184685
676935
184685
684545
223882
689858
223882
234584
691217
184495
244598
218608
693712
698584
164522
AO
686940
690548
162699
697610
EEUOO
678936
244598
247144
U
676736
682365
217317
688240
695260
184685
700239
223882
709791
OUE
708180
708611
203613
717209
231254
719845
720408
721381
IIA
223882
724260
218608
203613
IIA
IIA
719545
727989
IIA
726744
732647
738045
747026
755986
756269
192098
233200
194592
210880
763921
764654
767513
OAUUU
UEOIIOE
731909
735545
740112
742813
250886
750755
276048
217317
750901
184300
759540
767164
767980
220116
174037
774551
779123
251145
781983
162699
788633
789255
U
774143
U
223882
772151
223882
217317
777201
779361
784116
790886
795263
177232
192972
208240
798094
192972
177232
803270
812482
819840
822827
OIOEA
EEUOO
197390
790917
EEUOO
EAEIAE
787321
192972
239947
197884
197884
790673
EAEIAE
215670
794005
OAUUU
197884
789945
793720
797192
AEEIEI
787742
215670
179433
796272
798245
U
783002
792041
799814
253779
804025
805286
809992
184685
812120
OUE
236414
197884
EEUOO
792411
794909
796830
186248
EOIOEUUOIO
237201
795208
186248
801012
802229
810934
816099
236414
819682
822161
823852
237201
833076
840029
253552
841172
244000
843770
846684
852935
852972
860887
868420
876334
OUE
262551
866671
875755
880550
232730
223963
194592
888121
253779
888939
891314
895827
OUE
898630
908388
216599
912121
214143
915791
923527
253779
202140
202140
927546
936287
942820
UAAO
240161
944970
950693
175729
959205
217317
OIOEA
209190
184685
240161
244000
175729
951532
956367
253779
957943
962709
969935
977789
243211
240161
258752
984356
985270
229867
987542
177232
189236
997213
998329
1008110
1008976
1018530
OIOEA
1024713
1028438
262551
I
1029042
197884
229867
1034769
1037006
1046428
1054461
236414
177232
EAEIAE
229408
1047930
1050302
1056482
229408
1057397
1064061
186892
240161
OIOEA
236414
1050606
1051414
1055983
EOIOEUUOIO
1048251
EUEAIIAIUO
UOEIUOAU
1011897
1013677
175729
1021621
215842
1025144
1033494
1037306
267841
1039352
1045917
AAOIIUIUOE
1033781
1040184
272295
1044856
IIE
1037324
1047102
1051505
252118
209190
274682
1054406
209190
UOEIUOAU
1056423
IIA
1040396
1048255
1053332
1056275
1063181
1068129
202765
268116
217317
EUEAIIAIUO
1054877
EUEAIIAIUO
258752
1054948
234771
229735
1062090
237934
177874
1068976
272295
229735
1078284
244516
1079162
272295
209190
EUEAIIAIUO
1085644
202943
EEUOO
1065818
1070607
IIA
O
235176
238645
OIOEA
247254
1013833
1020037
242309
1023384
1026012
1032916
237934
198955
1040162
1047168
1054925
1062024
1070194
1079343
AIAOIEUOU
EEUOO
1041471
1043093
1043677
1045313
219716
1045747
211746
1055366
1057592
234771
221886
1063094
234771
210140
1071682
1078804
287231
1085921
1094139
287231
272295
1102868
EUEAIIAIUO
211746
1079393
194544
1083525
1091932
1092395
248502
EUEAIIAIUO
208164
U
270567
1075204
1077163
1083245
1090778
181404
1094951
1104718
1110143
237934
1111890
233666
287231
IIUU
1092450
1096566
182159
248502
1104209
223548
1110994
237279
211746
IIUU
EUEAIIAIUO
244579
1091702
1101081
219901
1107672
1110303
AEEIEI
1081472
1081758
260833
1089934
1092038
1092588
EUEAIIAIUO
1095658
237279
286134
237934
1100621
UOEIUOAU
1094740
1096928
1106029
250454
1108311
OUUOEOA
1094458
1096257
262894
1099873
1104034
194544
1110149
AIAOIEUOU
1093560
218676
218676
1102596
289745
238365
O
203429
U
UOEIUOAU
203429
1040795
UOEIUOAU
IIUU
1014508
227803
1022440
182751
EOIOEUUOIO
UIUOAA
UOIOUUI
997837
1001019
244936
211746
1008451
EOIOEUUOIO
992875
998765
1003180
205800
OUUOEOA
284649
OUUOEOA
1005174
OUUOEOA
305097
248525
1002823
268438
1007856
265498
1009618
1016715
1024699
1033404
288404
1037282
1047096
227803
EOIOEUUOIO
1029869
199462
1039766
1039951
EE
1042869
296368
265498
305086
1043286
301781
199462
1052238
1062197
1064324
AAOIIUIUOE
265498
AEEIEI
1042370
AO
1022139
1027311
1036514
1042907
250706
211746
247767
252726
1052160
1052628
1053987
262724
1060790
237711
1063129
1066385
304965
210324
1068870
301781
1070319
1077687
1085693
1092148
1098868
221716
1104825
UOEIUOAU
237711
1090864
1098889
1102016
1106196
UOEIUOAU
250706
263732
1113533
1122599
1128165
199462
UEOIIOE
1116908
1121357
1130971
AIAOIEUOU
236481
1129136
1133873
AAOIIUIUOE
1118352
UOEIUOAU
AIAOIEUOU
265498
1103098
290451
1109599
1118295
210324
207877
290451
263732
AIAOIEUOU
266197
194248
1116959
1124987
EE
1116258
1116641
EAEIAE
273141
1122589
217665
223637
1125860
249960
194248
EUEAIIAIUO
290451
EUEAIIAIUO
1117735
266197
301781
218676
301781
288404
305097
290451
IIUU
1116398
I
1104265
IIE
261621
1085648
I
1075698
1085335
1088211
EE
256485
1064885
320441
1067241
1077045
1084344
1093077
UOIOUUI
1081348
290451
1082874
218676
1088455
UOIOUUI
1089088
1096318
1101153
229205
UEOIIOE
1099662
320441
1105942
UEOIIOE
UEOIIOE
EAEIAE
241313
1095109
273141
263732
320441
1097159
O
1092654
EEUOO
1068659
226216
1073701
261621
199462
1078936
229360
273141
1080920
1081363
1083557
OE
1062917
226216
1072479
IIE
1070446
248525
228457
UIUOAA
298162
1054772
1062137
1070454
1073888
261621
1078024
200508
UOEIUOAU
1057719
1067140
248525
212490
1075675
1078633
248525
1085234
1093618
304156
AO
OUE
296631
218834
1070851
238627
1079790
1088755
1093053
1099101
1099438
218834
1101836
1105590
1110493
263732
238627
1112929
1120149
267348
267348
298162
1126638
231597
322472
1135182
1142877
1143444
311197
1145281
238627
1145500
1145927
229992
EE
245459
1148575
1149382
1153518
1156253
238627
1159239
300424
1163748
261320
322472
OUE
218834
1142253
1148005
282088
1148960
UIUOAA
1129197
O
1113562
1123438
1132634
1134978
1143870
216047
241313
1152241
319122
1160255
275292
1166872
EE
296631
1159962
1161979
AIAOIEUOU
326931
1149682
234345
1151220
273406
245459
1156310
1156358
271098
IIE
311197
1137605
1140212
305598
1150084
331384
301579
241033
1151344
301579
1153051
1161006
1168882
1176138
234345
270571
243089
245459
1185024
331384
1188723
245459
273406
241033
243299
1195986
243089
1205577
273031
245459
1212616
1214703
250571
1215025
228457
IIE
210937
1217033
1217412
1222144
OUUOEOA
241033
1218085
243299
327549
IIUU
273406
243089
1214458
1222535
1223438
1226312
EE
1205840
315339
305598
1214017
EEUOO
1208947
327549
275292
1211874
AEEIEI
275859
I
1175824
335065
AEEIEI
1147975
216047
1155594
305598
258568
242191
338288
242191
1157691
1162758
243538
EE
1166652
225069
1171141
EE
1172871
IIUU
1153002
1157908
275859
296510
265690
1160767
231117
254767
1161432
1163397
338288
1171219
233804
1177104
1180543
301579
1187563
1188558
250571
1193674
1195068
IIUU
1202442
1207533
1215623
IIA
250571
305598
1199052
1207662
EOIOEUUOIO
IIE
1180021
1180899
288935
1182995
329185
1190156
1192572
1195196
225069
1197128
1204547
AAOIIUIUOE
331494
321172
216047
216047
AAOIIUIUOE
1204391
1212964
UOEIUOAU
UOEIUOAU
250571
231117
233804
1205613
260365
300941
249954
UEOIIOE
338288
1195474
1198465
276322
1203100
IIUU
1184532
1194165
1194414
1204106
A
338288
1180637
1188328
243538
1190417
I
1196137
347200
243538
1199857
1209270
1213257
305658
UEOIIOE
338288
1208227
OUUOEOA
1205048
314667
1205678
1209481
AO
276322
309117
AO
1203897
OAUUU
1198945
1199135
1199713
330145
1203825
217846
340884
1206221
1211885
291039
291039
1218932
1225015
1232387
243538
1236383
1236754
217846
EUEAIIAIUO
1221057
1225159
1225228
1228259
1228545
1229241
264775
259672
1231017
1236012
1240498
1250231
UIUOAA
1242962
1251133
1251386
347200
272720
1256122
1261058
1270391
AAOIIUIUOE
1252723
1253894
EUEAIIAIUO
1246443
1250117
1251860
250970
1258181
1265977
1266960
264775
1271635
232561
347455
259672
259672
1280799
305310
UAAO
1261399
282661
1262505
1270694
UAAO
1271237
268778
322003
1280280
1282073
1288897
UAAO
A
IIUU
305310
1256012
1257911
250970
322003
1259438
274409
AIAOIEUOU
274409
231117
1253244
268778
276322
358049
1262789
349211
231117
344088
358049
231117
323646
AEEIEI
1262748
1270706
349211
1273520
1281537
EOIOEUUOIO
1278313
1279423
233304
260089
1279907
344088
305310
1281658
350380
EUEAIIAIUO
358049
247389
1262002
1266153
300998
AEEIEI
EAEIAE
OUE
274409
268778
1206676
1211881
AIAOIEUOU
1201885
1210207
1219843
1224374
239697
300998
1234211
AO
1230320
314338
1235413
1237408
1243744
1246043
1253208
261615
1257468
OUE
300998
1233170
1234171
1235471
OUE
260089
364006
264775
1239633
1244957
1253412
331313
1257838
EEUOO
UEOIIOE
307795
AO
1198699
1203566
355025
353684
1205257
1210869
375976
307795
1212105
264775
1215085
1220907
342553
1224147
1225538
260089
1230843
1233451
1239374
355025
343121
307795
1240616
1240906
1245120
353684
1248930
O
U
300873
1208412
1217984
1226553
1227617
A
1203852
283543
U
1182477
260750
234668
344966
1182765
A
312761
1186129
1196034
1196086
1202104
244915
1209508
1218760
276806
1224530
244915
EUEAIIAIUO
1201981
279000
1206507
1210159
1217129
342996
365532
1226460
1228113
1230467
1232571
250970
365532
365532
307795
307795
1237783
304041
290610
240157
1239232
267636
1245635
1249253
277536
1257440
1258418
1261753
1268873
EOIOEUUOIO
UIUOAA
1229012
245073
1235687
240157
304041
267636
1244259
1246980
269226
374343
244915
AAOIIUIUOE
328113
U
1228447
294682
A
1221764
250970
1224459
1231434
245773
1234760
277536
1240804
UEOIIOE
254336
1217977
AO
O
357118
328113
381276
1183945
1191033
1191741
254336
1194045
1201767
1204511
1209522
1217904
1226856
275497
1227597
1231366
1233524
1240075
AO
304361
UIUOAA
250862
1201726
AIAOIEUOU
1202935
AIAOIEUOU
305878
1204429
275666
AEEIEI
282384
268383
333400
250944
1181381
1187753
1190720
273881
355025
360713
OUUOEOA
1179236
1188763
1194148
308681
OUUOEOA
1201242
333400
1206390
A
1199228
360910
1205915
1214259
1216993
1223991
1227436
360910
1227655
1231382
1232342
1237001
1245914
1250703
1260093
OAUUU
1248739
EAEIAE
402460
282773
1220705
EOIOEUUOIO
U
355025
OUE
1177579
1185172
1191236
1197410
1200571
OUUOEOA
350327
1182077
1185803
254336
1188467
1197618
1203604
1207469
1211738
AEEIEI
1206222
1214531
1221327
IIUU
275497
364381
IIUU
OAUUU
OAUUU
254336
285849
UOEIUOAU
1188143
1191210
1192876
1201340
1210111
1211614
324147
358724
1219428
OUE
365869
362251
AIAOIEUOU
1211871
1217969
1224763
311635
237618
275497
1225945
338368
285849
A
1218480
395572
1223742
1224736
266869
285849
AO
395572
1204933
1210353
285849
395572
324147
1212242
AO
306884
IIA
IIA
395572
237618
1196888
A
284892
306884
1181683
1187952
A
285849
1189757
1196978
1199676
1209549
419110
326112
1218947
1226804
281653
1229354
237618
1236263
1246130
1251473
237618
1255636
1263442
1269157
1273127
1282147
1290633
1294627
306884
1295290
EAEIAE
376537
1273192
1273239
341557
1283020
419110
281653
341557
1292944
1297374
341557
1302223
A
1309603
1317325
364381
1321658
327107
1324881
U
288717
1303137
A
I
1271060
1271648
1278030
295382
1281961
283594
AIAOIEUOU
308278
1275354
EUEAIIAIUO
1270774
EOIOEUUOIO
1247655
OAUUU
365869
329523
1225974
1228567
U
384024
1214520
250970
324544
1216694
237618
324544
1220579
1224888
1234539
UIUOAA
378172
386387
1213831
UEOIIOE
1209012
AAOIIUIUOE
AAOIIUIUOE
UIUOAA
1166174
329721
328752
UOEIUOAU
EUEAIIAIUO
1130627
1133852
1138954
293712
I
1119913
1121627
1128452
O
1104980
426353
253884
1105190
1113316
1114580
390604
1114959
378172
UEOIIOE
433412
1120739
1124084
1131495
UIUOAA
1111565
1118307
1125814
334861
1127372
AIAOIEUOU
334861
333835
253884
369539
1102266
I
333835
285041
287215
OUUOEOA
1099491
440236
1109049
IIUU
333835
IIUU
1101871
359427
1110447
EE
1103274
391920
1104947
1110508
1113127
IIE
1095698
242826
1102553
1106581
1116451
380986
1118207
I
1120770
1129333
359427
1138732
IIUU
1115413
1123620
1129693
286792
1137007
1142262
253884
1147668
1156343
1166135
359427
1170816
301641
IIUU
UOIOUUI
303257
301014
1154046
296851
285438
1163925
1164904
UEOIIOE
1148495
1152606
1162524
368302
1164134
351661
1165126
398365
427336
333835
AEEIEI
1160743
1165298
1172090
IIE
1153504
1156028
333635
1158724
1167996
1173643
440236
1183557
AO
285438
1183784
1191177
305085
1197903
1197985
1206605
AO
EE
1211579
1215439
368302
1221913
1229938
1233792
AEEIEI
1233319
IIUU
296851
I
1213916
1217446
1225490
1228360
1228533
1229236
269026
298855
296851
1236217
AIAOIEUOU
1222298
380978
1222559
298855
EE
344433
398365
380978
1208264
1213921
1223526
327668
EAEIAE
UEOIIOE
1202315
1210938
1218536
UEOIIOE
AEEIEI
1216913
301014
334871
391920
1219823
OIOEA
1209285
384335
333835
IIE
1183051
AAOIIUIUOE
332078
EUEAIIAIUO
1145342
1149475
1158828
353791
EOIOEUUOIO
451546
296851
EOIOEUUOIO
1148806
387059
1154284
1158046
1163035
1167284
1168944
1174323
1180879
1183696
1189282
1196339
1202827
1203419
1209322
371872
1212262
398365
394675
296851
1213439
301641
1218555
1220487
1227720
301641
1232940
309399
318521
250605
1235915
IIA
1236079
1243671
353791
1248531
371872
1256032
1257469
1263115
OUUOEOA
1252328
1256487
447664
447664
394675
1262319
1266923
1272625
296851
447664
447664
OUUOEOA
1248620
447664
1252352
371872
1261862
1262655
EE
394675
1258497
354685
1261327
371872
333835
1270308
292842
1271668
1277820
292842
1282583
1285175
EE
1279670
333056
323610
1280259
1283777
1291391
371872
1293167
348078
296851
1297479
1306684
1312546
333056
398365
1313406
1314746
387987
IIA
OIOEA
420190
1271687
AIAOIEUOU
1264443
1267398
333835
1272930
1281428
311703
AAOIIUIUOE
1270310
253572
1279635
1282670
1290867
1293780
1295439
1297934
AAOIIUIUOE
1294113
1301061
297230
I
387987
403057
333835
I
1271511
1278611
1283949
1290736
359176
253572
1299863
333329
EOIOEUUOIO
1295216
1299119
338204
UOIOUUI
UOIOUUI
318075
1301272
1311150
1321030
354765
272122
1330367
1337394
333329
342999
1340232
1342922
1351388
1357565
1357668
1358883
329660
UOIOUUI
342999
329660
1359020
395670
1361979
371872
A
1345860
354685
A
329660
1335450
342999
1337734
A
411401
1342281
395670
1343633
1344220
1348863
411401
1355981
1359531
1364124
329660
334795
317400
1372106
1381074
1390848
357068
EAEIAE
404916
1383512
371872
329660
253572
1393354
1394775
1399641
AIAOIEUOU
1400838
329660
321520
319813
1407018
1412194
308468
354765
1420664
1430451
1433719
412714
404916
1440826
371872
1445877
1454319
1459038
404916
1459155
321520
1464885
387987
1465284
1471865
345668
OAUUU
1469540
1479320
412714
400284
OAUUU
1479079
1487133
1494932
1499810
1504026
1504029
1513982
1516061
A
1507116
EEUOO
1489908
1492560
354765
1493057
1494172
1501696
325987
1506666
1512432
1513634
1516452
1521235
308468
404916
387987
1526873
402557
325987
372123
285689
1532419
1536807
1541749
UAAO
1520812
1524332
285689
425058
253572
1532780
1538013
1546921
1554839
1563022
1568721
387987
400284
1572283
451546
1575490
1575925
1576150
387987
431792
359176
1580038
1587774
431792
357068
354765
1593879
1598442
IIE
1572759
421836
1577757
1580597
349937
OE
359176
1560802
1563361
458463
EUEAIIAIUO
1557018
AAOIIUIUOE
429650
429650
1545020
1551904
433861
341591
311744
1555158
1555179
456808
349937
354765
1564358
324003
327876
1571295
351308
341591
343796
1571571
IIUU
1549657
335390
399825
1555719
335390
1561345
1569722
1574872
403551
1582358
IIUU
381023
A
1571058
1571773
456808
343796
410157
381023
429650
1575779
456808
A
287355
1579120
287355
O
349937
1565572
IIE
IIE
456808
1541288
1545325
EOIOEUUOIO
441522
I
1522845
OUE
1518171
381023
1521357
1530471
1537230
1538395
1538973
OE
456808
313720
1518540
346129
1520940
1525894
1526027
357976
307154
1527918
263028
1537010
357976
1538144
1539546
456808
291785
1540771
451367
1542878
411408
463883
1545988
346129
413433
1546258
307154
370669
1551976
1559773
OE
429650
1560626
OE
463883
1566114
359015
291785
307154
1568302
1573997
1578636
1583043
UIUOAA
1575337
OUUOEOA
A
1555615
1564410
1568381
271381
1569013
1569078
1572894
UIUOAA
370669
463883
1557011
EUEAIIAIUO
1558931
1560412
354858
1564820
1569879
1576442
359015
1582365
1582736
413433
1583177
AO
1558577
1560551
1568763
U
467669
474593
1543462
1552333
366719
A
1543092
1547844
1551094
370669
366719
1551573
293935
1561240
1565904
1566757
EE
EE
1549364
1555417
438460
1558617
1561321
467669
293935
438460
361769
354858
359176
1564983
279427
343796
IIE
EOIOEUUOIO
354858
OE
370669
U
1506063
1511616
1513199
370669
343796
452093
1521226
1526394
388745
1531288
1540537
303493
1549708
429454
UEOIIOE
355412
439842
1532020
462692
1537473
343796
OUUOEOA
1512898
363442
AO
1508631
1514532
462692
337333
482800
OUUOEOA
1491568
359015
1492255
303493
1500661
OUE
414753
482800
482800
429454
362097
1493146
1495445
1502412
1507941
1510079
414753
1512791
1517044
1526868
1532334
452666
390501
1535953
OUUOEOA
414753
1522503
A
1529617
1537835
1545305
1546018
1550457
1553226
1561194
1563881
1572578
1581807
429454
1589289
1599064
1606683
1613325
361836
1618016
1618893
1622800
EAEIAE
1627066
1633388
IIUU
1625825
369404
415136
359015
343796
414753
1629715
EOIOEUUOIO
1611771
U
1593026
1593927
383408
1598510
369404
UOEIUOAU
1586243
AO
AO
371547
361278
350522
355887
1567621
350522
374213
EAEIAE
350522
369404
EEUOO
1525809
1525884
387268
1533163
IIE
456774
O
UOIOUUI
1475711
456774
AIAOIEUOU
I
1470771
408908
I
1471317
1473523
1475000
350522
1482248
1482478
366242
387268
445117
1487922
1489680
387268
350522
EAEIAE
456774
1484892
1490577
369527
1500569
366242
1505006
291780
OAUUU
1488459
312116
UOEIUOAU
1487226
1492218
361043
1500668
1508863
1511411
366242
1513052
1515587
385964
UOEIUOAU
1516339
1522872
1528389
514699
AEEIEI
421913
320262
369404
IIA
IIA
1488269
365951
1492323
UOEIUOAU
377215
1471277
EE
EEUOO
1448469
EEUOO
EUEAIIAIUO
EUEAIIAIUO
1425630
424031
1435398
1441983
495900
1445072
1454183
1460231
1462195
429955
EUEAIIAIUO
AEEIEI
318227
377215
473232
428190
1442917
473232
1450089
1458677
1465746
421269
1473765
1474450
377707
1481838
1485710
376904
429955
389200
373130
472457
1491484
EAEIAE
EUEAIIAIUO
AAOIIUIUOE
1436462
472457
1437964
AAOIIUIUOE
1425080
1429263
1432238
365951
1440930
1441856
514584
383027
414809
1444135
376904
1449570
472457
376904
AAOIIUIUOE
1439181
1440071
1443205
U
1430663
1437702
414809
1438549
OE
1429132
514584
522330
426170
382531
1432201
475079
1433024
OE
343402
383027
312116
1432745
376904
1436275
1442179
514584
1443092
312116
1449218
1454312
473317
343402
1461397
1463133
1471296
514584
1471311
514584
1479011
1483510
AIAOIEUOU
516243
1476012
308855
343402
389216
430685
1483573
442315
312116
1484270
1490872
522767
468519
1498176
1501111
429764
1504188
1505322
1506328
376904
1514629
357579
1518549
1528248
1536192
1544298
1548723
1555621
1556029
385444
1564043
383027
UAAO
389200
1550352
1557719
1566304
1566923
376904
466127
414563
1576507
O
IIA
1527816
1530100
426170
OAUUU
1527744
386007
308855
1534269
1538143
383027
1545681
367459
442315
1548329
OUUOEOA
1545866
1554103
1560303
1563750
522826
318227
1570650
1579928
1584785
421596
378817
IIA
386007
1564150
1572344
368008
466127
1572463
1575403
OAUUU
1568531
386007
1576529
1581700
EOIOEUUOIO
353280
1557907
1558918
1559953
EOIOEUUOIO
IIE
1534120
1539539
389789
319064
1548999
432723
1556732
EEUOO
1534414
493729
1535318
1539571
375078
378817
386007
521109
1541967
389789
1550741
1552014
EEUOO
1557654
EOIOEUUOIO
375078
OIOEA
353280
AO
353280
422912
374223
AEEIEI
470720
AEEIEI
1465376
A
406705
A
1439296
1443721
422912
1443837
1453120
1458453
1460906
1462320
424397
OE
UAAO
1435562
EEUOO
512991
458269
512991
1434961
AIAOIEUOU
436415
1416153
505605
379466
1417527
394739
1417743
1420123
1420831
521109
1422023
1422095
390494
1429070
424397
1433970
1438805
1446442
1453149
505605
AO
UOIOUUI
377658
1426162
424397
375957
360976
379466
1427200
1435697
1436285
1438854
AO
1435394
EEUOO
1415407
1418048
1423871
389789
EOIOEUUOIO
U
448356
505605
1380081
505605
1381018
1388732
475008
IIUU
428285
IIA
328449
I
1373323
1375428
360976
OAUUU
384496
1354463
477344
IIUU
AAOIIUIUOE
EAEIAE
UIUOAA
1303462
550830
417780
515112
1310880
1320733
1327070
1327391
395047
AAOIIUIUOE
1312601
1317280
1324100
1330083
417780
373353
1335348
UOIOUUI
1335600
1343910
524227
427695
392385
374211
396907
1349634
452612
1359191
O
1347388
1349931
417780
1355674
1359078
395047
1359738
1359989
432232
478470
OIOEA
1350163
1352633
1357534
1366616
UIUOAA
515112
1361006
1368728
392385
428285
347052
1377485
515112
513091
1387295
1392784
1395577
417780
1402682
1408415
1409993
470720
UEOIIOE
1388652
1389813
1392982
1394634
1396817
1405022
1407886
AAOIIUIUOE
1406105
387817
395469
1414326
1421110
1422370
524227
1431269
529663
1435896
AO
1418631
1423509
1425430
1428745
AO
1437884
A
537920
1421175
1428049
1434503
1443652
478470
1450092
1451260
1452710
396907
1457906
1462980
1470655
A
1475179
1479075
1482244
397773
1485078
1493176
1496787
478470
437612
1506772
1506818
O
1492359
1495795
1504546
1513330
1514530
1524490
1525673
1528650
321172
1536114
437612
396972
1538666
1542219
1548535
AAOIIUIUOE
1535982
1542099
396972
461041
1542795
387817
1546728
461041
1548667
1550036
418221
1551646
1552030
1559910
1565508
1573030
478470
437612
1579818
UIUOAA
520236
1554517
1557743
383787
1563932
IIA
1543739
1545071
1545308
O
393370
1519050
OE
EOIOEUUOIO
1475514
1485099
1494152
484741
1503284
397284
1505482
OUE
1487284
1491789
550830
OUE
432232
AO
1470883
1477846
1480106
1483136
402941
UAAO
537920
OUE
1431213
1435458
EOIOEUUOIO
1435799
446301
431099
OUE
368265
1433255
410523
1437046
550830
514115
1437967
393930
397284
1441045
UAAO
535171
1439110
446301
1444170
397284
AIAOIEUOU
456918
519086
547398
1443024
431099
1443129
1448806
1456724
1459694
1460907
1463489
470816
OUE
438279
1462739
456918
520140
1465138
1472809
421421
368265
1479698
1484506
445351
1486374
1496267
411761
393930
1498168
1507638
1510178
431099
421421
1517528
559546
334589
354971
1526167
480048
470816
1531124
1534545
AEEIEI
1521221
1527334
1531496
537920
1533622
1536756
1538491
OUE
UEOIIOE
1497574
368265
1500821
1510644
1516678
395688
475399
545192
OAUUU
1503312
446301
467252
456918
1510623
OIOEA
415515
1495118
566794
EUEAIIAIUO
1470853
402564
1473473
334589
1473930
1474749
1477591
1483837
566794
1488762
1493487
AEEIEI
440485
446301
551725
424353
1483973
1488895
1496056
480048
1502994
1509699
1519472
395688
1519939
398695
1529820
1531132
423008
415515
566794
402564
1539189
407749
1543251
413402
AAOIIUIUOE
547398
1524421
566794
1528497
UEOIIOE
410877
1519554
402564
AEEIEI
1502254
I
1494530
566794
A
1468221
1468504
1469665
1476555
UOEIUOAU
1452139
413402
529078
1461797
566794
536816
408057
UOIOUUI
430396
535018
463890
1446826
1450874
1458939
1465087
1473346
1483077
1484406
1493519
1498337
1505713
1511405
1511905
1517000
1524952
UOIOUUI
I
1487466
1490160
1493057
435831
1493391
529078
OUE
1485017
1493321
423026
1494081
1496898
1501514
IIA
478055
1480308
446828
1482532
578358
1491808
1501217
1511088
IIA
457791
404528
540922
413402
1489735
382901
UEOIIOE
1470594
1471098
1475669
UEOIIOE
1485006
1494233
1502710
540922
1512522
1517831
1520872
1525358
413402
404528
382901
416220
561553
351529
423026
1525586
UOEIUOAU
1523172
1523216
1528758
383907
UOEIUOAU
1509610
1511807
1518432
1522974
U
1510342
1510755
EOIOEUUOIO
EEUOO
1464414
EE
1455008
408953
425152
