1151
0
0
9676
19256
26568
32691
36594
37717
41881
49471
0
56622
0
0
65702
71273
73073
IOE
0
0
0
60145
0
66318
0
67509
77179
0
86409
94407
IAEUEEAEEO
0
84740
0
0
94424
IAEUEEAEEO
102195
110385
119084
123564
0
124623
125502
0
134069
138134
146160
0
147655
150634
UIEE
0
0
149804
UIEUIIAI
0
0
0
0
146986
152390
156003
0
0
156852
0
0
0
163145
172933
175665
178143
AAI
176105
180884
0
0
0
183682
185704
185798
188048
0
OOUEEUIO
174302
176940
178293
0
184579
0
194440
197124
199543
201706
0
203474
208597
0
0
210132
214393
215281
219248
225456
230174
EAIEO
0
0
0
232623
238540
247799
0
0
0
0
0
257620
260725
OEIEEEOEO
239697
249607
1887
0
259465
267331
268460
UAIUIIUAE
262219
7590
262475
266679
276412
284433
286013
OAEA
281568
286829
0
0
0
OEUUOAUAEU
OEUUOAUAEU
266342
UEAU
255835
262932
263364
0
IO
0
6123
0
7312
AUEUO
2979
237914
AAAEIUIOIU
212023
214477
222656
UIEE
198078
198230
203055
AUUOOIEE
202170
0
0
AUUAAO
180750
185949
192399
196511
0
EAAEI
171283
2250
IUIAEA
149694
156237
160342
168717
173924
147
174542
176689
181772
187116
0
192844
196565
197903
0
9080
200360
207361
214819
0
222872
EEOIEI
3262
0
223421
225576
0
234732
0
243033
0
252965
4718
0
256882
5123
3967
262882
EAOOIUEE
0
UAAUIIUO
2798
UIOEOAEOEE
220773
222835
231780
240340
OIU
0
879
232594
235483
235717
8567
241046
243287
248125
0
249504
250564
255691
263884
0
269941
276767
276938
1768
283671
291349
UOOOA
264846
1123
EIEUAOUUA
EIUOI
IAU
209589
216791
224039
4112
224921
IO
0
12210
206732
9983
0
EOAUIEII
9552
197368
UOOAAAUOU
7458
7366
EAAAAOEO
170609
176135
0
0
184367
188716
189502
189961
0
5571
0
3548
196361
202687
EAAAAOEO
9788
197812
0
888
200418
3548
205054
0
0
0
214164
223171
IEIEUAEO
IIAAAUEEA
OAEOUEOI
EEOIEI
175072
180191
9932
9327
10016
189813
0
7097
192784
0
201673
207684
0
0
215539
0
217776
224402
13621
233292
17589
OAEOUEOI
9821
229853
238839
OIA
224602
2250
3201
232558
UAOAAUIOUI
9476
EIUOI
0
210438
0
7998
215955
EAAOIAA
0
220755
0
879
OUOAAEOU
4838
216274
0
217110
0
222793
231923
EIAIUO
229188
EAUOA
0
228137
232859
239266
245078
245586
248697
255439
0
256707
5404
262261
270914
0
9552
272187
277509
0
4718
7998
4838
12218
280875
288588
297419
8205
IOOIEUIAUA
275504
281370
UUE
UUE
8021
AOE
249672
253725
9259
262911
OIOIIUOA
OOOUU
233903
234206
12218
237494
237518
UAOAAUIOUI
232397
239717
247415
249232
9156
250957
255290
1580
263501
267810
275305
UUIEAOIEU
270883
280681
UUIEAOIEU
279915
286283
289075
OIIAEI
2478
OIIAEI
290829
879
3548
291246
0
19094
298679
305679
6127
314828
0
323627
327678
336932
OAU
331536
IUI
309441
314738
0
0
0
316672
EOAUIEII
23517
OOE
0
293107
295461
299908
7998
3429
302112
0
307314
314233
315610
320982
323462
327454
0
9819
335867
336894
346230
0
350560
359956
369842
4718
371204
0
9007
0
OEIAUEOUOE
1577
3721
10103
10016
0
OEIAUEOUOE
9130
0
7097
349795
352061
360581
368049
375122
5404
377301
380581
388474
391948
17451
OEIAUEOUOE
386698
EAUOA
386127
388157
393136
9446
400953
20659
0
410244
412812
414467
415635
424654
7064
EUUE
407901
412938
EUIUUOIUUI
397758
405637
0
407462
7444
410176
412208
417545
417686
0
425119
431275
433090
440269
5351
EOAUIEII
422178
427195
7097
436368
882
441182
445971
9835
455737
0
882
458680
464234
15342
UEA
1577
256
9684
447776
451073
9230
452526
456707
465913
UU
464324
OEUUOAUAEU
459530
466415
468635
470767
0
UUO
468606
475880
484317
486073
UUO
482568
484514
OUAOE
474480
19164
483123
0
0
491834
14721
495701
502192
9311
507581
512872
513529
0
519142
525339
526046
533222
9684
542891
547992
IE
0
1577
554038
563447
566314
567192
0
574156
581020
589307
15055
595149
599381
603778
608081
EUIOEIO
16578
EUIOEIO
2454
595616
596033
600174
602341
11209
0
612201
6473
IOEUUOI
611176
614956
615306
9259
0
0
619406
7713
2684
5694
621969
IOEUUOI
I
0
608239
0
614202
0
EAAEI
611453
0
UOEUIIEO
609742
617065
0
9798
626864
630025
630320
635112
638419
639629
0
EEOO
639985
IEUOEAEOIO
IEUOEAEOIO
0
EAAEI
OUOEEIIII
576753
586133
595407
IUOI
882
585064
IUOI
IEUOEAEOIO
0
570216
10737
570294
OUOAAEOU
2155
564902
565171
24419
IUIUIIOAA
EEOIEI
553466
555171
561698
566951
568538
571704
577118
585999
12210
AIIAOI
EUUE
550624
11376
15055
552342
2478
0
17947
561738
569214
572396
573401
576456
0
585846
9622
21101
11584
EUEIUIIOI
578943
9835
580119
584815
591382
598716
607996
616770
9622
4447
623269
629530
631913
638218
2454
0
9954
645944
15055
653703
11874
661974
666167
23517
0
670231
671411
12216
EUEIUIIOI
1144
676979
EI
0
650708
660346
IOIOEAEU
657919
15207
659465
2155
664445
668497
676688
681774
691352
IUAIU
690864
AUOAAU
681118
685156
UEU
669074
8205
678620
25444
688397
690465
699216
0
15659
703033
9311
708414
712512
5127
719516
725239
735003
882
736716
19164
739468
748163
753092
EUO
738359
745787
12210
19834
750259
754905
758645
IUIAEA
12438
4718
15958
16712
736182
AIA
14881
725528
727845
737745
739714
147
746606
5551
756382
761553
0
762710
772315
15958
777544
19571
784353
791974
792164
0
882
792714
794887
EEO
AUUAAO
22291
11209
773403
AUUAAO
775830
783009
AAUEAAOEI
777496
784979
4789
789964
796040
797123
800139
808707
5694
812219
6257
818060
10406
34729
824517
9173
9381
IUUUUIIAE
820084
17868
4737
823695
15659
19834
824042
0
6519
829309
9684
2684
830352
833067
11209
0
0
839855
849614
858481
865603
4447
13849
871781
872045
880807
889835
892502
899723
16712
8413
EUIOEIO
OAEA
879717
884413
16138
5551
10429
IE
AAAEIUIOIU
858502
8205
861872
868268
873151
875997
E
EIUOI
848948
12216
856308
858563
12218
27230
OUOAAEOU
IUOI
825308
828172
834622
888
7242
840436
843750
0
IUAIU
841491
UUOAAIAEEU
IOA
9714
811890
816540
0
824553
829904
18718
832727
5551
838418
OOOUU
16712
12438
834255
838878
13691
24112
839838
2286
0
0
16712
23112
846437
852002
12218
858088
858310
866168
8392
UEU
861542
863581
2155
657
864689
0
EAIEO
862873
9714
21894
863464
EAIEO
865617
15784
868360
877740
17753
0
OOUAAOAOAE
3280
AAUEAAOEI
0
840331
IEUOEAEOIO
5568
EU
825499
834890
5694
841698
847389
20835
15659
847945
851131
858014
5544
23544
867818
13196
877217
AUIOIOAA
876957
AUIOIOAA
880574
890414
899904
908537
0
3721
19571
910670
AOE
901459
902384
10318
902826
907284
911357
916044
920265
13551
IUOI
907418
0
OOE
913352
920659
1577
925264
925284
931534
UAEE
UEA
879907
IUI
OEUUOAUAEU
9311
IIAAE
850672
10118
860469
870126
873762
147
875270
OOEOA
866313
9168
16712
876043
884568
889594
897916
905061
906616
10682
16605
AIIAOI
30688
881419
884402
890571
893303
902784
904618
10598
9311
905418
912584
AIIAOI
915774
915965
5544
924351
934094
935449
943679
9983
945020
15659
6127
U
935464
945239
4333
U
EAIAEAIOIO
946320
951521
16605
25301
5694
961405
961497
966718
970600
AOEU
965411
10318
971220
IEEO
27230
UOOOA
924016
924826
926899
26964
8245
930793
16821
934621
938132
20371
938813
888
11854
942228
943368
0
949611
11584
2179
EIAAEAIE
27461
270
11874
22747
EIAIUO
18139
26964
10118
918795
4333
18986
926936
929571
930434
938167
938465
940572
11874
12811
943169
EIAIUO
4789
944034
UAUI
947365
951481
9007
26653
952171
26158
AUOAAU
OUOU
946197
15109
955130
OOEOA
929299
936860
OOOUU
915907
923933
931230
934322
UI
3307
2132
UUIEAOIEU
904310
786
UUIEAOIEU
902800
EUEIUIIOI
18986
897440
22747
35462
18718
897541
6286
UUO
5253
879847
UAUI
867470
1964
875156
884413
6286
888860
890642
UAUI
890046
895857
901354
903387
23112
19723
UAUI
908932
5694
16712
10406
15958
918739
927693
8392
929717
24708
IEIII
905318
5253
9396
EUUUUAAUEE
UIEUIIAI
EUUUUAAUEE
841696
842212
848695
853034
2448
26964
EUUE
847356
EUUE
19723
847527
20361
21869
OIIAEI
829622
839032
839616
848340
853462
19557
853970
863105
25444
865409
23588
874982
OOE
UEU
859182
12216
868584
OUEAEIAOAU
851190
35092
657
860914
7334
EI
31649
8486
839964
5544
3307
17166
846018
EI
22437
30688
EUE
846771
851336
858343
867327
27230
OOUAAOAOAE
867645
0
10318
38527
871003
IU
OOAO
845947
850542
853686
861327
865642
AUA
12627
867733
EAEU
IOE
4979
882
821563
824352
833706
27970
834217
27625
843392
846348
851048
26859
855245
858413
3307
OUUEOO
AOE
0
846260
EOOUIEAUA
EOAUIEII
836450
842919
13835
UAEE
823298
OUUEOO
826536
830538
10318
831298
10318
18865
841050
EIEUAOUUA
816737
IIAAAUEEA
4979
OAUAIEAIU
IIIOUOOIOE
6519
25444
751888
OUAOE
5381
742098
751931
22439
756612
6285
OUOEEIIII
732237
UOU
24899
22747
2684
727919
UOU
IAIIUEIUI
0
712414
37130
718900
724888
728873
19805
2286
IAIIUEIUI
OUOAAEOU
726752
728530
731390
31115
OUOAAEOU
6286
20892
727764
23588
729112
19723
737239
746909
AUUAAO
741707
18865
746192
11376
UOU
723846
724041
727378
30688
728082
730676
17115
733818
738739
740878
19723
18718
747884
5253
748667
755194
10722
UOU
13168
760994
EIA
29167
754703
18139
AO
4141
733944
22702
735801
12627
745117
EUUUUAAUEE
EEAUOI
727463
13835
2684
730906
9835
19723
737004
746161
754411
35506
755144
13168
EII
732368
11951
32592
52569
736399
OIIAEI
IEIEUAEO
0
681333
13835
6519
4458
OOUEEUIO
38527
32684
683154
EIUOI
EUIOEIO
UI
633578
43318
640656
11589
642155
650461
657338
19723
661777
27795
669819
674786
4458
IUIUIIOAA
674582
11854
678256
8774
UAUI
652010
655740
664185
22702
668916
678220
27461
678715
26392
16455
687371
29321
697025
12877
18139
14528
13835
18139
702055
0
706323
IAIIUEIUI
27625
2792
43237
695866
14125
IUAOAOE
685306
688111
23770
689316
UAAUIIUO
16835
22019
672281
680248
680320
682817
22691
EEAUOI
663378
671519
0
674960
683999
31764
OEOUUUA
671143
UUIEAOIEU
651315
1964
660113
6361
663723
673460
34466
EA
EA
EA
879
634285
IEUEAEEEA
EUIUUOIUUI
596302
OAEA
575041
IEIEUAEO
565223
574856
OAU
UAAUIIUO
OIIAEI
27149
532208
EUIUUOIUUI
526171
534555
539431
9841
EII
27109
521865
AUOAEEEUEE
504287
EUE
UAUUEEIAE
480810
4053
487140
31307
39208
493982
13552
6361
494365
501875
13529
23486
IAUAIIUUO
487588
EAAIAIUU
AUEUAUOEO
455628
IEIEUAEO
459577
468517
IIAAAUEEA
OOUAAOAOAE
14125
29606
33652
427298
430345
IUAIU
425743
429402
OOE
19723
AUUOOIEE
1577
13168
421707
AAI
28335
UOOAAAUOU
386423
392223
IIAAE
388110
397499
404338
23486
1133
410021
419887
EIUOI
IOEUUOI
30688
411009
417654
24708
19723
18701
