0
3173
6007
0
7726
0
EAUIIIAO
9393
10273
0
18943
0
22449
26550
0
32267
E
0
21481
EOE
0
AIEOIAUAEA
AIEOIAUAEA
8735
9230
11785
19184
20884
25141
26403
OUOOUIUIE
3173
0
19924
26858
0
0
0
0
0
0
0
35780
0
0
42080
42879
52494
0
60517
69773
77391
82244
82765
0
0
91809
UIIOEU
UIIOEU
87351
95015
96278
101363
0
102195
0
110709
0
110747
0
114574
114665
124239
EUAAAAA
0
IIAUIIEOI
0
88080
90410
0
IIAUIIEOI
94459
0
100302
0
0
2555
100891
EIUEEA
98802
108314
109480
0
117637
1262
0
0
123786
126168
128532
0
134098
UUIU
131831
799
132927
EAO
114206
116606
OOAU
107526
109719
0
0
118721
0
126411
0
0
0
0
EO
0
113981
0
121168
0
0
EO
0
AU
110600
113037
113884
OEEO
5843
OEUEUIA
99517
8514
105920
4508
0
IEIEUU
1700
IEIEUU
AEAEAIOE
91859
97264
101122
103156
AOIOAOEI
104518
110033
0
0
0
0
113200
0
117253
1263
124728
AOIOAOEI
124952
0
125050
IEIEUU
103130
0
112992
0
114476
124029
133111
0
134076
137188
0
145417
146166
154814
4101
0
157175
0
OUEOA
155327
155417
0
161720
167270
170721
177151
AUA
161157
OOOIEIUIO
OOOIEIUIO
153765
0
0
159100
167539
0
0
176553
OOOIEIUIO
0
177975
EIAI
0
0
2364
0
176284
EOOUUU
4853
0
2400
171445
EOUOE
10144
0
173110
181849
190928
0
0
200094
U
188757
191378
191788
192468
0
201209
0
208584
212193
218469
225664
7618
226969
0
0
OOAU
0
EAUA
214681
5566
220917
222033
228947
0
230452
0
232052
241153
OIAUUUI
220761
221523
225254
231372
239832
0
0
OIAUUUI
0
243296
250543
0
257806
0
7251
260730
265952
0
275346
0
0
282900
283815
0
286737
293639
296279
OIAUUUI
0
0
0
300691
308979
OEIAIUIOAA
0
0
310005
316145
UAUUEIEEEO
0
0
UII
306989
309245
0
318792
11557
319270
AAIAA
0
317139
322503
EOEOEOUIU
0
749
302218
307030
0
316898
0
8514
321482
0
0
329021
0
329062
335905
337823
0
339864
0
347892
353852
363597
367858
0
0
371707
5515
375185
380194
0
0
380450
0
383396
387839
397091
400750
403265
0
4274
404939
0
0
406787
0
0
414449
422010
431097
440102
449643
0
456102
459999
467648
470560
0
476418
483743
11557
488261
2437
0
491180
0
493789
9512
0
500152
0
503023
OEOIIEI
491176
5433
OEOIIEI
492218
UUIU
480184
0
489794
495167
6303
498679
505242
514660
516449
521832
0
526731
529689
1908
0
534719
544466
548237
550429
8377
0
551490
556240
0
0
561122
UUIU
8439
566243
799
568346
569764
573104
577888
0
9082
577978
580655
589134
EIU
576645
585469
588959
594521
1484
596765
605812
0
613734
617732
0
619857
880
620302
622361
EOUOE
5717
622075
15136
0
AIIEIUUAIU
616778
IEIEUU
607200
615974
3284
620456
628878
631899
638150
639725
IIUUOAUU
0
0
633698
4101
639402
641131
0
649729
0
0
0
0
IAEUI
91
641962
0
OOAU
637836
7399
646067
0
647495
749
9615
656644
662974
OOAU
663105
671628
681383
687762
38
693564
696504
UIEA
683951
688802
2382
9553
689381
0
696478
0
AIO
677977
681832
689482
OEEO
674421
EUOOAOIE
2170
661345
O
643091
9082
647503
651768
660474
669186
5550
IEIEUU
661219
AUOIAA
651517
653664
0
656288
0
664714
0
8922
0
668895
672172
681526
689173
691948
38
5222
694600
14815
5566
AEI
677819
AEI
679389
0
684181
688115
0
0
AIUOEO
0
673653
12701
15534
683434
684251
AIUOEO
689730
690643
698983
OEIAIUIOAA
6303
0
696661
703986
EEEUOOIUAI
9667
695504
701069
707981
714436
719650
727043
4812
735424
740072
740661
AA
EIAAEAO
711855
1263
4843
713771
0
716395
1368
EEUA
712689
721657
0
IUAEEAE
OUIUAEOIE
0
696418
OUIUAEOIE
IUIE
677960
5155
0
2034
AIIEIUUAIU
0
673378
681357
685972
AIIEIUUAIU
2640
0
3659
0
9783
0
4667
6914
3659
690265
0
0
696809
0
698217
706112
706149
710406
IIEAAI
UIUAOOOOE
1505
680408
9348
IEEUEEEU
0
0
668130
IEEUEEEU
667973
671891
679106
IAOUIAA
799
665480
668870
674845
675526
0
678628
0
0
687202
OU
IUIAIII
652077
653011
657642
665664
U
0
0
654894
664046
OUUU
642959
649092
652185
655988
IUIAIII
11557
0
636305
637315
0
644927
650018
OUOOUIUIE
0
642045
OUOOUIUIE
15534
649914
15313
UIEAAEUII
628394
633141
637368
8670
9836
642908
UEOOIIIA
637791
646865
11540
OOAU
19671
622272
4089
0
628598
IUIE
0
627828
628768
4843
635460
IUIE
636881
11540
15112
640344
648632
AOEAIO
650646
655819
664045
0
19671
665870
OIEIAEAOA
645314
5867
651425
0
657052
749
657791
662937
666405
9743
0
16533
UUUI
6403
AIEEA
613701
617719
620826
5867
627089
631135
633390
637158
AAAUEIO
609574
0
8168
616153
617275
1729
625478
0
634913
636488
9044
639916
AAIEAUOAOI
9993
9547
613044
619782
629576
UIIOEU
621739
631618
635633
0
UIIOEU
0
0
OIEIAEAOA
611970
616316
10655
6902
621273
16533
10638
629038
EEAU
0
621321
627205
633871
636792
1764
637183
10209
AIIEIUUAIU
AIIEIUUAIU
9475
6303
9394
11263
623606
628117
636963
UUUEEEEUA
636244
643108
1700
651557
8023
2188
12899
661280
661446
0
12256
9570
662790
UAUEA
2310
647883
652826
13817
657411
658080
662150
0
670753
0
677049
9783
677345
UAUEA
677529
11083
0
EIAI
666403
673250
682362
OUAIAA
9394
672461
9195
OUAIAA
677905
684436
UEAOIUEUEO
12899
6716
6480
681529
15136
UEAOIUEUEO
0
AEAA
651510
652411
660636
665797
669704
17137
676069
17057
9610
11083
IIAUIIEOI
9783
655104
656891
659817
OEOIIEI
640252
642677
9446
3998
17775
0
5565
0
AEAEAIOE
11462
621762
4089
9636
631571
EOUOE
609333
9547
16649
618914
0
627598
631128
0
639290
EIOEE
618492
623704
631416
638159
EEAU
0
0
632244
9610
1918
15879
637198
22095
641144
647198
IEIEUU
0
635535
641750
644317
645578
652653
655769
656084
0
657828
15136
UIEA
638883
UIEAAEUII
644108
644186
651605
34439
655134
656675
AE
642784
1575
3998
646597
0
34439
648628
649170
8522
650022
655729
664331
664714
OUOA
661141
671025
679025
685000
0
3998
UI
AIUOEO
658731
664441
665586
4631
669302
16533
675489
AEEE
667384
675786
678494
6330
UUI
663066
0
8339
665823
UE
649387
IAAUIOEAA
636929
9667
639402
642430
644972
651154
659433
660586
880
17268
EAIAAUI
14815
13147
638467
642233
UUIAUAI
641653
0
5433
650355
653539
654904
660403
661310
16649
668921
677451
14261
681137
684959
687080
689515
UUIAUAI
693384
699493
704405
8023
0
UUIAUAI
706364
716083
721979
3390
AAOOEAOIU
727272
13617
735796
737603
742059
744266
17137
753143
758101
766526
4143
19736
770054
AAOOEAOIU
767804
3849
0
768288
IUAUUUEEAO
15843
769982
13244
772251
774222
775051
880
UOUOOE
UUIIOOA
748792
9446
13740
751783
OEEO
17065
743163
744496
OEEO
748285
750696
758039
EUOOAOIE
1947
749213
749279
754416
764040
765740
2437
15250
768414
4261
8480
14293
770192
773430
AOEAIO
750447
16238
29211
759184
OUOA
0
732417
737954
IAIOIOAA
714901
720158
13740
727353
UUUEEEEUA
710741
719662
702
0
720134
OOU
9781
706347
715603
720759
9475
13817
8168
728585
AIEEA
729529
738194
742441
744869
702
21480
746592
749167
8168
753530
9570
38
36937
762155
767752
772222
776310
22696
0
778483
3998
784982
789112
797583
17137
805739
808410
810583
813658
815506
15843
UE
9610
811680
0
812100
AIIEIIIA
805091
2437
806399
UOUOOE
8168
IAEUEAUOO
776350
783634
EEAIOEEAIA
IIEAAI
750743
752114
752963
759626
12256
760451
762616
769477
6710
778106
OAAE
17057
763010
764558
IAOEUAUEA
745989
750188
757026
759038
765554
14251
17884
11053
17775
771173
776222
1700
19618
OEOIIEI
758257
762165
770542
771560
775251
0
15111
780374
788699
792034
792101
29211
IOAEOOIA
772929
778326
9636
15111
785533
IOAEOOIA
793376
797568
802237
9446
806944
13817
811780
11053
814319
7125
14228
815035
815189
821095
21161
9195
EAO
803299
4872
811056
812884
818356
819810
828777
9195
837803
EOAEEIEO
915
15250
AEEUA
798172
801848
806131
934
815306
18430
21720
821238
822340
830937
28830
2921
837497
15805
AIEEA
828807
835612
22696
844769
851473
915
861242
OAIEAAI
8670
845919
EIAA
822635
828749
EIA
OAU
818602
825867
13217
834242
31935
0
840140
847717
0
848082
13365
AIAIIIEAO
827825
13217
8168
837578
15131
2024
845228
8739
25823
EUAAAAA
846112
IEUUEOOIEU
10908
839021
9610
11824
22370
19713
839596
845716
24049
24281
8480
848943
11079
858008
867482
873896
4954
OEUUEI
866869
AEAEAIOE
868049
3167
875356
17884
16238
877354
886080
894740
9309
897974
904697
904988
31935
12941
15044
905166
AEAEAIOE
UEAAAI
749
899337
0
907405
10908
907795
910320
914641
EIU
909171
12941
914364
915340
917816
0
918601
8739
919645
926769
933938
937376
939674
UIUAOOOOE
UUUI
16876
0
19111
925059
932804
933471
12784
749
941204
8813
943483
949629
953846
8670
958453
21480
964471
967572
AIIEIIIA
962915
AIIEIIIA
966284
15471
967877
968469
6508
12941
4101
973793
978194
25535
11462
2400
979277
988849
15805
7520
OEEO
970813
971930
975297
8359
983781
990211
995209
998589
1004062
12897
AOEUAOIIA
997624
998718
1008153
AOEUAOIIA
15112
1700
1017600
1025256
22538
1032574
0
AOEUAOIIA
IUAUO
6713
IO
0
987851
11464
2024
6807
993861
EAUIIIAO
964920
967422
974387
EEUA
EEUA
965469
17174
16924
965941
967500
975420
9475
980486
26192
981557
4101
UUUI
971315
972611
978298
0
982723
985500
988742
992294
14251
UIEAAEUII
976377
980851
981121
0
EIUIEII
26706
987082
14653
27973
12599
37013
UIEAAEUII
AEIOOEII
2024
959481
IA
935913
2207
9446
42049
938597
939112
14251
947543
954453
962242
12056
0
OAIIUIOIE
965412
973380
9152
975082
979992
IUOA
970579
39563
979257
OUAEO
973430
20542
981653
0
14205
21161
UEAAAI
969079
970499
39255
13949
975168
UEAAAI
977004
8548
977344
980339
985458
14871
UOOI
20542
977502
981159
749
0
988373
17335
17045
989082
996795
998609
0
2207
999490
3167
1004096
9152
13817
1008410
1010705
1019795
1022680
1024096
2207
1026651
9309
26823
1034493
EEEOUA
1018682
1022185
1024628
1031787
10325
1032204
9670
16014
11462
1040772
1044045
1049174
1050334
IO
1036392
19618
26823
1040659
IEUUEOOIEU
36937
13842
IEUE
OEAIAEIOIE
15044
15121
9626
17629
20649
971818
981149
990939
993787
IOAEOOIA
11053
980244
14424
985134
993913
9626
994575
13142
1002507
1011202
IIAUIIEOI
AEAEAIOE
0
1002354
1005465
14747
1014305
AEAEAIOE
12784
1020123
1029062
1031218
1037223
1042290
1048406
17065
12238
1058050
OAIEAAI
1035272
1044235
EIA
11854
1036185
19128
2991
EOUOE
1028071
1028459
1700
1034214
8706
8602
1034956
1041346
17174
1042462
3167
32770
1048240
AA
IUAUUUEEAO
1007802
14093
1012854
1015524
1020340
1026611
8780
23467
3849
52932
26192
1035788
1041884
1042490
UEIAII
1019342
0
37129
1024801
1032724
1035451
1036602
16876
0
1043375
IAEUEAUOO
1020082
1024654
1764
IAEUEAUOO
OIEAAEOEA
997686
1001196
1003075
OOAUAEI
998091
1005051
1011619
AAIUEIAOIA
EIAI
991725
14747
23277
8735
997544
14093
19128
1002554
1005821
0
1011443
22075
11854
1019997
1026280
1032865
1038777
1042715
39563
1045039
1045134
UIEA
1017377
1022274
13149
1030520
1032553
EAO
1022129
18344
1024626
1030124
23503
AOIOU
1007507
1015198
0
39563
20959
37264
1017368
13842
17247
1026419
8739
1035223
1035983
1043390
1046745
1052268
1061406
1061552
39563
39563
1067805
1069311
1071604
1079777
1080674
AOIOU
9152
1080677
1084682
1085860
1087721
1091855
1091908
18028
1094016
EOEOEOUIU
15077
1084261
1153
1092592
AIOOUE
23277
39417
1088138
UIUAOOOOE
1074253
1082411
1092280
1099576
16238
12808
0
1101963
OOIEUAI
8523
1080961
749
IIEAAI
1061163
1063113
1063738
1064483
1072556
1076966
1082459
1088086
UEUAUE
16793
1079461
1081228
1089074
1093763
4307
1094730
1097548
22075
0
1100612
UAUUEIEEEO
1083625
1088046
IUIE
AOOOEEOU
1050688
AIUOEO
1031080
21161
13853
1033744
27973
1038615
13451
25580
1041674
1043460
1049401
1049873
1056480
1063612
AEI
4307
1058272
11462
37264
1062113
9475
1062144
IUIAAOEU
1045626
1053779
23988
1056653
13949
1058933
1067751
1069893
12808
IUIAAOEU
1079313
EOUOE
EOUOE
10275
1059844
1067065
40595
21782
1074638
UE
1064981
1073121
1079623
19502
1083775
1971
16238
1084370
13114
1085749
29275
1093327
38
1101089
4457
27344
10357
AAEEOOIUI
1091664
1095635
575
11246
15112
IE
1083436
1092819
OAIIUIOIE
28922
9667
IEUE
OEOEEUUIIO
1047977
1051190
5465
1051877
8548
AEEUA
7124
1049510
1052322
1057313
1057940
1065431
13100
8780
41558
EAUA
1043979
1045806
1048820
EUAAAAA
1050605
1051887
1057970
30901
1062777
17878
10908
1066697
IEIEUU
17629
16924
1058646
2525
IOOUUIAUAU
EAO
13535
23516
UEOOIIIA
34184
0
1022100
1023365
19467
62064
12866
1031401
16616
23568
26902
OAEE
1026017
1030051
E
26902
1019803
1029115
IEIIA
1011621
1016874
1018645
1026680
7124
1032611
62064
16924
1040133
2188
1046699
22761
1048654
OIEIAEAOA
1025897
28597
1029196
14093
18859
UUIAUAI
AAAUEIO
1020411
8739
35673
1022154
1028844
14924
33595
1030215
1037686
5930
1042948
35095
1052407
1053575
1063178
1069253
EUOOAOIE
1052931
OE
18344
1057219
16448
1059461
1065496
1069245
1072023
EEUOEEEIU
1058996
UAEOEEAUI
1056861
1064147
1071362
21368
10579
1078505
915
1082336
12808
12808
1082979
1089574
O
1065738
UUEIA
23017
20649
28888
1045016
1848
1051953
9572
1059811
31761
1063865
1066257
1075966
1078455
1078544
9151
5930
11053
EEEUOOIUAI
575
1060362
14789
1067100
1076942
AAIEAUOAOI
1073616
1082630
19736
36708
AU
31792
1069796
1077032
1083873
1087005
31792
1088260
6346
UI
1063626
EUOOAOIE
1066484
1066701
1073298
1077523
IEO
17643
24370
1069297
1078658
1080560
17629
1083122
1086232
I
1071316
1073431
1079994
AE
1064885
1072554
1080582
1081576
23516
1084371
14924
14747
1088908
1090203
22076
32932
AE
1093692
1095903
12941
5687
10811
EAIAAUI
1095139
1097693
UAUUEIEEEO
1094803
1100573
1103398
1109261
40595
32029
5465
1113118
23615
1122487
EIAI
1111166
10779
21869
1114250
1122450
EUAAAAA
24370
1121289
OEIU
2777
1101744
1110733
1118164
EIAAEAO
1119270
1121307
1131161
1139434
UUI
1126069
EO
1108468
1109449
1109572
15609
1110068
1118379
63284
1764
1127960
OUAIAA
1124582
1125663
1132445
AIO
1118203
1125633
1126538
AOEUAOIIA
1110513
1116279
1118366
1125617
1126948
1131815
1132238
1136237
63284
19736
1144461
AUA
1144732
19128
1149933
OEOEEUUIIO
1150497
1158700
2674
1167702
1168737
1172740
10210
1181363
13162
8739
8739
36382
19708
18243
1191199
1195687
1197295
1198797
OIAEOOEO
17629
19708
18389
OOOIEIUIO
1160490
1161775
1162305
1168579
1176918
15112
8739
36658
UEOOIIIA
1173127
UAUUEIEEEO
UEIAII
1157020
IIIE
1158621
IIIE
1157914
1162401
20959
IIIE
IUAUUUEEAO
17473
OOIUA
1140568
1726
1150422
UUIIOOA
19655
1137046
1137496
18859
1146086
1153823
42911
19299
1158052
1164206
17590
13809
23467
1166691
13114
1166837
1173326
1182992
OAIEAAI
18243
1159719
28597
1167442
1173671
1179235
1186823
OEEUEI
1191128
11234
EIAOAAE
8735
1165942
17045
14252
1167675
23988
1173607
22822
EIOEE
1169734
1177798
1179184
1188320
1196994
43475
39417
1202729
22822
28259
OAAOOIAEA
1190828
1194747
26502
2742
OUUU
59516
10210
1167683
1176844
23568
1177988
1180093
10462
AIUOEO
AUA
9151
1143622
1150113
17954
44896
9309
34918
1157008
1165317
1175039
1184966
1189935
1198011
6731
1201351
1203285
21210
1206583
AIAIIIEAO
33084
1187076
1190120
OEOIIEI
EAUA
29934
1138073
1145525
1147235
1150370
U
6346
1130368
1136946
33595
26745
1142269
1148681
1149897
1155520
1162780
1163091
1168422
14252
1171485
9456
13117
18243
U
1171824
1181084
1185159
1192506
31740
1202121
23910
1204285
31740
1208829
1214144
1218382
UEOO
1202839
12808
24959
1203269
OU
UAEOEEAUI
IEO
33603
1188616
1195817
UUIAUAI
26583
72818
AOUUUIO
1154967
29505
24348
1156219
1156892
34368
1159928
1165919
11324
1169185
1174062
21208
24959
36414
1177092
1180613
21309
9572
1184210
1192339
1198765
1198849
16604
4101
1200461
13451
22076
16411
1202735
1210945
1220263
31747
12885
1221601
1221689
1226327
1230906
40237
1234674
1235166
IOI
19299
18891
1215302
1218467
33284
24607
1221967
11463
1224083
13162
1230932
13535
1239282
1246253
19868
13451
25876
20444
OEEUO
10210
OUOOUIUIE
1226407
1227210
1229298
OUOOUIUIE
1235353
1241757
1244378
1247767
34918
12885
EIAAEAO
1227961
31604
1232160
35429
1235716
OUIUAEOIE
1233620
1243099
1250547
3849
14093
1251732
15827
1255467
26583
1261078
1262396
1266424
1271971
14093
52658
43173
1278816
13535
1285113
OIAEOOEO
1280609
1282349
1285866
1292066
1298176
IIAUIE
1284991
IEUE
1275959
1277091
12885
1285323
41558
1288989
1293895
23910
1295379
36414
12474
1298802
1299492
20127
2525
13142
30901
1308210
1310879
1313680
1322426
1326068
1332072
1339644
EAUIIIAO
1322237
13142
1329919
1338442
12662
1340366
1340626
1343883
45586
26192
45586
23579
31998
AEI
1329708
8735
1332505
0
1334256
1340462
32367
1350408
UII
6346
1355832
A
EUOOAOIE
1322506
1329142
IOOUUIAUAU
IUAUUUEEAO
46180
1314101
EEUA
1291372
1292207
26583
34517
1292536
1299102
EOE
30911
1287052
IEIEUU
30911
55078
IEIEUU
1273131
23467
1281883
1284096
40237
1285285
11463
1292667
22822
29804
1302220
1307654
1314766
1315101
9824
1319505
1320841
1330360
1336387
36938
1344871
1345879
IOI
15464
1335510
1337550
1342627
13114
10210
1350958
41515
14164
1360332
1367602
1370841
1377765
1384210
20959
1391655
1398756
1401865
23416
19868
1404634
7240
16604
23963
1413510
13114
AU
26583
1405656
1410392
16131
1411437
32367
1417506
1420570
1421436
1425991
2674
1433519
1441859
IUOA
19299
1432901
1433136
1442161
1442200
1444368
6536
1450568
34160
23963
1457271
43092
29130
1466189
UOUAIAA
1444959
13796
17491
1448204
1452078
1461994
OIEIAEAOA
28180
1455623
28332
1460722
1465851
3849
OAAOOIAEA
UUIAUAI
24959
24959
20878
64033
1424759
1429065
UEOOIIIA
1420507
1426630
1432980
32367
1437666
1440086
26508
1447640
26744
1455981
1464490
1470171
1474777
1474837
24348
1483462
1484374
OUIUAEOIE
1473172
OIEAAEOEA
14458
54096
13398
1463842
1471213
1478248
13398
50551
36414
13263
16924
43408
1483548
1487746
24406
49314
1496716
1498946
1499344
1503098
43475
UUUEEEEUA
1486739
1494837
52658
1499229
1505244
25740
1508965
1518855
1522772
1523460
28332
1524735
OAEE
1508514
1509300
IOI
33603
AIOOUE
1480859
1487175
2777
1493542
48162
13796
11463
1497374
16459
1507018
1514789
1515736
1515865
46180
27076
AIOOUE
1517714
AIOOUE
1517464
1524973
AUO
1524487
9794
AUOIAA
1507682
1515188
1521470
1529477
1535301
UIUUOO
1519205
1522195
1524558
52330
1526953
20798
10779
1535297
AEIOOEII
1522089
19108
OAAE
24348
1508304
24076
OAAE
1510522
1519669
33162
1528633
1536124
1543447
1547765
13142
1551117
45887
20933
1560657
1567510
1576987
2777
1582837
1584686
1588205
1590871
1599187
23085
1604303
IA
18337
4900
1593043
1597143
UOUOOE
1595712
29582
1600839
14924
1604084
1604623
1608046
14341
28332
1611544
1620280
OEAIAEIOIE
OUAEO
34060
1588853
1594712
1595349
1603870
1612214
14164
1619366
1627531
1628864
1632484
1638617
1641480
22652
1643858
1648716
OEIAIUIOAA
20444
EIA
EOAOU
1594903
1602363
1603524
1604491
1607219
1613725
14743
1622475
1624664
14605
1630286
1638467
UOIUOAE
17629
55909
IEIU
1626813
1633997
64033
17643
23579
1636560
29039
IEIU
32853
1635332
39090
AOOOEEOU
1621870
AOOOEEOU
14164
1625178
9860
EOEOEOUIU
1610588
31670
1611415
13363
50551
20878
1614525
1623583
I
1619968
1629346
1636654
13345
1639258
1646148
OOAEOI
18243
1637457
17643
45887
14605
1645617
1652742
1653228
1660523
1666065
1675949
13114
1681258
34517
1683144
1689597
1692993
1701470
1707006
1714535
20933
1722957
1726335
1734265
51105
1744194
1753485
39090
3849
1760133
IOAEOOIA
IOAEOOIA
1759845
1766405
1774293
1776864
1783999
UEOOIIIA
1772069
31683
9572
8739
1775919
30731
1784319
23579
UEOOIIIA
17629
1793233
1794033
1795475
29934
1803437
8510
IOAEOOIA
IOAEOOIA
18431
1782237
13117
1788651
21447
IOAEOOIA
1790724
1798772
1805918
1807628
31368
1811183
EOOUUU
1798241
EAUUEUUAU
28228
1775109
EUAIUU
20070
1759132
36661
14859
1765876
1769973
11829
1776399
39027
13535
26192
1780204
1789230
39427
72818
40503
A
20933
1782512
1787767
2777
IEIEUU
1772650
24908
1777555
1779243
34301
23085
1784836
14341
1791682
1793843
1800995
46471
1810385
1810934
1820073
1827037
1828670
1829529
1836402
1843592
14057
E
1827467
1830776
11463
1831605
1835119
42174
1838282
IUAEAOOAEA
1820533
1821814
1825283
EIU
25290
56669
EUUIEEE
20313
1807411
1813654
UOUOOE
40503
OUUU
1766733
1769333
9572
31683
1775612
1778111
1784602
1791085
1797026
1801331
1810540
IEEUEEEU
22821
1808336
59901
1815108
1818500
33940
1819804
1822839
1826345
1829558
43039
1832726
1842397
1847166
1847418
1848672
29934
16191
1848790
33940
34714
1851614
IEEUEEEU
55909
43795
33162
1855170
1855233
UOUAIAA
17954
1838062
1846338
27913
34060
1850673
1854365
EAUA
1853021
50551
21574
1853160
1856126
1864101
16922
AIO
31175
17643
46180
1851287
2674
6536
AAIUEIAOIA
1853894
6536
1860433
21447
34714
UE
30658
1838276
1845349
1847850
1851323
1851423
24989
1856766
1861341
1869827
1876150
UE
AEEE
1868036
EUEIU
1859192
1863861
AOEAIO
9824
35699
1841873
1847669
1853683
1857479
1862525
UUI
1852071
42492
52914
OAIIUIOIE
1832455
1835613
1840017
1849482
21413
1855441
1856816
10779
28875
17532
29934
1857027
1865547
1870931
38100
1875708
1879468
9860
1880366
1885174
41267
1890317
1892694
1893380
1902387
57439
1904160
1907570
33162
1914588
1923235
1930476
1936853
1941380
31683
59901
1943063
1944928
32741
18709
1954049
28191
33940
39401
1954918
28474
1962262
1971817
57851
1973839
24270
1977501
17643
1978644
1982649
1986784
OU
26729
42492
30232
0
1983887
1985243
1994892
34368
32030
OEUEUIA
1990092
1996695
20685
1998099
2004818
2005864
EUAAAAA
7669
AOIOU
1987654
26744
1989964
19954
1995011
1999390
49586
33940
EEAU
IEUUEOOIEU
UOUUUUUOAE
1980315
1987521
32679
36786
1993447
13162
1996106
2000092
2004313
23085
2004817
14842
26744
OEOEEUUIIO
UAUUEOOE
45887
23085
E
1964577
AAIUEIAOIA
1951601
31683
1951902
1952531
AOUUUIO
17542
48963
32741
EUOOAOIE
1934386
59564
EOIEAII
1914232
OAU
19441
1889131
14341
1897598
1902185
1903452
29934
6536
34714
1908440
31223
1909314
UOUEUIOOOA
17954
1889174
1890143
1896845
UEIAII
EAUIIIAO
73169
70596
31683
UIEAAEUII
1847758
49419
1856013
47903
UIEAAEUII
1854094
EUEIU
52658
22822
1836017
1837574
1842827
3849
1846092
30807
OUIUAEOIE
30731
8735
7669
32030
13162
1846123
25416
41195
1851637
1858322
1860128
1870105
37961
1870717
20070
1878895
OIEAAEOEA
61385
1874883
1880873
1883579
IIEAAI
1887057
I
1878473
43833
1882092
30731
1883172
1885934
1888401
0
1888910
58909
1891655
1897081
29920
21413
1901225
1908674
1913026
1913633
1914564
1923106
49314
UAUUEIEEEO
1925328
1933244
13263
17704
1940925
45887
21799
1942759
1949382
1957652
EAUIOU
1936366
1939634
1944822
1952031
1960798
1963335
22751
49714
UAEOEEAUI
24095
33764
1960657
46491
OOAUAEI
1955626
23697
1960006
1962879
1963715
1967179
1971797
52658
1978490
13363
1978567
1987125
24908
1996724
46508
2001017
2004397
2012539
UII
2011961
2020857
2029060
2038330
2040187
2049516
20158
58996
19441
64661
28667
31223
2051030
28332
2059456
AOIOAOEI
0
IUIAIII
73169
21780
2040571
7669
2048785
33295
21980
8735
29244
2056207
IUIAIII
EAIAAUI
2052918
2053047
26891
2060437
2067627
2076621
39090
52658
2082124
2082423
2090502
IO
2076672
2081207
42365
2091008
UIUAOOOOE
2088682
50162
2096352
EIAAEAO
20102
46312
31574
2094647
2100242
2108350
2113512
53832
AEAA
34060
2101059
21980
13363
OUOOUIUIE
48718
IEO
2062580
2066213
9860
2067858
2074969
23085
915
2079874
2084474
5930
13016
53832
34714
2085953
13302
AOOOEEOU
2078231
2082623
AEEUA
AAIAA
2048255
2057959
2067407
2073316
2074713
2084423
58118
2086181
2086355
2093025
41292
2100263
31223
2101645
EOEOEOUIU
14057
2092164
16191
30731
2093801
2097483
40903
EOEOEOUIU
2099438
IAUUUAOUA
2093588
IAUUUAOUA
2100933
63818
43284
2103364
2111236
EEEUOOIUAI
2110102
25968
2110237
2117521
48264
20945
2118702
EEEUOOIUAI
2126260
11829
2133007
2142039
IOOUUIAUAU
2143669
2147278
2154996
2157926
33171
2160826
46879
21897
50162
EIU
2164870
2172654
2175018
63818
29920
2182067
2191235
2195124
2195215
2201638
2207589
14057
59231
14842
E
2197565
2198839
43039
OUEOA
27211
2177116
2185043
2189066
2198787
2207599
2212052
OUEOA
AIIEIIIA
55078
17532
2208864
9860
31574
18070
UUIU
26529
2198783
2206602
2216576
2216591
31268
28908
21897
2219575
18709
OOU
2204035
2211303
2218301
2228016
9572
2229370
UEOO
2203996
2208558
2210863
41739
49980
2213616
2222929
UAUEA
2211764
44105
56453
2214899
27933
2219470
IUAUO
2199184
19108
AOOUOAAIIE
2179673
2183254
28228
60251
AOOUOAAIIE
2189139
EUOOAOIE
28228
2183142
63818
2188393
41999
2194693
36926
2194759
2200320
2207445
UEUAUE
2202289
21367
EUAAAAA
2181867
42365
OOAUAEI
IAUUUAOUA
41999
2157968
2163028
39090
39848
34662
2164009
37710
2166160
2171678
2181132
49314
28474
39090
2182582
IUIAAOEU
AU
2155272
2161044
36558
70043
2168718
2173779
2177267
2185060
35029
2185825
33295
IAEUEAUOO
2181192
2189537
42784
OAUEEOEAEA
2168567
2178054
2181031
2186525
20102
EOOUUU
31368
41999
UOOI
48264
32572
2176708
EAUIIIAO
2166560
2176091
EOIEAII
2161989
IEAUEOO
2152828
2162764
2162802
2163881
25290
25290
2167559
2169239
41020
2170956
32517
43833
2176629
2182788
2189131
21897
28191
2191350
2192103
49771
2201438
61385
2205440
2211812
2212946
31574
OAAE
2205448
26494
2210494
2212561
IAAUIOEAA
2196226
2199511
39457
22940
40183
AEI
2183187
29244
2190866
2200021
20945
UEAAAI
IIAUIE
20420
38040
13535
29703
IIAUIE
2170959
2175588
2180668
AOIOU
25290
2165878
46710
22873
2172892
UOOI
2168649
2175663
UEAAAI
OAU
2149787
2158583
2160243
2166752
2169952
30324
64661
OAU
2173631
4635
2175991
39457
57489
OAU
OUIUEAUAO
7669
2164020
36926
AOOUOAAIIE
48399
2144211
41561
2149632
2158669
47409
21598
2159174
38237
2164488
28228
29920
8739
22940
57489
EEEUOOIUAI
2152431
2156822
49314
51854
14807
2165893
2168219
2176051
41622
2179024
28191
21598
2180217
I
OEOEEUUIIO
61385
24667
2138486
AIUOEO
2125906
2132150
2134301
2136612
2143045
2145595
IAOEUAUEA
47903
2145938
2146636
2146675
2149926
70043
2156601
51668
2159637
EIUIEII
2143084
2149284
UOUEUIOOOA
36926
8735
42299
2127984
24989
24908
37051
AEOUUIUO
2124797
2130276
2133898
44105
AOEUAOIIA
29706
2110380
2111488
38237
2115070
16072
EEEUOOIUAI
2110642
2110894
46508
EEEUOOIUAI
2109026
2116427
50162
IIAUIE
51854
36926
2115873
2117552
2124261
44636
72815
2130313
2135681
21897
2143622
24908
46440
2149286
2156030
2157302
2166265
28191
2166680
2172612
2176624
40370
2182222
2190829
28191
17878
72815
2198932
2206009
2213635
34343
2214497
UI
2216849
2220257
13363
28228
IUAUUUEEAO
51028
2204670
57557
2211218
2212550
OU
2202172
OU
2200893
2208182
42062
2213435
IEIEUU
IEIIA
39699
EIAI
EIAI
OOIUA
39457
2179362
UUI
2178115
2183349
23697
26926
34047
34047
2189279
2195318
2203479
2207752
34465
2211727
AIOOUE
AIOOUE
IEEO
2189148
2192157
2200935
39087
17704
2201973
2210680
IUIAIII
2191515
2200703
IEUE
2194947
2195950
2197846
32741
2203914
48179
29367
2212205
2212888
2219116
41618
2224423
2224700
28191
2226977
2228431
23591
2235105
19664
34047
7669
38976
2236725
49314
AEIOOEII
2223562
23579
2230181
2237433
2246560
73598
2251328
2257829
2267267
2274834
21413
44266
2275304
39087
2281549
2290839
2293982
2303441
61258
OEUEUIA
2283196
2288170
2293412
38976
60694
EEAIOEEAIA
13535
2298610
2304461
2307643
23245
2312957
2321937
25333
2324668
2331389
2332485
2337584
2341798
47535
2344882
2346951
AEOUUIUO
EIA
2322708
2323061
36049
2332272
28332
21413
2339628
2344205
57847
2351496
2352405
OEAIAEIOIE
2352057
2354948
0
2358610
UEAAAI
2346839
43417
50006
UEAAAI
IUIE
EIAI
29058
32517
2318476
52239
29706
2326298
2334179
OEOEEUUIIO
36558
2330792
2331097
52764
16191
OAAE
2306144
2312383
2318016
IUAUO
2317031
2326153
IOIEAAIO
2310272
8735
2311344
UUIU
40183
34465
30740
AOO
2283706
23375
20661
16072
2287322
2297075
AAEEOOIUI
24337
32844
51789
EIUEEA
2268873
2274822
OAOIE
2256983
53197
OOAEOI
33338
2247323
2247443
45300
2256421
2259696
EAUUEUUAU
2258971
EAUA
UEOO
31553
2227742
2235880
2238112
2239183
41140
2243801
70596
28602
EEAU
2225796
39821
2227836
47574
27038
2232409
2234448
2242328
2247017
49142
2250044
2257504
49314
29367
2266735
24337
2276720
2277757
AOOOEEOU
2255457
2263965
2270471
20543
2273339
EEEOUA
EEAIOEEAIA
OOAUAEI
30933
2237849
46879
AEAEAIOE
2235115
2236807
2246257
2248386
2248963
2250093
2259433
46440
2260912
2267788
2276121
31553
2283288
2284116
8285
21897
EOAEEIEO
41622
2263266
2268831
2276405
2282905
2292204
2295940
65882
63836
2298560
AEAEI
AAAUAIIO
61376
2266541
24318
24777
2273381
AIIEIIIA
2259703
68999
OUOA
2242765
UIEA
23375
IUAUUUEEAO
53652
2203893
44827
OAEE
30820
IUAEAOOAEA
2167567
23245
50035
2172194
83924
66217
EUOAI
39850
2161773
2168494
11079
2170234
30232
2171795
28781
2175670
34343
2180091
40370
UIUUOO
36127
2157811
2163910
44827
UIUUOO
2163667
2169151
O
2168062
61385
2174803
UEUAUE
UUUEEEEUA
2132779
2134937
20837
2138558
42388
2147703
2153449
76224
2156974
2165201
29742
2174695
2175180
21698
UUIIOOA
40506
IAOUIAA
2159199
2162690
32815
2168688
11079
64968
2172801
2179488
31715
2181985
2191467
2196882
2198303
2199919
75477
20837
2206295
2213076
IAOUIAA
EEUOEEEIU
2188368
44824
2193857
2194230
EEUOEEEIU
UIUUAIII
32818
28165
2185494
2191176
28602
2197222
2200662
2206043
2210475
2213708
2221760
37263
IAUUUAOUA
2223761
2231120
UUIU
2217528
75477
2218331
2221535
UUIU
42724
UUUI
2197375
2203587
EOOUUU
2179954
2181469
2185657
30820
39085
41448
2186249
43039
41448
EOOUUU
2189219
34329
2198857
2205373
2212398
UUIIOOA
2209714
42709
2209996
2212718
2213298
28962
2216789
51260
40529
21069
AUEIA
UAUEA
2180744
2189992
UAUEA
2184005
2189917
2199497
UAUEA
20309
2199754
2206358
OUEOA
OUEOA
EIAI
2173895
2181676
2189438
2190832
27933
50114
2198438
50720
2207840
2216471
49116
2224239
40183
2226422
2227175
2228348
2231174
2235537
2238529
19108
2243784
28332
34329
2246736
56225
31715
2254912
IAEUEAUOO
42688
OOOIEIUIO
26840
2238412
2245893
2254766
2260553
2261826
31567
39054
IUIAAOEU
OOOIEIUIO
2248964
2250423
29129
2256123
2263976
40189
EAUUEUUAU
2257011
41448
2261533
OOOIEIUIO
63836
30232
23384
39821
2258227
66160
66217
OAU
28602
58814
29435
51789
2259087
2266510
32741
2269506
2274116
47574
18464
2280990
34329
2284125
57501
83924
2289326
19108
2298526
47799
46508
2301631
OAU
20102
21069
60322
IEUE
46262
59614
2278498
66217
2287695
2297379
2306610
2311428
2312760
2313329
32815
36612
38596
2317059
61156
31613
2325725
30820
2328458
21698
2336165
27933
2345711
70596
2347357
30146
2357087
AEOUUIUO
2337787
AOUUUIO
48981
36612
66494
2330988
2332371
2335053
2337504
39186
2345334
OE
76224
2326715
2328803
61933
50720
2332226
2333881
46508
52680
51624
2337853
2342451
2349384
38237
2353744
2354296
2359127
2363819
2372888
57675
2376061
2378346
40909
2384213
43787
33779
EEEOEA
21260
2388675
OEEUO
60251
OUEOA
63106
2343850
2347128
2349309
OUEOA
34097
2356047
60322
2359431
2366199
36612
2375052
50720
AOIOU
2372080
44906
UEAOIUEUEO
79197
2356305
2361098
2363432
2371348
2377249
2381137
EAIAAUI
31613
2382943
21260
40311
2390784
48830
2394827
2398483
50123
14807
39990
45356
2400000
2409553
2414011
2417723
34097
53483
2427543
43135
12062
OUAUA
102511
2428677
2434347
2434944
2437441
46761
70895
44827
40506
24788
34044
50720
2442438
2447439
55078
48830
2450120
2450350
2451956
2455976
61933
AOIOU
2452179
2459763
2466973
2467658
2473888
2479196
2484198
54292
29871
2490829
2492672
54553
2500883
2506746
AOIOU
2515659
2516500
2525791
67113
2528371
2528765
2529919
2539515
36177
2546643
59614
2554410
2557587
AOIOU
AOIOU
AE
2532652
39457
AIEEA
57052
2521941
3796
UEAAAI
2495271
2502483
2507012
19860
2513061
2516724
42573
2518394
2526145
31332
59614
IOIEAAIO
55078
2523205
2525485
2529181
IOIEAAIO
88605
42062
2532280
47736
2537491
IOOUUIAUAU
2519396
UUIU
33779
53470
37051
2504329
42573
2514227
UUIU
2488449
2496625
AUO
EOOUUU
OUIUAEOIE
2460493
2462797
76859
2468169
49876
UAUEA
29871
36086
41662
2463438
29129
2466134
45356
49058
2468324
2474249
44906
2475969
2477214
63836
39990
2485852
30324
IEEO
28276
2474903
73413
2483743
OAOIE
47639
2481160
2489947
54553
2493498
47326
47736
47731
2499259
20102
26840
2506685
2512301
40529
40189
49058
2516587
23050
OAOIE
2514894
2522348
EAUIOU
2508126
2517438
IIAOUUEA
AA
25290
2485418
50123
2492856
2496518
2497043
34495
UII
2491564
39429
UIUUOO
IIIE
EIA
2450328
OAAE
2438250
32346
2444293
UUIAUAI
2425426
52050
2431314
2438168
2445978
2451452
2458541
2463024
2467212
2470124
2478757
EOEOEOUIU
2472487
34240
11079
51260
2477497
43737
2478407
32346
2483981
OUAUA
2471994
2479368
OUAUA
2487117
2488873
43948
44266
2497290
2504146
2508870
2517529
39821
53197
59614
2524732
2529923
2537618
32346
OUAUA
2536404
50114
53506
31332
2545263
2546935
2553563
40529
2561718
43948
43273
2565841
2573506
2575967
2584346
2589933
39323
2590861
50114
2599153
2608107
2616514
2621100
42573
2627178
2635599
2644723
44906
23384
2650600
EEUA
2623349
31332
2627959
37541
2630065
AI
47736
2635396
73413
2644140
2649685
26908
2659328
2660254
IIAUIIEOI
2645319
2646198
2653831
12608
2662974
42573
2665392
79393
2672507
66767
O
2665424
2674935
2678064
30232
2678068
2685048
UUI
2680700
2688853
2693740
AAOOEAOIU
76859
25290
2681310
2682010
2683111
2685668
2689909
30389
2696856
2698792
36086
2705278
2708827
75002
IEIU
2689415
61611
2696013
IEIU
2695765
44906
2699505
2703145
48264
65882
2711580
74727
42062
63169
2717435
2721175
2729033
UOOI
2701082
31926
2710869
2714294
IA
2711007
42162
2712933
EIAA
53470
41747
2704146
2706696
59054
2711871
2716742
2719549
2720296
48478
34501
2721221
36143
24650
2724050
2733060
14773
49766
2733556
12608
EIUEEA
2715963
IEUUEOOIEU
2693269
2699399
2702253
2706597
2716323
52507
107082
2719013
2723812
2727993
74727
2734534
2743689
IEUUEOOIEU
2744418
2752793
2759243
2767869
2775674
2780267
2790116
74727
17482
2790550
2791611
2798893
2804960
OAAOOIAEA
28101
57492
34065
EUOOAOIE
2777650
34065
2780034
2789252
UIUUOO
53483
2787792
2789353
2798269
2804148
AIAIIIEAO
2782189
2783444
2791109
2800130
47736
2806923
2813383
2815987
2824297
2832078
2835000
19860
2837586
16607
2842480
2851708
IUIAIII
36363
55285
2857402
65953
8735
2865274
2866015
2874575
75002
2878046
2879575
2880080
AEI
2881319
2883532
OOAEOI
76224
2864738
UIEA
47959
UIEA
2864889
51624
IIAOUUEA
32346
45524
2836621
2842566
UIUUAIII
2838116
17482
UAUEA
2830924
29346
IOI
AEIOOEII
2826444
49876
48830
66428
2829793
2832809
2842779
2852540
42062
44827
2854941
24318
42062
2861728
2862161
39201
UIOOAAEU
2843481
2848823
4073
EIU
51624
2825871
40529
45471
2833064
42573
33779
47959
51105
2834023
53071
2843057
51395
2848049
113757
61376
34501
2855180
14773
25290
2862837
2866536
2875307
42162
68399
AAOOAUI
2869290
2874803
IO
2864786
2873802
2877699
22148
2882650
2891451
51105
76184
IO
EEEUOOIUAI
2882833
OOIUA
OOIUA
57143
2882011
21260
2890595
76184
2893677
2895385
49095
2899819
39201
2903468
46279
2906861
33356
AE
23868
EEAIOEEAIA
UEAOIUEUEO
60704
2873988
65922
2876508
42062
OAU
2863580
2864030
31926
2870151
2875124
33359
U
2862599
76859
51395
2871568
2877310
32346
2884519
AEEUA
48264
2871318
2879526
2888197
2895141
55700
2901988
2911876
2915826
33356
2916000
2916910
31332
55277
2922461
60704
2925693
2926488
2930648
103338
37964
2936590
AIEEA
2931663
26275
2940772
2942679
2944625
2948520
52050
2952490
AEI
56676
2959756
73815
AEI
AU
2946744
16607
56225
2952796
26260
2956790
34894
42062
OEUUEI
2937322
2939757
59614
OEUUEI
2943101
32818
48962
2948678
2956585
2960271
UEOOIIIA
35318
2943272
28101
2943287
2952412
43933
2956127
2964031
16985
2971155
U
2958310
2961361
2966367
IUOA
2962569
2967839
39201
IUOA
2970993
2980060
45524
OUAIAA
2971709
2976120
48734
EUOAI
41976
2957516
2964232
AIUOEO
2961277
2970399
2972447
2976002
2981456
2990351
32346
84440
49058
2999162
2999828
EAIAAUI
31332
EAUIOU
64504
2970094
26502
2975753
2976220
2983855
55103
2988012
2992361
72750
29346
UIEA
2987239
2991100
71907
43404
2993836
43952
56225
56681
UEAOIUEUEO
2982262
60639
2984348
2985999
78128
EIOEE
2967104
2976764
2982437
44906
2986640
51260
60087
2994408
2996177
3001635
33584
71229
3005799
19596
3012163
OIAUOAEOA
EIAAEAO
53071
66767
UUIIOOA
63836
2970856
76224
2972526
2978272
2987676
2987825
2995442
72613
34469
2996620
43404
2997418
UUIAUAI
IEO
2985966
2994835
61156
33359
47731
57143
43834
50038
33359
3004413
3013144
3014690
3015801
59077
40636
80294
38185
47736
22148
3016929
OUEOA
2997555
EIOEE
AIEEA
60087
29779
52149
68474
37237
58057
IEO
36769
2939535
2945273
68724
2952353
53470
2960648
45860
39990
2967082
IUAUUUEEAO
2942358
2950370
OAU
70596
38464
68724
45524
44438
2933036
2933332
34617
2936892
42062
OUIUEAUAO
IIIE
2906768
2913522
56045
2922217
2928309
UEUAUE
OAAOOIAEA
26908
2887444
2892430
54844
40430
2900112
37565
2907108
EO
56045
2905147
2907015
2910263
37237
2916175
2918421
40636
77436
56734
2926401
AOEUAOIIA
2917401
2920889
37968
2924106
2931612
2935355
2939224
AOEUAOIIA
45870
14138
2942394
2950062
IIEAAI
2938286
2942233
UIEAAEUII
2921893
2927398
2929765
2936122
2945735
2945746
2947637
2950598
AAIUEIAOIA
37034
IOIEAAIO
2921225
2926128
2935991
70596
23868
2945795
2955637
2956533
68420
33551
77436
24650
2957415
2961482
14138
55522
61590
2962593
2964962
2970371
48962
UEIAII
83899
32741
66767
2961661
40631
2964098
UEIAII
2962036
UIOOAAEU
2942389
2944585
2947321
2951860
2960567
IIAUIE
2940939
AI
27983
35698
55103
2921151
2928454
OAIIUIOIE
2911804
EOEOEOUIU
2909027
40289
2917320
56014
2918235
2924386
2931231
2938236
16985
2939189
AUA
26760
2916689
2918788
2922521
2931894
AUA
48981
AUA
UIEAAEUII
2925205
59830
2932791
86480
IOIEAAIO
2938476
2939660
2940904
2949024
87722
2957317
AUEIA
2936862
UOUAIAA
2912556
2915716
2917130
2923353
2925373
2932740
2940705
59054
55522
42274
2947160
2952800
77255
2956091
2959684
2961125
2970247
2971065
UIEIIII
2967222
80723
62257
2977005
2982184
61156
2988725
56734
OAAOOIAEA
67153
2971752
EOUOE
14138
74852
73741
43459
50164
89897
2971980
2974362
2981606
2984266
67282
44019
2985242
41132
2994065
36177
2998677
AIIEIUUAIU
3001703
16607
62254
37034
UIOOAAEU
41132
2990816
2996610
UUI
UIOOAAEU
2958463
54248
64851
OEUEUIA
2951289
UIIOEU
AEAA
EEEOUA
OOU
2903568
30218
80667
2912728
2918904
OAEE
51161
2907126
58683
OUAEO
43933
2905906
50039
62386
2913277
2921843
2931559
55522
2939348
22637
2945332
EUUIEEE
2933793
2941761
35698
2944422
2952781
2957774
44473
45766
2967244
2973319
2979765
16607
2983343
OIAUUUI
63836
AAEIUUU
45264
2940351
2946299
2949393
2958962
2966594
91861
44051
47627
51161
2971888
2973004
45870
2975784
OOOIEIUIO
UAEOEEAUI
25290
2962681
14138
47627
2964576
AOEUAOIIA
2967186
2973106
OAAOOIAEA
2958735
2959296
66767
80406
51781
2964572
58683
55879
34442
28101
31926
OAAOOIAEA
29259
2968438
2969526
52287
2969916
AIUOEO
69629
2961795
2970896
55522
30389
2972195
UUIAUAI
UUIAUAI
62254
67153
2952312
2956257
2962923
2964361
2966609
IUOUAEE
2943223
74055
2945096
28162
2949456
79979
34468
56681
2957375
76157
2958102
2962788
2966595
2975344
2981298
2989645
47092
EUUIEEE
2992035
2996411
2998872
3003274
3012606
AOEUAOIIA
2997842
3000295
3000363
3004819
AOIOAOEI
AIAIIIEAO
2970214
2970949
63836
2974152
46343
2981242
2985648
2993548
2995825
2998918
3005691
UEOOIIIA
3008614
63836
3010598
77255
3015790
3016975
3018253
3019542
3022611
EAIAAUI
48919
OEIU
2980225
OEIU
2971643
2977442
2987138
70814
64590
41132
44051
2989454
OUAUA
2968038
2971280
64851
42096
AIIEIUUAIU
2964256
2968988
2976663
45766
2981354
2987902
2988075
2994873
2998304
65787
3006350
3011040
3011910
3021112
48017
3023305
3023517
48194
3027188
22637
3027718
3036078
IEAUEOO
55700
3027319
EIU
3017030
3018416
48456
91208
92448
63231
IIEAAI
55412
3019750
43204
52023
3021536
AAEIUUU
93379
92347
3015701
47092
58683
3016546
48981
EEUOAI
3010104
UIEAAEUII
127837
2987340
2996254
3000328
EIOEE
2991200
79835
43204
2999473
3000837
3010415
80723
123781
3011969
46583
47530
3016631
3019972
3029168
EIOEE
98271
3034378
I
72613
3036265
3038921
3039599
3046085
EUOAI
49165
47736
3021623
3024871
3029896
26760
3031812
EUOAI
42947
3031711
3032914
3038617
OIEAAEOEA
3018159
70163
47092
47429
27983
3025143
EEUA
3028878
16985
59536
41976
59444
E
3007954
42947
AUEIA
2996029
3002941
UI
2991144
2998004
16985
58180
77255
3003166
61860
UI
39822
64590
42096
69987
AA
OEUEUIA
2986608
2996592
45766
68509
42947
45471
21325
3002337
3008228
3016759
3017627
74087
46104
3025912
68899
3033943
3041954
3047812
39656
3050655
AOIOAOEI
73315
57604
57441
3045109
3049801
3049948
3055013
OUAIAA
3042919
3045497
3048394
3050634
56662
64952
3059750
37785
49374
3066037
3069475
AUEIA
AEIOOEII
22637
78256
16607
3051244
OUAEO
3047503
40189
55412
42738
3049839
3050404
107395
3052151
3059143
EAO
56362
3053787
3057277
AAIAA
75569
3037466
I
57568
3042182
3046272
3054204
3061002
70163
49270
3064788
3071486
OE
3070026
74477
3075204
55412
35698
80948
3082625
3087274
3088177
3097145
75124
66179
3101807
107395
3105561
3112231
36998
16607
3117876
3126695
56164
3130031
72646
31234
3138677
45428
3146536
3154672
UEAOIUEUEO
3144421
45322
3149169
49270
3157361
3160495
3167987
57609
57568
25290
3176136
3181816
IOIEAAIO
AEAEAIOE
39656
IUIAIII
IIAUIIEOI
3110422
30887
74055
3115535
3118054
3124896
3131799
3134030
3135978
3139322
67379
3144202
3146828
3147125
57441
51978
3156487
3162788
37785
45428
3171277
62545
3175424
3179690
59830
3188385
3188940
71557
3197022
3205763
49001
57604
IIAUIIEOI
IIAUIIEOI
UUUEEEEUA
3197275
3202508
3209626
3210868
3212875
3216720
3226349
3236085
55285
AI
59830
EEUOEEEIU
3217405
107395
69018
51061
3218541
AEAEI
3195298
3203932
3208888
62650
50039
3214669
AI
49914
64808
3191187
3199302
UIUAOOOOE
3188679
58180
AEOUUIUO
132847
3179605
3179623
3185750
77255
3189410
62171
IEAUEOO
3190899
3197517
3202323
AIO
3203841
3212191
A
3199725
EO
3192487
71229
3201785
3211251
EEAIOEEAIA
93379
OOAU
56362
62377
75124
3192113
80667
45428
3196845
58305
64808
49842
UEIAII
15784
3195109
3202556
54278
15784
UEOO
58180
95460
88549
72683
3180856
3185517
64590
3192808
3193143
3200208
UIUAOOOOE
88549
55412
UEOO
3178548
43557
3179037
39656
3181441
3188320
71653
UEOO
3190726
91893
3200520
OUOA
3188222
3198132
57441
42096
123781
3202241
3207575
45169
28653
90972
3215761
59302
3223228
59077
3229481
3232553
72646
EEUOEEEIU
3227201
3227529
EEUOEEEIU
UAUUEOOE
3205196
3212226
3219817
73093
48083
3226490
49914
3235565
60238
67879
3241643
3248061
3250434
3253115
OAAE
3249490
3250417
3258498
3264356
IIAUIIEOI
50039
UUIU
71653
3238449
UAEOEEAUI
42652
AUOIAA
45490
40104
49055
AUOIAA
IAAUIOEAA
OUEOA
82918
67885
3157263
3160088
71653
OIEIAEAOA
IIUUOAUU
56662
3133631
35992
44908
61449
47375
3143209
3143263
UOUAIAA
3141798
3142986
3147300
OUAEO
3131057
EIAI
EUEIU
63402
44908
3116175
53713
3121799
51761
3131473
3136243
3138998
63402
32578
3143161
3143647
IEUUEOOIEU
98443
58057
3137960
3140648
3144562
3146777
3154922
55335
3164715
3171584
82918
3176707
71653
3177695
3179178
58562
3187343
22637
32578
71100
3191042
36177
98443
3195375
50577
3195897
3204886
3213428
3215253
IUOA
3219160
3224577
3233126
3238949
3246143
3249322
3252018
3256175
82264
OEIAIUIOAA
62171
67879
EOE
55522
3226991
EOUEUIUAO
3225050
3226736
48083
3228975
IUAEAOOAEA
3216117
3216741
IOIEAAIO
79525
3205771
3213569
3220996
52426
3224798
3225349
3227127
3231553
38943
3235096
82178
44051
UAEOEEAUI
AAOOAUI
74115
3195588
3200369
3203222
EIU
87722
3206875
3211884
IUIE
3200003
75089
3209919
AAIAA
3184470
AA
3176342
3179753
73315
30218
3187444
75089
3189028
3194514
75771
EEEUOOIUAI
3175159
3184538
71742
IIOOO
3162919
3164054
38943
3173927
3182691
3183197
3191493
3195041
3199692
52096
IEIU
3198952
61810
3206265
UIEAAEUII
90972
3201995
3210592
53515
3212617
3221444
3222036
3231813
3239734
3246443
61287
3250253
50180
UIUUOO
3229984
3235408
3241385
A
55285
3241603
3251233
66480
70643
3251483
85818
107686
EIUIEII
3236095
3236653
IEEO
43465
3220027
68509
60238
54844
3226003
45322
3226017
3234789
3240253
3242334
3247701
3250803
55131
3253482
101297
3260526
75124
57564
OUUU
50249
3255578
3265547
34468
3275328
3281647
3285208
65779
AEOUUIUO
3279411
3281923
48962
3291894
AEOUUIUO
3277412
75628
60987
3277815
3282674
3289552
38943
3289558
39812
72110
57564
60065
3294405
IEEO
45751
3280802
3288256
3290548
3299353
51061
57076
80303
IEEO
45322
3296040
3298313
3303804
EUAIUU
3293874
61810
OEUEUIA
75628
78229
101297
3283858
3287231
AIAIIIEAO
3282195
3289283
3291076
32578
3297116
51761
66480
3297467
61287
3302265
OEEUO
90291
10704
35992
3283808
3290946
AEAEI
44701
3293080
88009
IUIAAOEU
3281935
3282557
59830
3289523
3297079
3297695
AAOOEAOIU
73315
EEEOUA
3269542
3277592
3282035
3287438
3291485
49120
OEEUEI
3286014
3288880
80248
3298180
3302685
3307675
88933
3312687
50577
3315929
43037
3320121
3323316
3328969
85818
3335431
44908
3338476
3343207
44051
3351153
3354330
3357194
3360167
IAIOIOAA
3350308
75910
3359721
51761
OUAEO
19794
3351605
3357529
3360698
74055
75616
34050
3365038
IAAUIOEAA
3341564
3349605
3356546
32578
59830
3359549
79723
IEEUEEEU
47375
3345584
57609
3348522
3352864
3357057
60065
79723
3361321
3370149
28653
3380011
3382168
70080
IEIU
51061
UIEAAEUII
65399
3354274
101297
44701
83991
48962
3361402
3369870
3377624
3377839
3381720
73738
43305
127264
69018
3382186
83883
72110
IUAUUUEEAO
60237
3361635
65618
70025
3371489
63474
34050
3380307
AOEAIO
3372590
AIAIIIEAO
EIA
27728
IIAOUUEA
3311410
100203
66442
50249
82438
3316655
42467
IAAUIOEAA
3303291
IAAUIOEAA
90972
UIUUOO
83991
41030
3297147
86434
60368
3302733
63474
3306304
93110
AAEEOOIUI
28653
51778
EEEOUA
3285447
65683
3285565
IAEUEAUOO
3276473
57609
3286115
3287154
U
3277449
3278415
92347
50805
3282924
75628
42736
3290014
3295976
69018
3303346
AUEIA
OOAU
76169
3251220
3251347
EAO
80248
3251288
72744
34468
3258991
75410
3262073
EAO
3267504
32346
3272546
IUOA
3266526
62381
92825
3273687
3279683
3281647
3283124
30218
80831
EEEOUA
3273406
71653
AEAEAIOE
UOUOOE
45751
3232188
3233931
82465
UUEIA
EOUEUIUAO
IEEO
3201190
69924
30218
86674
48541
3202500
3208255
3212167
45322
87100
34050
3215113
3215771
IEEUEEEU
78256
UAUEA
AOEUAOIIA
3181575
77057
AOO
3175700
56362
3180893
3181812
UIIOEU
66367
3178841
3180902
55882
64650
75410
UIIOEU
3180095
3187677
IUIAAOEU
IAEUEAUOO
OEIAIUIOAA
3143231
UI
75124
121703
58562
3137225
3140176
AU
3129582
55285
UEUAUE
EIUIEII
63691
3095894
AIEEA
3097780
OEEUO
3081138
22700
3090974
65618
90291
3099590
67662
EEEUOOIUAI
3086909
3095789
71229
70825
3100978
3101077
3103536
3105329
3112430
IAEUEAUOO
3114391
3114700
IAIOIOAA
3096366
3097733
3098196
3098636
3103887
3111202
75910
3115406
73303
EUEIU
3089841
3099377
129171
100883
3108783
3111116
73356
51778
3114752
3123254
3130848
3134209
3142058
87311
90431
3144794
63607
53515
86674
3147843
3148338
IUAEEAE
3138951
3145682
3147376
44051
3150583
3152329
109816
EOAEEIEO
3156045
3161328
3161972
UEUAUE
3142560
58562
3145755
61865
80248
3148330
48681
3149051
3155367
44997
47555
OOU
3131764
3140019
84611
79681
3142853
67153
AUOIAA
106874
3124373
IIAOUUEA
86674
3120787
OUUU
44997
AAIAA
3100421
3106858
90346
AU
74087
3090616
3095864
3099307
3104618
3113023
3114639
3117303
IAEUI
50113
3099976
3104950
45780
58529
AEAA
3096658
3106463
3113591
3120148
75581
32346
3124225
86532
3130705
46941
3135067
42467
3142781
58525
3143053
82548
67662
3146077
3154403
116795
81918
3161927
40960
3162920
60825
IOIEAAIO
83903
3142429
IOIEAAIO
3146790
84224
3149363
3152260
OIEAAEOEA
3146989
3154014
3159678
88527
3165903
3167978
3176022
3179698
3182440
3186975
3190358
3198340
3205013
64233
59740
3205189
OAEE
AOEAIO
75628
3171947
78668
57826
90291
73356
3179657
50496
3182618
60636
49071
3188012
87100
3193832
3201921
3203797
EUUIEEE
EIUIEII
OOIEUAI
AU
3123206
71742
50089
81320
3127895
69825
55462
IUAEEAE
3111063
3114672
3117461
AIIEIIIA
3093178
3102136
67662
3105841
OOIEUAI
76548
3089020
58529
56489
68659
3098347
3102898
3109460
56523
27728
91887
3116399
3122008
56896
51778
IEAUEOO
3099124
3101717
3106933
89021
IEO
3098384
3098578
63691
3104381
3108892
34050
EOE
3108994
EOE
EEUOEEEIU
3100455
EEUOEEEIU
3102062
3102556
88127
3109483
3111291
50089
77057
132847
49596
74301
3112812
3121695
3129523
51962
49596
3132292
3136976
3138287
3138486
3142840
3146022
55522
45865
3154914
3163345
3166911
62971
44815
82876
55522
3167685
77856
3169839
3179676
3182884
AAAUAIIO
3155136
3161381
3169094
78256
3177085
3178925
3187713
100331
EIU
44815
3169210
3175483
3179115
3188806
76803
60825
3197829
75124
100883
49165
EOE
EOE
3190468
3200321
3201329
3208606
3212519
81576
3220138
3223071
3227680
AIIEIUUAIU
3212216
3220730
EOUUOU
61810
OIAEOOEO
81918
3178491
3178898
3185542
UOUOOE
3169336
67885
3176373
3185423
3195314
48415
3203174
3206567
3209505
IAIOIOAA
3186406
3193380
IAIOIOAA
IUIAAOEU
73356
3164665
3164921
93139
90335
3170658
86532
3176168
61137
3181753
EUOOAOIE
90431
3164695
80171
60238
EUOOAOIE
46941
56912
3172988
64980
3173106
EUOOAOIE
IIOOO
77230
3165915
61922
69825
3166667
76548
89021
64522
IIOOO
EUAIUU
3142952
3149539
3158158
3158699
49515
3162879
89796
73041
3168163
49355
3176431
3183468
70332
49253
35261
3187637
3197184
3203884
3206238
AEEE
3206175
68305
3207855
63312
64522
3211039
3212005
3220102
3224708
62971
19076
AAAUAIIO
3205790
3210970
IIOOO
3196110
3201372
OUIUAEOIE
57564
52135
3185009
AOEAIO
3169371
3171020
3175441
61810
56489
3184068
3189525
89918
100331
3191569
AIEOIAUAEA
3190477
3195755
34050
3197737
74087
3198301
3201385
73356
3202780
3207242
58950
3207831
90635
3213397
61554
3217800
3224090
3227331
3232986
63691
72118
3238425
3246109
69825
3250285
3256204
3260559
EIA
3249289
EOE
EEEOEA
IEUUEOOIEU
EOEOEOUIU
78668
IIIE
3133191
3134049
3141235
19076
3146372
3155361
55995
UOUOOE
3153617
47555
OE
3154533
3156205
83236
95244
3165358
83201
3174757
EIAI
3156934
EAUIIIAO
3139314
3140681
96395
131541
78870
61554
3145464
77659
IUAUO
3147809
3157149
3161410
3167829
91950
75464
49311
53403
3171207
3179142
EEEOEA
3160141
3164965
65683
3167044
AIO
IIIE
3152881
114593
3162512
3169041
68322
3178705
3179595
132847
45152
3185017
3193157
3200486
51420
3202545
77149
3203116
45470
3205975
128472
AAIEAUOAOI
3193826
3203321
3210184
AA
3197341
3204454
92374
3209541
69528
3216480
3221584
UIEIIII
3200219
IIEAAI
3203090
OIEAAEOEA
3178583
106874
69863
80248
3188221
UEOOIIIA
OUAEO
3147787
3152585
3160484
3169195
3172016
90635
69825
3175706
79213
58056
3182204
3182647
67874
3184774
39210
83236
3192496
41816
3194317
3197662
62631
67885
3198178
3199568
OIEIAEAOA
3179928
AEIOOEII
132847
EEEOEA
60140
35261
3150193
42730
3151972
IAAUIOEAA
43124
19076
58529
87797
IAAUIOEAA
51420
78668
3135222
3139196
49071
UUIIOOA
EAIAAUI
3125794
3130591
3135447
IUIE
3127189
UI
77149
3110405
85493
59685
76169
OAIIUIOIE
3102695
3111257
3111427
3116851
3122965
3128350
85665
68659
89640
3134286
90635
82548
3137106
88127
3142018
3148383
3150431
3151485
EUEIU
3139194
AIEEA
3126784
22700
UIEAAEUII
96823
3108252
EEUOEEEIU
68380
IEAUEOO
85493
60238
3086270
3095852
3102567
3105585
3114693
UEIAII
3109001
76022
AAIEAUOAOI
3102420
96823
88565
80248
92747
3103070
3109872
EAIAAUI
3112509
UOOI
77108
UOOI
IAEUEAUOO
88565
45511
3090838
OEOIIEI
3073438
EAUUEUUAU
91894
3066246
45511
AIIEIIIA
3068611
AIIEIIIA
68322
3068294
3075070
3081809
3083917
3092209
3098990
3108603
69528
3115461
3124247
AIIEIIIA
AUA
3126567
