5070
10591
0
0
14942
0
0
0
0
0
0
0
0
22572
29756
33391
0
0
33437
43164
47537
0
0
51694
0
0
0
0
0
55546
0
0
0
0
56086
61255
0
0
61571
65990
UOIAOAA
42395
45428
46068
51176
56592
0
61597
UEAAAUO
AIO
39132
39306
0
0
0
0
EAUA
26944
AAIIAAOA
0
5169
23587
0
0
28495
OOEAUEEEA
21289
4660
OOEAUEEEA
UUIIAA
14017
0
0
0
UIUOU
0
9187
9978
14663
0
0
UEAAAUO
1686
0
12156
17419
26340
0
26441
33068
0
0
0
36962
41869
0
42974
44116
0
48943
50348
5169
IIEIEEI
0
IEUOEEEAEO
28533
34729
41924
50213
9727
AIA
0
0
40432
42990
50378
0
53771
0
791
54752
63968
68892
OOUEEIAUO
OOUEEIAUO
63148
73022
76618
0
0
0
0
77223
84713
0
91342
100559
0
9727
UEIOEEUEU
IOEOIUO
0
IOIO
60909
62649
4574
72288
78222
82799
IIAA
0
0
UAIUEIEAOI
69543
79021
83500
88061
0
97519
103451
UAIUEIEAOI
109515
1686
115038
UAAEOUUUA
AAA
9727
98198
AEUOIEIAI
0
6675
70620
76467
0
AEUOIEIAI
78969
0
0
83961
87907
7986
88085
IOIO
0
OEAUUOI
46840
53425
0
57695
0
62518
64489
70662
71485
80425
0
6196
90216
93827
101
93980
99492
UAIUEIEAOI
95500
0
101330
0
OOOUOOI
0
93710
4621
95276
96644
AEEEIIUAEU
91403
IIEIEEI
EAOAAOU
45025
49775
53940
55339
58808
60690
5932
66034
7490
71725
76932
81350
UAIUEIEAOI
AEIAE
0
66164
74838
84675
92898
98454
0
0
105286
E
0
95915
OOUEEIAUO
74342
76106
1399
77151
0
3469
0
IOIO
6627
79998
0
17210
89859
92565
0
92693
95454
0
3946
97750
104624
111531
0
120568
OUAUOA
121356
121433
130400
823
0
11228
EAO
0
114244
0
0
122742
UAUIIIAAIA
124535
UAUIIIAAIA
IIEEOOII
112648
5122
113464
122296
0
132272
0
IIIAE
119070
0
126445
135715
5830
IIAA
AUUOAUUIUU
AAI
9458
74300
78878
AIA
58952
0
9832
0
178
67164
IAOIEAOO
4621
66261
5756
0
75500
EUEUAAUUE
71534
77751
87587
94656
4750
98393
108125
OIUEEOAEOA
UAOEIIUII
78495
83716
0
93431
98331
103164
23131
5932
3852
0
8498
0
1045
112514
AOIUEO
AOIEEU
80894
81027
OO
0
58686
0
4621
AIA
43558
0
6675
8564
5556
UAOEIIUII
IIIIA
1908
5477
9727
8051
10448
9727
UOEIIAEUAA
6649
9764
10941
8635
14149
0
14906
24450
33790
37435
45524
51445
59270
68182
74503
0
4621
82371
18606
91312
93280
99200
18535
9376
OOUEEIAUO
98068
100463
102190
109791
117386
AEEEIIUAEU
114010
AEEEIIUAEU
28425
101
0
116241
116830
125106
4908
126598
8635
8564
6832
135656
144902
148482
1105
157542
166397
0
3852
167580
17261
169583
16518
18606
179298
183497
192860
198652
204157
207849
EAO
209353
UUOAAIIO
AIO
165605
171466
180513
8212
185920
190115
8635
16569
197762
203343
206191
209091
211153
213135
219184
12393
225735
234393
6967
OIEOUOUAO
229184
UOEIIEEEEI
211690
0
9255
AIEIEEEIAU
202275
203431
203757
207741
215236
18907
219988
10865
0
8852
OE
0
206195
207005
AOIE
186143
188493
194427
10626
5316
195667
IAUU
3569
27875
20169
37094
192842
18907
16943
7490
197414
EOEAO
192872
EOEAO
EOEAO
193782
200004
208331
213955
0
5207
EEI
OE
0
199523
205091
208388
0
212314
215108
222798
128
UUOAAIIO
195708
10865
4614
5207
203728
9727
206759
212180
0
221236
0
EIEUUAIIO
EAOAAOU
0
7184
EEEUUO
183447
192785
194160
14337
194440
IIAEOEUOEE
19191
7848
7490
AEEEIIUAEU
158312
161996
168025
168878
176979
7388
180441
187565
192350
195386
4621
201610
IIIAE
24921
185854
189612
198483
3984
206050
207255
16328
17107
16328
21596
16432
13479
213309
220730
225430
226210
232862
233759
242232
250217
9478
17261
258716
10085
OAUUUAEA
243909
UOEIIAEUAA
231708
EEI
229168
IOEEUI
IOIO
IOEEUI
164609
165861
IOEEUI
169033
177786
15251
187437
11782
EOEAO
179551
8852
12798
AOIE
175258
181739
26963
11243
189844
IIAA
0
171022
179222
184214
192358
21596
197383
1105
200987
209868
212497
24749
EEUEUA
6675
26963
205864
213496
214669
5363
3984
12393
A
9832
11997
UAIUEIEAOI
194823
0
9458
196517
22536
24921
AEIAE
171040
173087
4833
182258
7184
IOUAE
182609
OUAUOA
0
8855
AUUOAUUIUU
154460
5934
154707
161445
165033
AIA
148000
15818
7886
154469
4548
45114
6745
162635
163326
163492
173110
174866
183125
192763
201663
13479
202966
4270
207934
216212
0
220303
225040
7184
235020
4548
235308
11782
236647
U
UAUIIIAAIA
UI
204723
3984
206500
EEAEEI
199350
206977
214374
218876
4561
0
8855
12111
222120
IAAAOIIUOU
8498
UIIIA
4685
200275
201200
209496
211510
14820
211683
221131
223396
19411
227567
235022
UEUIAUAUEO
220963
IAUU
206662
3894
IAUU
1566
203218
203349
211078
9260
216189
0
222842
227824
234084
242139
247840
255088
IAUU
17141
260077
5273
265045
8852
UEAAAUO
258328
8003
32477
EUUOUIOI
9458
244424
11782
4750
10129
12111
246880
2395
UIUEUAO
244949
7972
UAOEIIUII
OU
201439
2146
UAOEIIUII
24970
175234
183164
OOEAUEEEA
IOUAE
138674
956
3663
138963
IIAA
123196
128639
136240
UOUIAIAAE
123418
131498
3159
1566
134952
1205
136951
13700
15477
1566
0
4270
137391
O
119578
AEAAIAUUAO
109233
114387
8852
OOUOUOA
14820
24968
0
97650
103071
107283
110075
28214
27686
115979
OOUOUOA
116066
124606
128994
UAU
14820
27538
127224
134206
140908
IAAAOIIUOU
10626
8635
128636
0
134730
4561
UAAEOUUUA
4750
EOEAO
EEAEEI
10148
113171
123111
UEOAUO
I
11370
80830
81535
83371
84503
I
91570
98986
8219
UOEIIAEUAA
92417
41925
98104
105605
12042
112841
115536
4685
123683
125044
10148
134761
135690
137813
18748
140655
144042
146132
15161
149042
UEOAUO
154911
161625
166256
AOOEAIUU
IIAEOEUOEE
0
133068
135151
142612
8750
148291
155210
OEOAAOUAAU
146926
IUAAAIAAE
OE
123083
129703
AU
117665
120587
128401
136202
137666
138130
E
19411
15552
132022
UUUAIU
115234
AUUOAUUIUU
101129
109390
IUUU
98000
103596
111379
17366
112719
10261
39980
35032
115856
122470
8750
130470
138975
145339
5363
EE
EE
0
4750
118767
125597
131576
16056
24209
132303
10617
135534
138001
140546
EE
31116
142643
145455
0
155006
158195
162773
166982
176328
10617
24209
182088
184229
31687
7234
191435
201282
209177
UEUIAUAUEO
14103
212071
217371
IOIO
214995
219032
5363
226826
235796
242688
15599
243945
9164
18098
OE
11613
956
234105
236109
OE
236697
9255
5934
237064
31116
237714
243606
252233
9164
257832
265222
267975
14238
IIIIA
14238
257540
264544
268171
268312
9751
15231
15640
UUIIAA
24630
256446
259502
262981
266655
267392
18413
267740
271309
3159
280721
289698
4485
IAOIEAOO
20108
IAOIEAOO
285147
292393
299587
O
294167
303322
305896
24968
39980
31971
16056
309431
29952
315844
17067
1105
O
EAOAAOU
290471
290639
300125
303190
36725
17107
19156
312133
313838
318946
15669
328013
336146
340814
4750
24749
EAOAAOU
UOUUAOI
316758
18863
UUOAAIIO
10708
UAUIIIAAIA
287902
AAUOIOI
271859
27003
17141
277657
EOEEUIEAE
19156
271982
8712
280673
17141
287996
297239
300806
AAIIAAOA
17107
15720
AOIE
260156
38906
269230
OIAIIOEOAU
271041
280812
289204
294453
0
299925
300365
46071
AUUOAUUIUU
289090
28214
289971
290010
15617
33463
297235
3159
297860
306463
OOUOUOA
9751
25870
20757
298276
15720
298789
299219
15818
305975
315190
323072
EIEOI
UEUIAUAUEO
300662
301062
12377
17141
307469
310036
EOUUOOEI
24209
5934
IIIEI
278615
286801
289381
296938
297063
300386
18415
20471
306602
14988
316454
IIIEI
321965
OOAE
315886
317987
318141
324217
28214
331507
UOIAOAA
322573
23043
332284
38906
20471
340916
UOIAOAA
15617
338215
7083
344178
345037
353737
357335
31641
360134
360344
366235
35032
366992
15786
38906
5363
375022
381143
4750
385041
388540
EAOAAOU
7083
386102
1257
EAOAAOU
35032
16565
393756
403147
410059
411171
10454
12377
16565
IIAA
393859
398480
33708
408073
415815
425089
33606
425556
426574
EOEAO
EOEAO
18415
37914
398544
407865
408770
OO
398576
21656
20471
33463
10667
398768
11997
9881
405716
411370
EIEUUAIIO
47590
391494
394086
400388
409951
418012
16555
421301
428978
434210
436736
440736
445438
450701
459885
EIEUUAIIO
38002
UAU
455001
14103
11118
IOEOIUO
436884
439138
441064
446113
455360
IOEOIUO
454650
457873
17110
467376
1205
468527
28214
473623
UUAIEIAE
471168
474468
481724
489345
35032
31261
498681
24209
14238
13061
505718
512348
518280
17067
31971
36199
0
524003
526708
535807
40327
540269
550214
552101
561748
UOUIAIAAE
7083
10454
28385
563476
564235
571694
581364
UOUIAIAAE
584553
590084
596281
18708
600949
29721
18269
604274
54722
IIIIA
EUUOUIOI
18415
OU
31896
555909
28623
EEUEUA
545653
551668
14420
20742
554008
556294
0
27003
565503
24968
571163
578177
579756
21656
588299
589476
31971
54722
20048
37954
AE
38816
15599
576290
580484
581219
588014
597664
AOIUEO
577021
584118
590102
595447
6786
596541
13693
20742
598304
606585
609196
11997
618075
618944
21891
627115
628291
19156
631126
35032
29721
31641
634976
UIEUAUE
12876
631548
23341
638036
1205
17201
647099
655679
AEOOAU
31641
26551
632856
642122
0
AEEEIIUAEU
13479
17201
20788
630407
632186
0
18863
638319
12177
644880
645273
7026
649963
23539
8038
UUOAAIIO
54722
640642
UUOAAIIO
643065
21656
648808
650247
1205
14238
656162
EUU
634209
639197
26551
641524
650130
UEOAUO
643267
10667
6387
651484
655135
662108
668371
UOEIIAEUAA
20788
658443
AIO
17201
12332
639694
0
16680
640612
642587
EAUA
645897
UAUEAAOUUA
637067
646654
0
649952
24004
40303
659284
662316
664901
18863
EE
647611
656714
10771
0
38002
664057
22583
OOUOUOA
6786
658820
664149
669822
679407
687064
17201
695686
30940
17201
700950
709071
UOIAOAA
713900
5581
IOUAE
716119
723713
727914
730521
736845
24126
UUOAAIIO
22583
UEOO
719863
36962
OOI
27003
33390
723697
12377
20788
727815
AAI
IIIEI
12732
712764
30940
1257
12876
722344
727070
6675
736520
738853
740235
748308
758228
40554
30940
764737
771312
20450
10771
777344
784438
793411
798415
63372
801383
804052
812038
UIEEI
802322
7664
UE
10482
36199
6387
787929
38553
791570
28681
794676
32519
29721
35507
804167
812436
820368
9751
823929
6786
832947
840229
16827
25123
20134
847716
854379
854912
860101
12377
866360
867500
9751
26948
869718
10482
870141
872008
35507
15822
6387
874446
875097
876066
880615
882040
EOEEUIEAE
UOUIAIAAE
OIEOUOUAO
837032
18656
40230
839047
26735
10055
26551
16827
840295
9751
15617
28213
847053
850478
5934
855694
862116
869193
877242
881320
IUAAAIAAE
35316
870487
40327
877078
AEUOIEIAI
AEUOIEIAI
859747
AOIE
16680
OOOUOOI
AOIUEO
798283
804104
812467
813204
9939
63372
814482
2906
819467
828595
829155
AAUII
810674
17767
26735
23624
811991
816117
821312
830592
839740
846667
848962
848974
857945
867751
17201
877132
OIIUE
25264
860138
869050
876782
28623
886056
31971
OOAE
868433
10482
873100
873373
EUUOUIOI
853253
25264
860902
869507
874269
876722
885270
886795
888348
891867
46071
25264
0
892951
899917
904065
13671
908651
28213
914082
36199
12146
922330
925458
AEOOAU
907272
910759
919078
IIIAE
6675
46071
101
918473
UOUUAOI
913480
919890
38725
923831
925261
933521
935254
13693
937232
26551
942684
942785
29396
947763
953554
33277
962212
967896
OE
27583
944431
14088
32267
944472
41331
28681
AEIAE
OUAUOA
IUAAAIAAE
EEEUUO
875146
1257
876296
886027
894149
897951
901439
20134
906108
908714
EI
63372
883116
883955
36199
889883
O
883856
885530
895352
27640
10482
UEIOEEUEU
10482
AIEIEEEIAU
UOEIIEEEEI
853717
AAUII
847217
850687
859335
864104
30940
872784
879097
16329
24209
16362
883751
886676
OOUOUOA
886374
887196
36556
44760
894275
7114
899359
36303
16329
30185
901957
38841
905825
915226
24004
OOUOUOA
47808
918981
920824
20037
36556
OIIE
26948
29721
26943
22583
905217
16096
909531
UOEIIAEUAA
IUUUIOE
54722
884545
886689
891742
900641
902178
902753
37954
903839
20134
904596
907933
909247
915594
12732
AA
887586
23156
AA
20757
10482
893429
900612
33933
9443
25443
906296
8382
EIEUUAIIO
33245
26943
898564
16827
33245
907902
29681
EAUA
28364
902163
AA
26948
879786
15552
28899
AEOOAU
E
25033
OOOUOOI
844272
51593
853587
855711
860911
866131
866825
54722
OEAUUOI
855237
41631
861980
UEIOEEUEU
UI
1257
853838
UI
37914
23409
40327
833772
834572
840108
843077
850731
36556
EIEUUAIIO
AAI
814499
823738
833254
48789
836647
46798
840133
22583
844602
851670
856381
36098
17541
856843
28899
865669
868080
AEAAIAUUAO
847699
IAOIEAOO
834031
EEEUUO
56286
805372
808790
23156
811837
818547
33682
825977
EUEEAAI
16680
817458
817590
820525
823452
831693
837641
842645
848508
23116
856335
22438
25546
857718
858343
21549
865064
874312
OIUEEOAEOA
854117
857823
17196
860111
AIEIEEEIAU
12377
856222
28306
857172
866598
9751
36556
32361
1257
874436
46071
879189
UAOEIIUII
36578
OOOUOOI
861493
26691
862444
862510
869374
17541
876721
IAAAOIIUOU
865031
868909
869040
873700
880097
14238
20788
47820
885284
44417
UAUEAAOUUA
861524
AAI
AAI
860585
40200
869509
870888
AAI
26691
867068
46142
873366
879886
886516
890843
63372
892413
899691
46071
AEUOIEIAI
52101
878355
41331
EA
862499
OO
16306
852330
20788
854397
16329
863020
28364
16827
863189
863607
873156
880183
885057
UAAEOUUUA
14357
UAAEOUUUA
49137
869025
2906
IAOIEAOO
861311
41331
46142
867971
IAOIEAOO
46058
19626
17734
874892
33682
881937
885571
892858
901344
909551
913196
28306
918289
919865
920880
55699
924853
IEUOEEEAEO
901916
62990
909484
917442
927433
IIAEOEUOEE
45720
IUUU
51593
893013
899871
IIEIEEI
898587
902419
910815
34627
911123
AEEEIIUAEU
911948
12377
918351
925945
AIUEEE
918448
OIUEEOAEOA
UAEU
881953
47673
889800
891232
898778
908380
917728
922557
UAEU
OEOAAOUAAU
894027
16362
AE
44848
870063
872537
53411
879326
9707
886697
892829
902024
903420
28306
IOEEUI
890826
25154
IEUOEEEAEO
891025
UOUIAIAAE
28364
873327
880109
885712
892517
46273
895977
904931
908103
917336
921616
925432
37908
47673
933601
934569
UOUIAIAAE
22079
932787
33707
UIUOU
21560
916461
920753
930337
939334
OIAIIOEOAU
49016
24729
913796
OAIEIUEEI
888469
895034
10965
IIU
33480
895034
42484
67962
901659
15435
902139
908411
913324
OEIUIOOE
43927
895061
16329
OEOAAOUAAU
871661
44470
878811
884656
UAOEIIUII
17977
9148
14572
857319
860655
870150
878335
47646
880610
27057
35520
882945
891400
892739
39914
899895
5934
902099
58868
906723
916355
922271
21561
9148
928015
936556
940167
947803
956239
46058
48095
OOUEEIAUO
14572
IUUUIOE
938317
14308
946665
948787
951026
47646
27057
16362
10508
26074
951577
961284
UEUIAUAUEO
943554
42482
25561
EOUUOOEI
UAUEAAOUUA
914352
917250
917702
38734
EOEEUIEAE
OUUI
909267
59187
IUAAAIAAE
37418
888279
891605
39914
7729
895063
895247
898454
18160
AUAAOAOAEU
889426
42484
44848
62990
897924
901303
905201
912136
920544
14308
926043
927488
930601
934602
936213
937177
946446
EEEUUO
920931
26691
27003
13671
925305
44470
62990
24004
928156
UUE
39843
AE
905086
911436
IAUU
20071
15788
32257
909131
912450
24004
18160
921250
OOUOUOA
76753
899369
18149
909199
43618
OO
897779
907036
911923
918321
927975
47808
37908
UEUIAUAUEO
34627
UEUIAUAUEO
915660
44848
U
66765
U
42482
899622
32561
EEUEUA
888381
16718
888521
EEUEUA
885078
7729
893820
899808
33707
906517
913744
IOEEUI
IIOAUIIAAE
889655
894797
E
879792
27856
886728
E
893844
27856
899959
48095
901835
53411
54720
29544
909118
55277
917562
927479
932664
31135
932889
15435
935035
941880
944681
953960
958431
47808
30031
964576
966966
58089
33384
969998
974052
OUAUOA
953866
36282
956739
41631
UEIOEEUEU
927938
931601
939363
35414
49376
943075
951616
AUAAOAOAEU
942361
948776
22079
954266
IOEOIUO
OOUEEIAUO
IIEEOOII
49511
899576
33682
901928
UUAIEIAE
880850
882533
58596
884596
23272
63076
893570
901191
909249
912075
32561
7109
44796
UIUOU
908236
AOIEEU
OAEAEI
22993
867615
IAUU
30451
10965
18217
OO
AAUII
809948
IOIO
810899
820649
33933
IOIO
824655
830380
A
808750
817046
34627
UIIIA
813783
48262
814072
25154
15884
821404
824266
27713
29073
EEAEEI
818994
827524
830347
835295
43605
837154
UEOO
OEEEEU
809774
813652
49913
OEEEEU
59289
822174
828076
32232
55277
23272
833876
UEAUEEIUU
63265
838790
843045
847881
851450
855144
OIIUE
UAOEIIUII
AEAAIAUUAO
795750
48262
800097
66624
26979
808912
817698
OOUOUOA
29073
40327
47367
796704
66624
800054
27058
58413
12377
U
787767
OAIEIUEEI
10508
761422
765890
37974
17783
51810
771202
42229
39392
5934
775281
783267
792974
EEI
55588
16329
775844
783428
46977
43618
792194
792470
62079
801012
26563
48262
808804
34125
66462
813680
817985
48949
819183
66624
OIIUE
29706
58904
797592
800064
44062
EUIAO
784645
792342
800833
808679
UEIOEEUEU
25154
799976
10965
806170
42651
814997
46142
820118
825038
828344
32366
42236
833431
34279
839250
841519
51380
842117
846799
853719
860774
AOAUUEAOOO
29084
EOEAOUA
826190
48949
26691
829237
59289
832699
42524
EEUEUA
814689
22993
U
787817
795252
804536
33933
UUOAAIIO
35439
808011
55277
49978
813120
815205
49511
816201
41182
43938
816268
75910
UUOAAIIO
794964
795324
32561
795704
796910
36401
801727
20437
UEAUEEIUU
IUAAAIAAE
764744
AEIAE
762754
763903
39543
49511
IIEEOOII
743525
747589
748482
755929
763639
767604
770343
776435
AOOEAIUU
UAEU
64855
733631
740379
OEAUUOI
89794
716831
717388
OAIEIUEEI
62473
703198
45122
703891
705922
713620
45122
61665
52948
713930
40871
32561
720077
728534
49511
IIEEOOII
707050
715619
32561
AO
701731
703948
AIUEEE
680379
UI
679204
687212
689836
50563
UIUOU
674073
677130
EUUOUIOI
63310
55566
43957
662341
662934
669045
EOEAOUA
656905
663083
668478
670522
675633
EOUUOOEI
652235
EE
63928
48262
56040
633116
59289
67658
637086
EE
56040
637064
645862
UIUOU
640204
649373
658344
42236
664239
670066
63855
671669
675261
EIEOI
22464
48785
39543
671504
675099
48949
679053
37156
70712
73611
AA
54720
60441
23272
23118
663083
672389
672985
679714
68863
48095
56001
684766
686089
694420
59289
703411
48095
706460
60858
74414
EA
3236
703878
48262
712037
UOEIIAEUAA
683364
693115
697541
48785
UEOO
37156
680706
689456
692822
700847
707249
708217
39637
713611
722244
48262
42406
13155
32366
77286
74414
69580
42651
13155
722917
725143
61239
51085
734407
27341
OEIUIOOE
3236
40719
740192
745692
752841
42406
UIUEUAO
26997
752821
759363
115913
762560
42229
765933
768290
OIIUE
OUAUOA
730967
43942
48949
734644
741473
743548
UEAAAUO
60949
725469
732750
741729
747458
IOUAE
OAUUUAEA
716769
OAUUUAEA
726004
UIEEI
719899
719959
726103
42229
730532
61665
55277
736139
743988
746781
756044
756487
760279
27660
49768
770214
73668
775452
61239
776039
38733
UIEUAUE
32295
779940
780652
AAUII
761090
762943
764015
768002
68394
776462
61366
786176
790930
77286
799775
800298
806170
806905
807184
817170
826262
56040
833539
15641
69864
30081
833625
65256
15641
59968
34518
841489
58582
74414
29954
848483
857394
858358
864059
IIU
61665
867756
76753
876614
880561
885235
47724
EAUA
41279
69580
871865
873797
881650
890243
890950
892974
895290
897308
24764
898821
10965
907834
910328
919780
23118
EUIAO
AIO
877178
879030
40719
879797
68863
887843
889279
48095
891235
UAIUEIEAOI
885603
25788
52211
889349
891254
33779
896611
904304
EOEAO
EEAEEI
864112
45045
873336
877188
AUAAOAOAEU
40719
868445
34500
876610
52211
881075
70712
56040
48789
UOEIIAEUAA
66189
882183
49390
885100
888150
73611
45123
888885
53460
892130
UE
51654
AUAAOAOAEU
867861
877041
884621
886037
888103
896282
899255
48095
51654
900116
43942
74414
AIEIEEEIAU
AIEIEEEIAU
883258
889531
897460
901636
41713
15641
61239
904812
UAOEIIUII
894718
39637
UAOEIIUII
32295
901396
904922
913454
913478
919969
923075
UI
899745
904799
912848
19277
914322
73611
UI
915977
UI
920672
925269
71025
58265
930318
UUE
OUUI
911616
43909
AOAUUEAOOO
56369
63594
40903
900554
14202
904716
907582
38733
914612
919387
3236
58221
35763
54720
AOAUUEAOOO
65258
47337
41458
OOUOUOA
912498
32295
918211
920154
U
913668
920706
32561
922185
925677
35375
52345
U
922049
931041
3236
58221
UOEIIEEEEI
59968
917318
926378
IOEEUI
37746
907413
914922
918686
UIIIA
891616
900651
910129
911127
48789
57190
71025
82681
47254
34500
919332
61366
924988
928946
930103
35981
UUE
71805
IUUU
58298
892038
OEEEEU
76668
887718
896898
903664
913231
34500
919620
37283
926417
39637
27341
934636
943520
AOAUUEAOOO
927829
UIIIA
927788
931435
934020
936424
OOEAUEEEA
936947
940577
945117
62151
952818
44514
953780
958920
70712
57190
32561
964046
970113
979236
OIIE
981725
115913
990354
61558
EOEEUIEAE
69532
983382
991857
992571
69532
996601
998471
65930
EOEEUIEAE
998071
46142
1003677
1013116
55229
63594
38059
UAIUEIEAOI
OOAE
962955
44491
967963
976674
76675
977224
980485
55172
EUUOUIOI
973018
974790
981744
UAUEAAOUUA
26676
966389
32295
50358
46119
57190
967314
971799
978995
987704
991432
40719
998692
1000612
1006808
IIIAE
63984
985050
53460
992391
995211
38961
53460
39543
UEUIAUAUEO
58221
OOUOUOA
OOUOUOA
63501
UAUIIIAAIA
939993
50358
48095
948110
953049
954996
66804
961188
965937
971351
AOAIAU
49428
61200
58661
38398
35375
956319
964254
AEIAE
EAOAAOU
20853
IAOIEAOO
934711
944295
951988
48095
45458
952440
64526
OEOAAOUAAU
938297
64705
943687
945939
39330
41546
951403
958562
958854
OIEE
960215
963569
964321
969559
OEIUIOOE
OEEOIIUOOA
954487
52431
962362
971523
23255
62151
41713
972983
981433
12171
983491
990343
58819
38059
47337
995064
1002278
50358
1007390
73668
47724
53608
67658
41542
OOEAUEEEA
42730
OIIUE
OAUUUAEA
EUUOUIOI
47508
50805
940641
35081
IOEEUI
UEAUEEIUU
67658
50670
924706
53460
81968
926657
OE
61970
929398
938166
69691
946912
53996
58221
OE
OOUOUOA
54651
48112
AEEEIIUAEU
45366
64526
48095
918324
83792
926794
53460
58221
77511
927719
EUEEAAI
926903
927213
928553
934652
OIEE
930766
931522
UOIAOAA
917138
EUU
83448
OOAIIOAI
902337
AOIE
28879
897781
UOUIAIAAE
72828
38648
AOIUEO
AOAUUEAOOO
IUII
61393
46142
OOAE
823225
826910
827347
47508
35763
834663
837318
42730
14202
845345
67658
848535
856751
858081
858197
865878
870930
83448
878356
EAO
881286
IIOAUIIAAE
83448
65256
35763
AOIUEO
70712
841777
47508
845025
850885
64414
856961
858875
36142
78430
IIEIEEI
836636
35763
83887
840196
844130
849020
71025
857699
OEAUUOI
93922
65256
858076
58477
866838
36142
81087
115913
873059
23169
881930
882081
885686
37746
887901
46119
897695
906956
33496
907819
911989
IIEIEEI
IIEIEEI
UOIAOAA
UOIAOAA
861218
61140
866563
OIAIIOEOAU
62041
857310
865607
874617
884250
65837
61548
887689
893871
900866
64526
905330
906726
915316
EE
908867
44853
33449
78834
916511
918378
918942
921372
61546
EE
922123
929340
81087
936914
946421
64414
IIIAE
60346
934006
61585
71080
937691
AOOEAIUU
924675
928227
929090
OEAUUOI
44491
928324
934822
943689
AE
58443
81087
919794
AE
UIUEUAO
61140
914826
AAIIAAOA
902077
906469
913398
77268
EAUA
895994
898900
908332
914965
UUAIEIAE
908122
44199
911477
913803
UUAIEIAE
56957
23155
922219
924231
37746
45366
61200
925307
53560
931587
44853
35763
933466
943389
46056
949590
954425
956121
33496
963730
972617
972646
981844
51787
61548
49972
983213
987410
62621
69801
73826
992493
AE
978071
986752
60096
41499
993823
1002169
78985
64409
AO
997999
46580
12171
999236
1004203
65837
23169
1007389
UIEEI
1007736
1014449
UIEEI
71025
1007670
1017195
50188
EAUA
71136
44853
1013192
EAUA
32882
1014308
1019587
1028267
1036162
1043384
AAA
52575
AO
1031336
65256
79025
64602
1036992
22993
1041690
1045630
66189
35763
64526
1050078
1051764
1052801
1058701
1066850
41499
1076364
1077569
74709
1080838
56614
50188
1083802
1084035
1088782
61200
1090705
1095826
52575
83887
53658
44491
1101496
1107044
IUII
62061
EUEEAAI
IUUUIOE
1042621
1047095
1056241
67677
74612
52079
UIEEI
1040898
32264
1044678
1047206
1050760
1059159
1067004
64409
44491
44284
1076979
78834
1079120
UOUIAIAAE
1066198
86318
37293
60096
1075839
IIU
1064684
1070107
1079853
1082684
1089874
1092147
62041
1095889
1102797
1111955
32503
1117150
IIU
61548
42863
1123898
58658
1125128
1128467
82510
OAIEIUEEI
76698
1126433
1133193
47931
OUUI
1130216
48095
1137544
1137855
62041
1144827
1152654
1158060
74709
67677
66189
1159509
UOEIIEEEEI
1142061
66189
93878
58658
EAOAAOU
60346
1133391
1140501
1141995
1151531
1151659
1157239
69704
16387
1161701
54435
62621
60096
61200
65560
1164491
1169931
1171247
1174556
65560
1181534
1188474
42231
68456
1188982
35298
1194681
1197442
37293
1203949
1211251
1213968
1220925
65837
62079
1221321
1226732
1226832
1233040
56614
37070
1240545
1241023
UEAUEEIUU
1233488
AOIUEO
1220185
1223057
1225556
1235176
45134
1244718
1252586
62061
AOIUEO
AUAAOAOAEU
1228323
74709
1233559
1239686
47931
OEEOIIUOOA
17977
1241075
1250299
61200
62502
1259789
1268072
78985
AAUOIOI
76368
1271018
1280143
1281200
1286192
1286531
38733
66804
UIIIA
1267828
1270547
67472
90364
AOIEEU
1263917
1264110
1271836
61796
1278385
80034
1281110
42863
1285019
1292781
1297928
35298
1299250
1304564
1306699
80034
1310673
UUUAIU
49147
61538
46723
1296735
1298659
1304661
1308286
90364
1309767
1317397
1318875
1322788
43490
1323728
78559
46142
1332050
1341292
66189
1345101
1353604
67472
71123
OIUEEOAEOA
OAEAEI
EUIAO
1312708
1317312
1318075
1325771
1334150
1335847
1341851
1343905
1346447
1352748
OEIUIOOE
1359871
1364569
1370779
1376197
1380568
66804
1380796
1383388
1386152
1395516
1401938
1402288
58658
1410098
1417769
1422580
1425929
UOUUAOI
UOUUAOI
AAA
1410499
1419202
AUAAOAOAEU
1414552
64554
1419564
EI
1413243
1414290
78430
OIEOUOUAO
27204
1397895
AAIIAAOA
66873
AUAAOAOAEU
1370493
89562
69813
1371301
AEAAIAUUAO
1362931
65480
1363769
56087
1369864
1373478
1382098
AEAAIAUUAO
1389640
35298
1390386
EUEUAAUUE
69704
1368123
40719
1371162
1375226
1376436
1383871
64554
69663
47931
58658
48756
AIA
1368134
45119
UI
47976
1360404
61585
49972
76767
93922
AO
47752
1341096
43760
AO
1344253
1349240
73753
41499
1352900
1358771
71123
AOOEAIUU
1359088
88570
44489
EEAEEI
68770
E
1320861
EEAEEI
90726
1312524
1322225
1327941
1330486
UOIAOAA
1332867
1333081
1335217
UIEUAUE
1328227
1337190
1337723
1339744
1344589
1347756
43760
1354152
IIAA
AUAAOAOAEU
O
OIUEEOAEOA
78985
1296130
42205
1299964
AEAAIAUUAO
1291807
78834
76368
46142
1295967
1297194
1303037
73753
78559
1308715
1313583
1316637
1325293
1332053
12171
1339627
75132
1347957
OOUOUOA
EUUOUIOI
53560
18940
IIEIEEI
37934
1313906
UEUIAUAUEO
1297784
UOUIAIAAE
66804
52273
52079
1292433
O
OOAE
46119
1254957
1255514
62621
42042
1257067
1265600
40719
84612
1272816
1282346
69556
OIIUE
1274365
59568
1278176
IAUOIA
1282222
77067
1290554
42382
55871
77461
1300535
1304116
1310190
IIU
UIEEI
1262764
1267288
60021
UOIAOAA
1248390
1255141
1260425
68844
1263092
74918
71025
1267557
1276102
1285423
73263
OOI
42382
1276964
UEUIAUAUEO
1267844
1274533
AA
72059
1276257
62394
82187
1283883
76767
69663
1286768
1288511
1297773
1300223
1302524
61796
1302843
93922
1304363
57929
46142
1309659
AEEEIIUAEU
1287613
IIU
59568
18940
90726
65679
1281452
1282800
86331
1287017
70558
1290803
1299145
1299284
1301424
65725
61796
1310007
53225
76638
1318312
71657
1318995
74002
77268
1325942
1327960
1332821
OEIUIOOE
1313016
83055
38733
1322142
1326569
1332184
IOEEUI
1309158
UOUIAIAAE
1299467
41499
1308282
OUUI
52128
1290489
104544
UEUAU
49972
1263711
1271478
1277949
OAIEIUEEI
OOUEEIAUO
1243650
86921
EAUA
1244147
1248002
43942
1255264
65725
1262759
1266331
1268875
68844
1275910
1281734
OE
1274173
38967
1283827
37934
84531
1292735
60068
1299156
1304450
1311108
1315284
1318860
1319605
1328735
1333611
EAOAAOU
1314725
48986
99907
1321046
82925
1328126
1329153
1331388
1339724
1343525
1349781
1354567
1363680
36796
74002
1370515
84612
1378062
1378549
UIEEI
1357459
1363043
1372987
1376907
1382064
OEOAAOUAAU
1373615
66804
OOEAUEEEA
1369696
73826
AEAAIAUUAO
35678
47317
42078
1366081
1371403
1374597
86868
1384325
1386138
37650
AUUOAUUIUU
78559
1388343
1390596
1395435
1402422
OOAE
1383850
37650
50283
1393465
EUIAO
57929
68473
76477
82925
68142
75943
1382634
1383863
1390951
AAUOIOI
95400
84612
AAUOIOI
99907
1383785
1386928
EAUA
IIEIEEI
71025
1356673
1356696
42205
57929
1366493
1374352
1374860
1382334
100286
1385917
52302
OEOAAOUAAU
IIIAE
1368674
1378423
66960
1386470
74907
1392168
93111
1396543
1402461
76172
IIIAE
82925
1405023
95400
78985
1405075
UI
1402386
69813
1409889
1416566
66408
1426490
1432577
1439418
76172
59130
1448011
1456484
1464907
1473431
1476976
AEOOAU
1465852
IOUAE
76477
1474141
1479554
105487
AEUOIEIAI
1456739
OU
1457013
66960
109650
49305
52128
1457329
OOEAUEEEA
1450509
1459364
51310
1467881
1468525
AUUOAUUIUU
AAUII
IIIIA
93111
44664
52128
UAEU
73826
1392226
1400881
1402259
1403981
104544
1410865
56201
1415164
96743
1415571
60356
37934
1421005
1421021
1421924
65094
65496
73083
1423708
1433295
1436359
92416
1440473
56201
81700
1448571
OUUI
1436040
1437185
1446243
UOEIIAEUAA
52128
60278
OIAIIOEOAU
37934
62621
1405829
OAIEIUEEI
1397268
73087
1405060
52104
1412397
1418440
1419489
105994
88500
IOIO
1396528
1402784
1411587
1414795
UOUUAOI
28931
UIEUAUE
1398935
UIEUAUE
84616
1402073
1407114
1412094
1420003
1423627
OOAIIOAI
54819
1400567
45436
1409811
1412009
1421412
54674
1429324
1435098
54341
1444628
1447218
59797
58658
1448306
81999
1449547
30036
1454313
EE
61585
1430716
1435681
1436443
1442443
81106
1442499
1451314
86612
71123
1452875
1455132
55324
1461520
1466588
62250
1474960
1484501
71025
54819
1492615
1500372
46267
1501725
1504372
1505068
55772
1507667
74717
1509741
AAUII
1505848
1512049
1517894
1527651
1530094
1539634
1541237
1547176
UAOEIIUII
IUUUIOE
68142
1518729
1527723
74026
1534937
76477
1542341
65138
1544150
1548437
1549471
AEIAE
1543060
1545728
73422
1549834
OEOAAOUAAU
1534274
UIIIA
1519902
AIEUUOI
54541
83920
1519567
54541
60052
1527682
1528019
63288
UUIIAA
IIIIA
1492187
1493782
62874
EE
38733
1483985
1485177
1486448
AOAIAU
45515
65094
1464972
1469837
95795
1477566
1484323
40178
1491947
1493555
1503334
66408
1503601
1503987
1510318
1511303
75226
1512238
69570
76477
1520864
74834
1525274
73773
1530335
57583
1531086
85873
OOAE
135500
81999
1503629
1504856
1510492
1510759
1512894
1514400
43018
1516939
UIIIA
1500689
UAUEAAOUUA
70558
50458
OAUUUAEA
1475103
1482649
1483805
94354
1489682
1499213
1504033
88498
E
64649
1493155
1501094
1510113
56477
1511737
1514326
74834
96743
AOOEAIUU
104544
1512101
1517410
AO
61834
45515
71135
UIUEUAO
1474524
1475425
41546
1475922
1484553
1491160
1496317
61577
92416
1499568
1502083
1510427
144463
113810
EEOAOAEOEE
40178
20196
1486173
1492580
50920
56477
1494116
91156
96743
1501561
86839
61577
50874
85741
1505890
1514514
IUUUIOE
1490277
53560
1492777
45436
61571
57788
1498722
53022
1505125
57583
1510437
92626
OAUUUAEA
45515
45515
1503466
1504857
105487
OIIE
1480819
65094
73773
1487804
1497206
EEAEEI
1480479
IIIEI
1456492
1466416
1472363
1478119
55074
1480978
40178
1482193
1487581
1490566
67352
37934
UAIUEIEAOI
1476520
UEIOEEUEU
83693
77111
95795
OAIEIUEEI
1454333
38733
1454776
UEAUEEIUU
100166
52128
88759
1438088
54473
1439845
OOI
81700
1437374
1440913
55324
61796
85032
85032
1450752
EAUA
1439988
65094
101043
1441763
1449714
OOUOUOA
74026
1434862
AOAIAU
1426682
74026
30036
1430706
100166
UEEOI
1422653
1427707
1432154
55324
88264
1439191
1447569
61834
77111
1456166
1460246
1469526
1470022
1476741
86392
1482844
UAOEIIUII
1459452
1467043
69442
AOAUUEAOOO
1453075
AOIE
95795
78788
1444439
IIIEI
1428583
OIEE
1423306
IIU
1415149
37882
1423592
1430962
100166
1434353
114871
96242
20196
71101
1437795
1441531
OOAE
1419998
113484
1429420
1437726
1442362
1451332
UEUIAUAUEO
1444941
AO
UAOEIIUII
1430118
1432481
1434327
93111
1434972
1436373
1437223
EAO
1425039
1428759
30036
IIEEOOII
1412549
83920
1413844
60848
1421280
105994
1422727
49002
104602
1430186
1431871
UUOAAIIO
98508
I
OIEE
1392611
74717
EEOAOAEOEE
1371036
69476
1375064
47474
66175
EOUUOOEI
1381006
66175
1390581
1393835
96242
1395545
104038
1395704
1404615
1405005
1413752
52302
1415645
20196
OE
56860
90622
1414236
49002
109488
1416064
54967
1416276
1425057
1432293
1436805
1445198
1451512
1456257
91130
1464705
1470943
83920
1474754
89815
122146
100255
1482067
78136
91119
91130
1491144
1499077
1507258
1516084
1522901
1524223
1527144
87409
EE
1510300
1515130
1524013
1532114
UUUAIU
1529491
74026
1533006
98508
85777
UI
1522029
1529377
90622
1532488
1541985
1546722
1548801
85967
1549816
81999
70558
1551649
1552870
92385
1552937
UOUUAOI
1532177
64649
1536877
78091
53941
1544057
1546249
1549999
1558168
1562250
91130
1566832
78136
1571078
74834
1579739
95659
1585616
1591879
1593354
1599614
76234
1608325
61335
74991
U
1583199
1584607
1586346
1595853
1603532
77573
1603907
90216
62621
86995
UOIAOAA
50839
1594932
1604749
74991
1614037
60174
1623727
AIO
AOIE
UEIOEEUEU
1554772
57929
1564153
120959
1572753
78136
1580390
1584076
1588597
AUAAOAOAEU
1563229
UEAAAUO
1549167
120959
1556275
48740
1559707
1560721
1561428
96134
57788
73547
91119
1563612
1572178
1579734
EAUA
UOIAOAA
EEOAOAEOEE
119842
1524171
66175
70774
91130
50931
IAUOIA
1506772
1514615
100581
120959
73547
IAUOIA
60052
1515113
IIEEOOII
1512238
71025
1516457
1524948
77573
1533852
1540431
1548258
1549431
1551501
1555105
1559723
55496
98849
IIEEOOII
1565518
1574515
77573
57788
1578227
109000
1578250
1582373
IEUOEEEAEO
1579558
1588053
1594951
A
1572854
1579342
1586753
1591972
1598273
1599401
1602212
1606538
1609395
1614227
54967
1616257
EOEAOUA
1612279
72076
IOUAE
1599355
70774
100581
1601395
101691
74834
1606978
94346
1607010
74834
83693
75225
1614996
74002
1619844
144463
96053
54967
1625622
52698
1631794
1633051
1638834
120959
1641953
105424
60426
1649208
88663
1655075
71135
1656627
1660886
AOIE
1635915
70774
1641367
1649207
1656864
1658541
1659897
1668143
1669359
1673357
1674997
92914
AEEEIIUAEU
A
1644231
1653080
1661133
UEUAU
92471
1647081
96134
102450
1651494
68285
1656157
OUUI
OEEOIIUOOA
UAAEOUUUA
83920
1607779
45515
55324
94346
106928
48740
104252
1610882
114871
71135
1620844
83693
92471
61834
59610
1627287
99087
1637207
1646177
1655554
1662675
1663260
1667178
1670605
42628
76373
1674101
1683717
1684379
1688995
1694339
74660
64218
1698672
101691
1702181
1707169
1709772
1710256
70774
78367
1717043
1719504
1723155
65224
1723668
81453
1725921
86871
83693
1728952
1738614
86868
1748482
IIAEOEUOEE
1750237
116149
61186
1759194
1768579
76182
1774212
95971
1776966
68226
IUAAAIAAE
1770746
74026
58168
69442
UAOEIIUII
68226
113484
1756278
1764207
1765355
88663
1767436
1777139
1781017
1784886
1788566
78720
64229
UAUEAAOUUA
1785776
119842
1795496
57601
1802952
1803422
EUUOUIOI
1783033
1783386
1787922
UUAIEIAE
1783764
1789876
1792127
1795587
OIIE
91828
1785448
1786985
OEEEEU
39455
1766824
93669
1771215
1772878
1775665
58336
98300
121241
89483
AA
1773342
68285
98508
1779257
56383
1783584
AOIE
144463
1772669
72961
46305
108786
1780691
1783674
1791115
1799014
1808285
AOIE
96007
OUAUOA
OUAUOA
1796536
1806271
61834
OUAUOA
UAIUEIEAOI
1781087
AE
1763020
UAUIIIAAIA
70774
1737553
1746134
UEEOI
1733658
1733767
1739180
OEAUUOI
OEAUUOI
1732815
EAUA
1735244
1737676
1743575
1746289
1748264
1751261
96685
1751820
1757673
1764439
83808
1769997
1773091
1776727
67031
1784429
1791894
109161
104456
1794010
108211
EUUOUIOI
62681
UOEIIAEUAA
1748466
1754449
1758008
1760799
1767155
115383
1773301
1778925
104602
74026
61401
1783096
1785612
37934
UOEIIAEUAA
65882
105754
EUUOUIOI
1778209
1787237
1796906
1804421
1809029
54830
1814072
57788
91828
57506
1820513
1828541
1832457
UEAUEEIUU
1813391
1814546
UEAUEEIUU
UEAUEEIUU
AOOEAIUU
1801445
76883
1809217
1813949
47497
69033
IOEOIUO
1795836
72909
1801513
1806764
1814318
72843
115383
50142
1822695
1827484
1835934
1839713
1846161
1854773
1860057
72843
50142
IAUU
1837815
102450
78141
1839271
1843227
1851856
1860860
1865074
1869850
53941
1870230
1872335
IAUU
UAUEAAOUUA
76140
1859999
UAU
86795
IIIIA
1829516
68285
1831599
1833931
IIIIA
1829798
1831436
96885
1831502
1835366
1838535
62375
1842541
77795
104717
OAEAEI
1827696
1834238
UEUIAUAUEO
1811879
UEUIAUAUEO
63127
1798434
1799623
1807973
50142
1809541
1812294
77422
UEOAUO
1800424
1801869
1807854
1811595
1816291
1819789
1823947
1829612
95175
1839573
1848403
UEOAUO
AIA
1833881
1834454
1843592
93526
1851656
1855659
IOIO
1831252
71578
61437
1836595
1839219
1840080
1846611
1848402
OOOUOOI
1820821
1823112
1829291
1829590
80267
1836122
99779
127197
69870
OIUEEOAEOA
61437
1819301
1824382
1829966
1839675
EAUA
62681
1848166
71135
74002
115922
64195
1856507
1856558
OEIUIOOE
59118
1850514
114871
56383
1852682
86871
70070
UUE
1854528
1862976
1865909
1873469
78720
UUE
1876972
75748
86607
114871
1883074
1891436
1892395
1895562
1899782
20196
1908536
76870
1914206
1922166
AEIAE
93526
82618
AOIE
61437
1890977
1895873
69870
EOEAOUA
1891247
72220
50142
1896050
50142
127071
69033
1902232
95949
72481
1911316
1912077
106509
90472
1921306
86871
1925571
71468
104824
57506
1932955
71135
127197
1935387
1935395
81690
1944401
1945311
UEOAUO
UEUAU
1905150
57555
1905488
1910703
AE
63053
1917205
UUOAAIIO
1894417
UOUIAIAAE
1872128
1875523
UEAUEEIUU
EE
1840475
1842887
1848778
1858725
78141
20196
1860060
57555
EUEEAAI
83808
72481
1838953
76835
146357
1845910
61437
96014
1851802
57555
EUEEAAI
1850064
1856649
1866355
1867989
120959
1873324
1878967
109161
82654
1882835
1883700
1890543
104824
110345
EUEEAAI
1895503
108567
1899179
1902421
1903235
IAUU
UEAUEEIUU
UUE
UIUOU
1844498
1848928
79582
1858025
73568
1865110
63053
42308
1868500
1875207
1883073
UEAUEEIUU
53941
81690
AUUOAUUIUU
1869612
90875
1876314
1884984
73163
UEOAUO
91666
127071
45515
98758
1885287
94984
1888282
45515
88810
1892798
OIEOUOUAO
1887036
EOEAOUA
1862328
1864277
1871314
UAUEAAOUUA
1870996
81935
1871676
64218
1871686
73163
1877463
61437
68910
1883635
99814
1884733
76182
1887484
UEIOEEUEU
EUIAO
112449
1841905
109537
84798
1845145
1849937
1853461
OOOUOOI
1836601
1842048
124580
104824
OOUOUOA
71294
1827588
1837344
1846077
1855556
88292
1855666
1858921
1868270
1876072
1878521
1886519
72387
1893296
1901746
1905034
1914355
112730
123292
1918128
I
72459
109161
1909784
1915299
1923809
83310
1924126
105754
IIAEOEUOEE
1924899
1926078
1930433
EOEAO
AOOEAIUU
AAUII
1859829
OEEEEU
88346
OEEEEU
AOIUEO
OEEEEU
1805590
1810827
1816487
1818737
76883
1826236
1835673
1840256
94080
83820
1842674
1849595
1854385
1863140
1872886
1873674
1875142
1880966
UIEUAUE
1875537
UIEUAUE
1877562
69794
1877732
1883403
1887816
1888220
78009
1892694
74026
IOUAE
1895263
1898731
EEUEUA
1878426
62681
1879121
101893
69740
1884840
1888553
IIOAUIIAAE
67524
81935
1869542
56383
76870
79582
1874209
EUIAO
EOEAO
1842747
1847486
IIAEOEUOEE
57601
1847638
112730
OEIUIOOE
81690
1835052
101662
1839199
115295
OOUOUOA
EUEUAAUUE
UAOEIIUII
79213
1790712
1796786
1803649
1808131
45515
1813011
73935
110345
EOEAOUA
95722
87719
69794
1799693
75572
1801610
74139
UEOO
1784995
1794420
112730
UAIUEIEAOI
68969
73107
UEAAAUO
1763983
1769682
1770688
81935
109000
85515
OEIUIOOE
83920
76883
72220
1776086
1784973
IUUU
1776526
95164
1777213
1787180
1793583
1803154
123794
1804560
79213
1806622
OAEAEI
45547
112235
1806617
I
1787212
1793003
78245
1796738
1803817
1810796
1811010
1820371
1822028
1829415
1836209
IEUOEEEAEO
85515
111607
78245
146444
116435
1837272
AEOOAU
1817142
1822701
1828581
1832037
1835714
OOEAUEEEA
UIUEUAO
163094
EAUA
1775524
101893
1781045
109995
112540
1782866
1789125
1789912
63654
1799765
121246
97465
1804759
101998
1809819
1812369
1816395
76835
1825064
1829401
1829668
1832345
62681
1838059
1838875
120665
1848157
1853990
1858123
1861697
1871414
1879652
115295
1889534
1897394
1904426
1909391
82715
102946
1909644
98093
1919089
91666
1926272
1927872
1930788
1939067
102946
1941742
63053
76489
EAUA
1930686
1937750
1947040
1949852
1953224
1953567
1957052
1960467
63654
1966285
1969769
IUUUIOE
1944694
1946965
UE
1926896
1929222
OOUOUOA
78094
1906858
72387
1909562
IIU
1896140
1905535
45547
87235
63053
163094
1912436
1913898
1920918
1926351
92066
87480
98093
81351
101998
58763
EUUOUIOI
99501
100177
73568
77505
1921728
1930313
IAAAOIIUOU
UEUAU
154373
1909297
EEI
62681
78009
84390
1883143
90178
123292
97465
112730
45119
1886145
1892410
1898137
1903389
112540
EAOAAOU
67457
IOIO
1861365
1867699
1868914
121246
AIEUUOI
1854583
102535
76194
81351
U
76883
55995
AOAIAU
1805067
1810617
92784
75617
114603
1813833
EEUEUA
101645
IOUAE
69740
OIEOUOUAO
82715
1791861
120364
EIEOI
74297
90989
115295
1771201
76735
1776695
1783760
1787050
63053
UEAUEEIUU
1763782
110051
1768942
1775914
1776145
78346
1783348
1790531
83288
IAUU
OEOAAOUAAU
EEUEUA
EEUEUA
93526
1754994
OAEAEI
78094
75017
1743903
1746322
OAEAEI
1747956
1755590
142231
102464
1764318
59413
IUII
1760221
102630
75987
118385
100292
1768139
1772917
117216
1780298
1787304
55995
OAIEIUEEI
79094
1765545
1769683
1773660
77505
87480
1778822
1781379
1786933
71719
1787627
IIU
1781565
107020
124671
1786742
UE
1784510
112478
1789141
1789407
100177
120141
93046
102464
128723
116435
1795758
1805378
1808427
1811575
1812822
UE
128723
116435
1820571
72220
120141
97497
96885
71719
EIEUUAIIO
1810150
1814359
90178
72220
1819137
1824131
1827581
UIUEUAO
1806972
55995
UOIAOAA
81351
1797719
1806529
120665
1807571
72220
1808620
1810184
101998
1818450
73107
1818620
1828211
121630
1833939
UAUEAAOUUA
1831384
1833058
100177
58763
1836071
1844337
AIEUUOI
1841455
54115
88253
AOIE
92784
1834617
1836522
105812
1839436
OIUEEOAEOA
1831207
OEEOIIUOOA
109057
126805
82715
87480
IAUU
158655
UEOO
1787869
1791613
99683
1794042
1802760
1806475
1811731
1819120
1826314
74168
111395
EEOAOAEOEE
74297
1820532
1827608
119019
69898
144135
1836722
122280
45547
1842388
EE
1821502
AOIUEO
91666
OOUEEIAUO
98758
1776921
1779995
1783788
113448
1783981
OEEEEU
1778673
55995
1781766
1784918
UAUIIIAAIA
1769808
1771746
1772697
AUUOAUUIUU
EAOAAOU
1746759
OIEOUOUAO
1740869
93707
1744015
121579
1750731
1753311
1761239
AOAIAU
1760781
AUOA
1742124
1747489
1756745
1759977
1762315
OIEE
1762598
1770734
101893
1771507
1779416
1781085
AAIIAAOA
46506
106509
79213
1758478
1762378
1771035
1772701
1781475
EOEAOUA
1768361
128493
AAA
105876
EUEEAAI
EUEEAAI
1732500
1738776
1745269
84642
104088
1747073
87690
80930
1747333
107312
1751091
124671
104088
UUUAIU
1742582
118436
1749216
1750608
1751574
128493
EOEAO
EOEAO
72548
99012
88451
1745378
119019
1749313
1759297
1768771
1772439
1774405
103719
92376
82646
AO
140838
103777
1757334
EE
1732316
63053
116931
111269
1738711
1741318
1745043
81351
UOIAOAA
75987
1733991
1739465
1746735
1756064
1762543
1772432
1779772
118436
100177
61696
1787176
1796684
1803029
EUIAO
UEEOI
1774527
139303
1781090
UEEOI
121051
UOEIIEEEEI
103777
1772535
1782388
32326
146042
1784563
1792956
1799328
1808333
1808625
OUUI
1789426
102358
91343
1795059
1798636
57979
OUUI
I
UAUEAAOUUA
1754862
88451
128638
1758144
124712
EI
80955
1742610
EEUEUA
88683
120665
AAUOIOI
1694446
1697803
AO
111881
1684892
1694873
1698105
98112
1698512
AO
55995
UI
1683448
1684428
76489
1685958
146042
88683
1690108
88438
83244
1699633
1699655
1704208
158655
111347
1707250
1715313
1720374
1722278
1727086
1732564
1733657
1734044
88438
1742402
1748067
128638
1750769
OAUUUAEA
1727602
1729751
1734455
1742817
100013
1746884
1756279
88683
144946
1759870
1764607
1773025
87523
UUIIAA
130499
1765766
1766669
1773926
1776184
109057
1779482
65083
102834
1789072
1795424
103777
OOUOUOA
1783752
114989
1786312
83789
1793782
1799912
80093
85371
OU
115295
1802571
112112
1812029
1816106
76893
127301
49793
1823641
112367
69080
1825876
1827516
1832280
85371
81751
101005
76893
1833096
111881
AIUEEE
80093
1819821
1820373
88438
72113
1827012
1834901
1840080
112112
80955
1842958
1850419
AIUEEE
1854680
1864214
AIUEEE
110866
170796
1869265
IIAEOEUOEE
1856695
IIAEOEUOEE
1858830
116582
127059
124712
1858866
UOUIAIAAE
76893
1836444
1837810
1838479
1840229
1846033
1855872
UE
84390
1853040
OEEEEU
104783
128638
1831535
AIEIEEEIAU
1824234
OUUI
1817169
1823378
123704
87523
1833066
AEIAE
1821616
1824875
125536
104088
120665
1830548
1840144
1840665
98112
1841439
1848933
1857273
114989
1857813
106316
OO
1836731
1839952
87114
1841901
UIEUAUE
IIAEOEUOEE
69743
1808474
1811439
UIIIA
1796058
1804209
1813071
1821224
1830528
1832118
1836350
1844847
1852545
1858247
92427
1863199
139574
UIIIA
1871507
1875287
1877971
1879390
1886479
1891915
137897
148493
91435
75938
OIEOUOUAO
88092
80492
81751
128638
1887276
1888165
UE
118086
EEAEEI
AIEIEEEIAU
1866017
1867578
1873666
1879407
AIEIEEEIAU
UUE
1852679
1860894
1866282
1872132
1877572
1879795
1886459
1892554
1895270
1900703
1908270
1912531
1918014
107408
UEAUEEIUU
1898086
91435
109057
1907146
108714
1915434
IIAEOEUOEE
1905655
127059
49793
1911424
99648
1921402
135248
144135
1930281
OAUUUAEA
UIIIA
1909429
86816
EEEUUO
1895931
89757
1898851
77492
1904038
149687
1905278
1913587
1913628
95320
1914194
1914995
1921801
105015
118086
77464
121744
91708
OAIEIUEEI
69496
88092
1913690
IIIAE
81067
IIIAE
1894952
1895643
UEEOI
92066
1891880
1894117
OOAIIOAI
133065
1892196
IUUU
1874447
1875348
97652
1882313
1888090
OEEOIIUOOA
1889488
1889799
1891495
AAUII
1872837
75187
1878467
1883843
49793
1892922
1901693
UAU
1898760
1905506
115295
1913144
1913675
1920917
AEAAIAUUAO
1913746
1917905
85486
EEUEUA
1893004
1896192
1902976
1908269
1916965
1926724
1932463
1933957
1934479
1935249
1936981
EOEEUIEAE
OAIEIUEEI
81067
1904835
1913491
1922154
1931757
119019
149687
80945
1941366
92911
78366
1947880
1951911
94981
1953316
1961243
128638
105015
1966644
1971038
145268
1977496
141395
110615
1982928
55995
UEAAAUO
105876
92427
1967438
88938
117726
1972699
102462
94750
88652
92920
UUUAIU
1951542
1954972
1963814
1966833
1972988
138564
1980598
1990278
AEIAE
1979344
1982900
109289
EOEEUIEAE
1963058
111881
77492
96393
AA
80945
84390
129871
1941667
101539
67954
1941833
AA
116952
99704
99704
1941503
1942062
1946034
UAEU
72113
1945331
121744
1945566
116582
129871
107408
1946956
119613
1956760
AO
1934637
1937238
IAAAOIIUOU
1935917
1945734
131776
118086
1950971
97685
1957969
89449
107338
49793
1962182
112172
IIIIA
141395
IIIIA
102462
1956045
121652
121470
1959199
1962058
100471
1968907
1973109
1974173
84390
121744
1981914
AUUOAUUIUU
1956074
1962811
163129
83325
1970402
97685
134894
1972435
1981761
1983325
89449
1991188
AUUOAUUIUU
133065
1992881
110615
1999637
97116
2009329
UAAEOUUUA
85467
129956
2002934
UAAEOUUUA
119019
117726
IIU
1977240
1983585
118491
113134
118491
1989761
1997058
107338
1998600
93273
138564
IIU
2005329
2012507
2013169
2021308
119019
2030659
132091
144135
94981
2032529
105015
2033841
A
2010254
2015543
2024609
84390
UUUAIU
2017796
2018815
IAUOIA
1997063
2001782
2011639
70687
109450
2012728
115295
89267
2019028
77464
106544
129994
86816
95074
OAEAEI
1999067
2004812
2006407
112390
2010677
2011218
IIOAUIIAAE
95074
114843
UEAUEEIUU
OIIUE
1964845
OIEOUOUAO
1956174
1958879
81067
1965985
1966359
EOEEUIEAE
1965889
111881
1973642
121792
1975367
1977262
EOEEUIEAE
49793
98112
1981840
1986631
108440
1992759
89267
1993571
1998658
65289
2002946
2007230
119613
112166
2015455
UAIUEIEAOI
2011660
138564
2020360
2026285
IIIAE
124283
2013884
2016415
2024389
UOUUAOI
AUOA
1986330
111881
140629
1987877
UAAEOUUUA
1968759
112186
1974174
95074
149452
1976796
1984719
118885
112186
1992095
127898
98112
OAIEIUEEI
1978837
1981652
1983753
137715
171609
121755
1986036
104783
1993448
1999637
2005256
158962
2005272
124130
119662
2013082
2014933
2019055
2021981
OU
2009737
IUAAAIAAE
138232
1987105
IUAAAIAAE
1985408
1987349
1992153
116952
1997329
113733
2003401
106316
UEIOEEUEU
1995641
2001118
2008461
2013189
2020999
121470
2026025
2028016
163129
2028567
114843
104783
2036814
2044789
2050941
152240
2055601
118885
98373
2061862
146624
2061904
OIIE
125385
2049074
IUAAAIAAE
2046974
EE
2022945
69496
2030411
113295
2033183
2041989
129588
97116
EOEAOUA
U
IAUOIA
1999262
2007245
2008502
2018086
135248
2023416
2026092
E
114843
AEEEIIUAEU
IIEIEEI
110021
UOEIIEEEEI
1981760
1985953
OAEAEI
174189
33314
1979028
174189
1980984
1990092
1990634
1998565
2006587
2015605
2016160
99292
2024483
OIAIIOEOAU
106316
2016848
OIAIIOEOAU
2023210
33314
2028063
2030518
140504
2036332
2045180
49793
97129
2054621
2058951
119662
114843
2062904
153417
2066441
121389
60992
2072938
OOUOUOA
2064920
130497
2073896
2080171
OOUOUOA
UEIOEEUEU
2071466
2072332
2074379
2080012
2080286
96041
151344
2082705
2083320
146489
2090252
2096968
2103929
2105304
104783
113733
EOEEUIEAE
121546
2082031
2087523
2094348
2103023
2108643
2115521
2116943
2122976
2125612
2125682
2135242
2137320
2143902
2144796
2153200
127752
2160901
2162194
146489
EOEEUIEAE
IIEEOOII
OE
143235
125385
182538
129250
107338
120411
IUAAAIAAE
IIEEOOII
2072135
2074261
93344
134175
IIEEOOII
80492
2083089
IIEEOOII
2084399
2087697
102020
2093066
2094909
121851
2101540
2103713
115889
2109802
2117885
182538
AIUEEE
2102472
2103279
UIUEUAO
2092072
OEOAAOUAAU
108996
121755
2074995
98011
2077217
2084515
2086024
2089770
2099264
2105292
119751
2109705
2111877
73396
102344
UUE
2091543
129588
2096980
2099676
UAAEOUUUA
145220
AEEEIIUAEU
124282
2050761
111209
108440
EOEAO
2028651
2034710
2037889
142024
OUUI
98011
2031378
E
2007229
2011865
AOIEEU
2003387
79361
UOIAOAA
84065
1984645
EAO
1976600
AIEIEEEIAU
149554
124282
1958648
EIEUUAIIO
1955392
1956848
1965581
65676
1971481
107338
1976294
99873
142433
72113
161714
1985542
107338
130497
1990655
1997947
2006984
2009548
2018826
2025911
2033392
89449
133448
2041341
2042321
2051901
2052050
2061796
142433
UEAAAUO
OAIEIUEEI
2042935
124282
2043282
2044108
33314
2052682
115103
113733
2053704
2054037
130497
2055220
2059828
2064864
88132
AAIIAAOA
IIAEOEUOEE
2064621
102344
IIAEOEUOEE
121470
100451
IOUAE
102344
2051913
69780
AIEIEEEIAU
2045133
120411
113733
2047307
OEEEEU
153417
85467
2025865
2032939
2035574
2040371
2049407
2050711
2051874
2054129
2056936
AOIUEO
2045843
2053206
123696
49793
124282
2059453
2069171
98011
112715
IEUOEEEAEO
2068601
2077700
117988
EUEEAAI
2069441
2072723
138176
2074849
114297
72113
112715
2077449
EOEEUIEAE
2073143
2076253
152458
115892
2079147
2086019
131197
75087
I
2064499
138176
2069833
134175
127752
150744
2079401
90453
117624
2085483
2092601
2096278
133448
2104205
2112336
IIAA
2088232
UAIUEIEAOI
UAIUEIEAOI
2081158
2090088
2093620
2103395
2111403
2114796
2117618
2127522
EE
2124972
145220
97957
72113
84390
EE
2124473
2129368
2133052
EE
2134254
80492
2136969
EOEAO
115892
140504
AEOOAU
2124717
U
2109289
107009
2109496
2114291
136186
2120324
2124486
133891
73396
108278
2128636
2132193
131670
2138460
EUUOUIOI
2120331
2120450
2124711
2126019
76855
2135108
2142923
AIA
2131233
2132402
55689
2134492
146489
2138856
111775
127438
114352
114402
102864
2143341
EEAEEI
2131023
133567
110021
I
65676
2128232
IOUAE
75087
2119589
80632
2126125
UUE
EUEEAAI
EUEEAAI
2096768
110021
2103232
2107744
120173
2111278
EA
103147
2103877
2110956
144437
2119869
2122379
102020
83325
99947
75953
2130268
118086
AE
UUUAIU
2109102
2110208
99947
AAIIAAOA
2098328
120181
90453
120273
119109
2106048
2111253
OO
2093051
89267
110598
2099294
2099538
2102726
2105000
100464
138176
2106118
2108408
2112632
2119404
AAUOIOI
2102542
2105462
2110147
2117136
194037
131670
2117868
140981
2124440
2134198
157410
2136714
2145292
110598
100451
49793
2154949
2159337
2169091
139107
2169901
73396
110021
2173749
2178173
2178484
120975
2178500
2181794
2184894
EOUUOOEI
2173309
UIEEI
2172467
UAUEAAOUUA
120173
2162625
IIEIEEI
2148582
OEEOIIUOOA
EOEEUIEAE
OOI
2106516
94023
2108136
2112958
2118849
OIIE
2113913
2122191
2128825
2135889
2145514
117136
OIIE
2152293
113921
2159884
2165511
UAUEAAOUUA
2165391
O
2172578
173923
2177377
2179835
2179956
114297
2185036
2186294
2189524
2189998
82925
2197477
AIUEEE
110598
145122
2186100
2191659
143564
2195285
2199689
113921
2204775
77390
147197
2212419
AOAIAU
73780
2202447
2208536
AEEEIIUAEU
2189646
2195566
2204108
117858
163105
2204908
2214504
EIEOI
139516
95706
2194695
2202597
IUAAAIAAE
2181806
94022
2182767
2189340
125851
113794
2197359
2206770
2211113
142024
2212416
IIU
86816
2189060
114297
2189649
2196665
142027
95849
93344
2198818
2202596
OAIEIUEEI
OOOUOOI
2173088
151066
2177176
162954
AUOA
153519
2178703
2185811
2186561
2187814
2192345
2201117
131670
2201280
2204293
IIAEOEUOEE
2203402
2204075
117624
2206757
2207868
UE
119885
2195313
OO
2192404
2194252
114297
84390
2199238
EUUOUIOI
2197977
111803
134041
95849
2199855
2202366
2204342
2209043
2213043
AIO
2206500
115651
EOUUOOEI
97854
OOUOUOA
2173587
AA
IIEIEEI
2145006
126876
134986
132565
125501
2145746
2150112
UIEUAUE
2140190
2144678
2149969
2158703
155431
2164306
2167565
73396
2176089
2181686
138232
2188974
145883
120173
2198026
2204324
147083
UIEUAUE
2206056
AOAIAU
2182769
108278
2185224
110956
127146
UEOO
OEEEEU
2163507
115913
122767
EOEAOUA
OAEAEI
2131865
126701
2135368
2136883
2138005
134986
157576
2140166
131670
OAEAEI
OEIUIOOE
2119779
2123049
2125006
110289
2127716
72113
2132738
125769
2139147
2140022
OEIUIOOE
2135747
108142
IOIO
2138421
2139236
81472
2144799
2145730
2153389
132203
161104
172339
2158180
2160658
2163875
137064
110311
145883
135520
163105
132826
80492
97116
2169517
AEIAE
2145576
152763
147167
65205
2146241
114297
147191
94022
2149376
80632
98146
OE
UOUUAOI
2129539
143564
2133863
101365
157576
2141084
134037
2143830
2144974
2148420
2158090
110289
120173
139516
2159267
108142
2162286
2171063
2179272
123562
145892
148541
UOEIIAEUAA
2158384
2163058
2169170
2178838
153519
145229
194037
2186612
80492
72113
2186656
2193834
147844
97854
AE
119662
E
2188727
123562
2192417
137013
2194708
123562
172456
124774
2200820
172339
2203805
2205343
147191
UOIAOAA
2195598
2200617
108440
UAAEOUUUA
137547
2190393
2191906
124072
124205
2194055
IUUUIOE
2190346
2197581
EA
2203523
2211242
2220185
2226332
2227876
2232092
2237418
2239535
2245460
2248090
86816
OOI
117624
134041
2240244
2245206
137939
2248579
2254684
2257446
124052
122767
EUEEAAI
42129
168174
2245221
