3066
0
9485
14491
0
II
II
0
7789
0
15270
0
OOOIAII
11543
OOOIAII
AEEAEOEOEU
AEEAEOEOEU
AEEAEOEOEU
0
0
0
0
9196
0
0
12581
AUAOAUEAE
0
0
0
0
0
0
15807
16018
0
22971
0
32829
0
0
35595
43515
1801
0
51874
56131
0
0
IIIIUEIEE
45118
AOII
6419
25414
AOII
0
0
21265
23215
0
33101
0
41577
44104
0
0
53826
0
57041
57540
0
58408
0
64573
72241
81630
0
89743
0
97989
98652
100293
0
0
107866
0
IIEA
108941
0
7920
114498
0
121499
123914
0
E
104237
0
0
0
EUUOAEUOAU
77736
0
84327
94272
AOEOAI
101143
110411
111427
111968
0
114043
0
122575
0
AOEOAI
EEOOIIAIEO
10247
98603
0
103632
3215
110139
120118
126740
134614
135892
144969
0
149443
153194
EUAAU
0
139456
145938
IOIAEAAUI
OEEAUAOIOE
132726
0
0
133415
134983
0
EAOIUI
115593
0
0
0
117358
IIOAUUI
0
0
110860
0
15819
119583
121235
0
126479
0
0
127080
133451
9389
141286
149076
EUOUII
0
0
0
0
UEAUEI
116524
118906
120697
123575
128438
132929
0
8532
136526
137696
143093
0
149536
211
0
0
158644
159921
5029
163977
166248
170513
177586
185772
0
15819
0
187068
0
0
0
191494
198697
199574
2415
UEUAUEI
177723
0
177962
AIEIEUAEI
164939
0
AOUIIIIAUA
145414
151852
152526
6953
9979
153005
154793
AOUIIIIAUA
155265
163044
AUIA
158545
III
156778
0
0
UAAOOAE
149231
689
155375
155782
0
158623
160576
0
0
0
170204
175866
177893
0
IO
162075
163249
0
OIIUAIUOEO
161347
171325
0
OIIUAIUOEO
175383
IUUIEUI
OIIA
EIUUO
147691
156824
IIUUUIO
IUAIAAIAAI
130412
0
8232
OA
119986
0
9722
122246
131085
OEIEIA
124895
14088
EIAEE
118473
124397
0
131673
AEEAEOEOEU
124481
130487
0
2382
139485
0
0
EIAU
129897
EIAU
AUIUIOO
108713
114518
120547
7352
6701
121187
0
130461
0
138010
147635
14088
0
152912
154347
6953
0
0
156218
160841
161628
170549
9268
13493
172218
179537
1765
0
UUOEEOAAOI
165663
IAUUEAOEA
145984
154116
162756
EUAAU
145727
0
14088
OEEAUAOIOE
121048
125015
134180
135490
0
136441
143407
0
OIUOOUOA
0
136079
144793
148549
663
154943
157910
166908
176361
182436
186040
IIIUEIOIAO
OUOI
0
1568
OUOI
6006
AUUEOIIE
136219
0
142042
144340
IO
133818
138842
143835
151981
10467
155374
162834
168262
173763
IO
0
169806
172752
179170
6043
180281
185430
5557
193460
0
194967
1788
204685
209447
212511
214913
217769
224980
229770
IUOIOU
222860
227117
234556
238490
245243
8186
249876
254532
260257
7352
266182
275853
277007
IEEAAIIE
258187
261237
270536
275661
IEEAAIIE
270230
IAU
253757
AAUAOIA
235901
IA
9068
0
215053
215077
220978
AE
198668
IAOAEAUE
179469
183008
0
14626
183948
0
6443
0
12860
0
2527
193776
IAOAEAUE
EOIUUUIAAU
186467
188620
0
EOIUUUIAAU
191902
0
EOIUUUIAAU
199907
0
9712
0
204888
205760
211403
212145
221568
0
222570
232062
0
UEUUOIEOO
10927
227887
EIOUA
UE
0
15008
214013
UE
12860
223077
223108
EOE
IUEUE
190973
0
8030
196462
196782
0
204847
EOUA
189538
189636
195039
199317
13795
0
206666
0
207723
217174
217917
223734
UO
204658
210303
217659
2963
218882
UO
0
10736
215321
9712
6438
217513
217701
222526
0
0
3058
AIIAEAIU
UOE
204565
212274
10226
216371
8186
224662
4610
227661
0
237334
UUO
5397
210502
217469
0
9718
226140
226837
7763
7439
235259
242509
UUO
248898
0
5066
255233
258573
0
6418
UOAAOUI
0
0
249520
251988
I
237153
239753
OIA
219070
223187
228520
232978
238895
243212
14088
6029
13700
247046
OIA
UE
0
241462
247570
250034
OIUOOUOA
236154
237180
238882
OUEUUIIIOU
IIOUAUOO
OIUIOOO
193113
195738
UUO
9979
6953
193706
203412
205864
214269
219402
UUO
1363
219742
222675
18854
230660
12825
1950
234813
236943
0
18854
9826
243524
244655
0
3543
0
252554
258790
0
264436
271743
278588
UUUOAOAEUU
261434
6852
264492
EOIUUUIAAU
264931
273272
UEE
278521
0
284825
286472
EOIUUUIAAU
24596
AI
252622
5557
262402
AI
262314
0
270434
AOIIUAUEI
5006
258323
0
267209
273007
273267
9740
282080
287318
288119
294394
300008
9718
309906
316313
323808
330283
AIEIOEIO
AEEAEOEOEU
309773
318648
13689
319937
13689
329319
330851
EUAAU
301713
301973
OAEOA
OAEOA
2402
0
13795
279148
279859
9979
281782
284396
293759
10927
298760
UUI
24218
0
290657
295493
0
302490
AEIOIO
12711
302516
308505
32491
0
312053
OOIUEAOII
6852
312422
316879
325104
AUAOAUEAE
0
14480
9299
4097
13493
22543
321618
1774
323892
15607
9740
326124
332326
4458
AA
315868
14294
316863
317652
324699
330450
9740
336450
0
341009
UIEUAIAA
1765
20137
8565
331370
0
EIUUO
303482
AEEAEOEOEU
16872
22890
303846
304992
UIEUAIAA
EAOE
20137
8184
UUUOAOAEUU
15871
UAAAAAIUII
205337
208370
212503
221165
UUEEU
204851
0
OIIUAIUOEO
IIIUEIOIAO
7352
190104
OIIA
18814
186818
20137
6503
189004
UEEOUEI
9221
14724
172199
173367
0
182606
U
172256
179398
186874
193147
196415
0
3058
206109
210912
220897
8671
228167
233250
UA
EEU
OEIIIEUU
AUEIEU
12530
AAIEUE
185990
UUUOAOAEUU
178150
OIOUOOOAEU
3385
0
EAEIAOUEAU
147569
154408
163327
AEAIEIEAI
155974
14724
6201
160607
13493
164893
169035
UAAOOAE
OOE
147084
OEEUA
OAUAIUOU
16044
108908
OEEUA
101384
9113
103658
OEEUA
104395
2581
5489
112904
116353
122772
AI
115144
UUUOAOAEUU
99248
0
101849
109454
12471
119173
13493
AIEIOEIO
111897
0
121689
129817
136828
141820
144382
16703
AAIEOE
OUEUUIIIOU
EA
26999
AIEUEO
11688
86025
2856
86988
1923
89032
92052
100686
7356
110543
114262
0
3050
31066
124231
125324
132177
133973
136828
EEUEA
123776
AUUEOIIE
0
117258
UAAOOAE
100622
105374
107149
640
1774
24596
108219
17131
0
25207
4097
111564
8186
10838
20843
25232
2581
11647
OIA
4682
101298
102482
106586
IA
86739
86955
EOOAEAIII
4936
78466
87609
UUUOAOAEUU
14343
UUUOAOAEUU
15174
UUUOAOAEUU
12711
7352
81009
15298
14480
OI
59717
62243
3474
EIUUO
9113
AEOUAOEIUA
46894
33456
14058
50229
55906
64452
II
39784
40398
50143
58937
62904
10838
72317
8186
81581
14088
9255
1223
26120
87578
92318
97634
8886
1923
9255
97966
27278
102909
4097
239
II
25349
112021
3751
116467
UAAAAAIUII
119602
UAAAAAIUII
120483
124011
129946
IUUI
123187
AIIUOEAIIO
8551
103545
106225
113322
9979
118814
120183
13804
129390
10697
IOIAEAAUI
122068
127611
AAIEOE
114649
117250
10938
0
122064
129387
130696
139450
143820
15449
9658
8662
OIOUOOOAEU
7352
15298
9771
9616
30102
138955
144588
UOUEAOAO
138725
EUEAIEEE
140447
0
13568
148130
1950
9240
UEUUOIEOO
4016
AUAOAII
25625
OUIAEOUII
129276
129317
135596
14724
0
144789
148107
IIIUEIOIAO
2963
122278
130222
130237
131159
A
UIEUAIAA
0
111115
EOIUUUIAAU
91677
100696
EA
1553
13306
83162
84896
85234
87953
AAUAOIA
87393
0
15466
IIIIUEIEE
AUUEOIIE
25207
AEAIEIEAI
27562
33940
38747
22745
UAUO
38104
38295
0
44182
47144
49376
56000
59237
63038
IUEO
22479
UIIAI
47911
53861
62469
62860
67375
1770
72715
5646
UIIAI
78673
16260
82429
0
2963
89899
UUO
27211
83526
92491
5488
31385
92978
102573
103544
108811
2856
OIAAAAE
83820
91184
AE
91609
96762
101153
101756
2963
109841
110155
114029
IEEAAIIE
21510
3050
41916
5197
28150
15319
24801
114984
1774
AAUAOIA
9213
15670
98151
IAUEUE
2423
86029
93321
5817
20755
99404
108498
0
116014
117287
9628
119830
0
122680
9840
0
AUIA
103506
2402
UUUOAOAEUU
34094
AEIOIO
72568
78948
83654
14480
AOEU
16474
UEOEUIAAAO
64724
6075
69788
73034
79643
OUEUUIIIOU
UOAAOUI
9221
53989
15049
11061
57084
57811
602
60156
67111
1553
14724
13306
75205
20755
83240
87202
EOOAEAIII
87627
92421
92954
6809
14088
11168
93714
15534
OEIIEU
EUUOAEUOAU
57522
AOII
43188
50913
8551
55123
9628
28150
32126
6029
59561
68266
76057
82946
UOU
59113
EAAOU
0
EOUAEUOAA
9299
9826
35898
15319
IA
22385
30003
UOII
9248
0
15616
17227
22896
5646
OEIIEU
OEIIEU
18757
4958
26030
37468
6572
AOEEEIOE
12554
15981
18364
20311
23040
22479
14480
28339
22931
35637
39920
26407
43270
UEAOIAI
9771
29046
7108
32111
34759
OI
15319
28456
UIEUAIAA
14160
10457
37116
5558
19473
10838
8509
6763
21289
26407
31051
38744
UEAAEUEAI
27539
29055
35793
45463
52090
53365
15838
55722
60883
OI
50939
55021
61686
66588
71075
76155
84710
602
85770
86480
91421
22890
20766
92264
96972
14088
15869
105916
30607
107964
39480
112467
EOOAEAIII
9826
113839
115986
123650
131082
9773
131254
136146
137735
144413
15838
14115
151753
158920
166338
7684
12876
171695
180884
181171
189920
UIIOEOIA
17169
22745
17887
181754
183835
743
187713
25349
29343
UE
173849
178563
185408
186907
47077
6043
191999
UEAOIAI
177785
177893
187741
191700
22890
AUAOAII
2423
12113
6809
6687
9740
UOAIEAUO
162113
165517
AIOUIAIOII
139735
9464
33228
25207
13568
EAAOU
138219
AAUAOIA
131308
137656
143718
147041
EA
139262
144094
149466
150648
10030
158240
158465
15869
OIUOOUOA
UAIOI
12876
9773
120873
18317
11676
129035
136952
141417
35127
UAIOI
140746
31124
147579
152515
15981
153329
154526
25936
156942
UAIOI
9299
3050
17922
15670
162100
163496
27305
15871
15869
165287
AOUIEUUI
140512
25625
6612
150507
155633
31937
25349
157168
9826
23534
13753
166649
14724
AOUIEUUI
7985
164943
15871
170262
173895
14088
181559
190369
11168
198995
14536
207670
213691
215901
6043
5488
4936
217492
221772
225959
227671
19128
25625
25207
231233
15920
236372
OI
IAUEUE
209637
13804
18317
213787
223264
229395
15466
23534
232243
240266
249240
256190
27399
640
7948
261915
AOEOAI
14088
16083
15117
13534
258792
267942
269699
17350
272193
278133
36021
UEOEUIAAAO
279177
25936
284701
20063
19286
290780
298238
302273
302524
36241
308138
9840
15566
16641
1950
312188
317574
321841
10242
26407
27598
39694
AOUIIIIAUA
308387
35499
311323
6809
313493
320964
330554
10030
UAUOOUAA
11386
307046
OAUAIUOU
12876
308446
6612
11168
310474
27305
AOII
295448
295759
UIAUOAO
289109
AAIEOE
EEU
252168
259353
268035
9299
272438
279144
EOOEUIEIOI
EUI
250630
30039
260091
263106
0
EIAAI
253058
262841
265983
269343
277976
16872
284220
286037
287186
16474
21877
24822
1774
293861
47660
OUEUUIIIOU
287515
IUOIOU
276582
284698
3058
286114
291748
1774
293311
302381
305235
309468
314362
52197
315252
18281
33453
IOIAEAAUI
8924
AIIUOEAIIO
IEU
14703
258451
24596
20768
268439
269120
7684
274625
276106
284430
290835
AOUIIIIAUA
15896
2963
281133
15896
14058
12876
289252
292700
298230
24822
301214
10030
308365
317286
317310
16474
18838
0
27399
319759
20027
319795
IIAOAO
301351
6029
303224
307288
309976
8375
318679
IIAOAO
15871
12049
EOIAAUEUA
U
EAAOEUA
16641
295563
299725
IUOIOU
15869
12876
9213
274916
277075
285153
13182
EOOIA
281381
286683
OEOA
33269
280796
289179
297913
306543
27402
28944
310824
4936
18838
315156
OUIAEOUII
303501
305133
EIOUEIO
5677
35818
EIOUEIO
294659
304432
309749
21040
33269
314422
323099
29167
331291
339040
340408
3058
344976
40703
353062
6241
OI
EOUA
5386
47660
25927
323876
OOE
23399
296479
16872
299653
302899
UIAUOAO
IEI
256839
261206
265739
31484
270387
7056
AOIIUAUEI
EIAAI
12028
14022
23399
253978
263166
6453
OEEUA
EOOIA
AEIIEUE
10242
14278
18281
212303
214678
215106
29167
223338
231998
241785
249566
UIEUAIAA
245574
246165
11260
252035
252516
256094
257866
27490
266395
275901
40119
277206
281942
13534
AUAAIA
20082
EEOOIIAIEO
268837
270536
AUOEEE
266707
14909
269933
9000
25625
270705
275808
282328
45714
289030
296955
306711
5677
9028
312672
36241
316538
325160
IOEOEUEUI
51202
315160
39730
318231
6926
318510
12049
325023
14909
334797
OIIUEIO
21984
306370
35421
315868
28714
0
317708
IIAEIAUAOO
9658
317909
8551
323171
10040
29630
18838
27401
332080
14050
9028
25053
334106
3050
342663
19128
349128
3050
351724
361554
35499
361927
27489
363055
25381
19447
25381
16208
36021
10065
14909
52197
21070
16208
370384
373252
24833
380209
14536
386031
391061
24345
19447
397284
399462
403298
412997
422296
18138
35472
16652
431831
435157
441088
444238
444661
AII
449124
456032
45194
6453
18192
461000
469660
14596
30115
473425
10030
475707
478318
483615
25349
UEUIAIUIU
28376
472215
480428
19696
488703
13174
24345
18395
30360
UAUOOUAA
475920
484410
30328
3058
488577
490637
I
467144
13534
476167
479225
AUAOAUEAE
13534
IAUE
446550
UEE
447583
18192
455359
458418
465667
469712
474396
29630
13568
AE
460526
24916
64051
IEU
16872
446234
UAIOI
38727
424871
426455
431677
9000
433390
433546
441039
9464
EOAI
418795
428293
15630
434249
27714
441881
445821
OIUOOUOA
OEEUA
21180
8375
414405
416895
424786
AEOUAOEIUA
426727
19128
430805
14703
435937
EUAIA
426309
29644
20683
UOII
412905
13474
39569
IEIUAIE
408735
18372
17415
9000
418551
19286
23434
EAU
AIEIEUAEI
388989
397778
399301
403123
27714
EEUEA
19286
382690
14909
386129
UAIOI
378686
381672
382735
29630
387826
OUOI
28714
384686
385170
393782
AOEU
8535
372194
374694
27490
EUAAU
371545
374996
EOUAEUOAA
20467
371253
AOEU
13042
25462
363614
33239
20589
AOEU
UIIAI
338595
342628
343899
352645
359301
359819
OOO
347533
23399
353783
355969
363914
367689
31838
AA
339424
UA
UEE
21180
41460
10633
318184
319855
52671
326513
331923
16872
23756
31937
IEU
26370
36021
31838
328005
14666
41460
24492
330610
336145
338565
344386
2963
344408
UAAEEIIOU
328632
IIUUAAEIOO
10040
6797
11704
24492
IAU
295387
56571
UAIOI
266511
IOIAEAAUI
258011
267734
8535
274063
6797
278310
15891
20063
287396
OEEUA
272077
281171
25625
25349
285424
285626
OI
262473
266914
IIOUAUOO
271566
10633
IIOUAUOO
266377
47077
274722
281205
AEOOAAOEOE
276982
31838
16641
283208
28714
19342
290081
293893
300086
OIIUAIUOEO
288789
290459
292887
51502
OIUOOUOA
20063
EIAU
13042
281713
282692
289356
29644
AUEIEU
UIIAI
252562
261187
267301
274996
UOAEOEE
264575
273214
275247
14703
20742
24916
25936
5820
280460
286753
55749
16410
49385
290947
10633
295947
EEIAUOIAUI
284195
285078
35272
291125
47077
292284
AIEIEUAEI
AAEIIU
263164
OAIUEEU
260388
269896
274311
281740
291399
301142
14278
309190
315308
318240
51202
32316
328200
331417
44194
337597
6241
24596
14666
52197
344233
21794
348266
354760
13174
14666
361502
364019
366248
371841
376798
379639
385699
391864
400000
404840
28714
34348
UE
388425
20742
UA
387301
AOII
379505
29301
383518
392525
22261
400519
404294
44194
OUIAEOUII
13174
377154
24596
24345
385913
387885
21919
395661
400226
408688
32594
32316
29644
EUEAIEEE
389387
396528
OAIUEEU
396997
399422
400908
UEAAEUEAI
388008
396055
403605
406525
36058
412432
UUOOIIEA
IOIAEAAUI
358861
31124
16872
361890
365214
373227
IOIAEAAUI
377601
34875
384009
385122
32594
387941
29301
392979
400839
18379
405193
413116
419756
425171
427082
432218
35744
8535
439651
446956
454491
457086
459042
16466
5677
31879
459333
468584
31124
18705
477311
IOIAEAAUI
UEE
479221
484717
31879
493034
498493
501190
503970
509801
511434
520728
52671
16763
527638
UAAEEIIOU
515241
21786
522231
23756
OUUAUIA
16198
496870
OAEOA
478272
482911
18372
30822
9771
24345
489331
497156
504519
509671
21794
511216
514155
516911
26220
525426
6809
20557
530370
IOIAEAAUI
516012
518319
50898
23709
523652
533203
36241
5197
540677
545119
IOIAEAAUI
AOUIIIIAUA
524305
534005
AOUIIIIAUA
26676
540851
IUEUE
33139
538722
547570
65584
6797
548732
OEEUA
538316
543660
13042
17038
548701
IIOUAUOO
540879
33499
549506
550111
29644
47154
UAAAAAIUII
IO
522594
526732
527071
9213
529711
5197
20036
33499
537422
545668
549295
37817
552022
556657
556986
35744
36241
561001
OIAAAAE
19837
AUEIEU
514358
517825
519592
19447
26574
17174
525223
OIIUEIO
514755
IUAIAAIAAI
AI
459870
27543
AI
462869
47574
AUEIEU
444761
20768
445694
452017
34875
UOAIEAUO
18309
432982
41152
31935
41152
IIIUEIOIAO
421724
427607
34038
50241
432519
440696
38098
13239
OEIIEU
8375
13804
431689
16466
20557
EIAU
EUI
42152
34875
47053
UEE
U
380520
386072
20768
OUUAUIA
380709
40703
39308
63299
24596
389137
20587
390723
44238
394604
IEI
8375
391794
IIIEUOAUOU
374824
384552
390826
26676
UEOEUIAAAO
394855
401547
47574
EUAAU
381234
27543
389670
394113
IUEUE
379028
384437
IUEUE
389371
391170
392986
43999
20036
396326
403895
EEUEA
392776
EAAOU
19696
374472
10030
382206
44238
384987
19286
393824
AAAEAIIIO
373459
20763
IIAOAO
18309
AIOUIAIOII
EAOE
29612
349549
357247
359810
11704
18422
365988
22697
367594
377071
385225
386630
392226
32542
400384
408706
13735
412933
421355
422910
IIEA
417102
417209
421966
431786
31160
33492
33139
435701
EUAAU
23534
24129
419277
420468
20587
13830
420581
428677
438505
442757
23534
35096
452260
32594
457816
10040
AAEIIU
439109
443870
451799
10908
455144
15052
461479
AIOUIAIOII
464654
471411
31303
479525
UOU
EIUUO
48968
26053
27500
22385
62767
465152
35806
472910
474002
478236
48005
24346
480830
31935
EIUUO
482983
AA
AEOUAOEIUA
20128
35806
463399
471333
472434
475605
484949
488086
27480
19090
19696
491983
495440
IIOUAUOO
478178
483159
IIOUAUOO
18309
486012
487001
490708
492067
UEAUEI
493913
502892
AEIIEUE
487167
IOI
20768
462894
464232
473525
AA
11704
8037
23295
44238
469869
39154
25989
478197
UEE
457770
460695
53218
460805
466797
EUAIA
UUOEEOAAOI
418112
427963
33455
IUUIEUI
4330
428280
IUUIEUI
436536
56644
445198
447693
455969
456107
463864
470550
61323
22566
11704
474838
31124
30110
27490
481252
485719
487649
IUIII
10030
AOII
AEIIEUE
445351
446625
52197
453214
456157
22453
463562
471655
474119
20768
478588
482798
484169
15951
487595
AEIIEUE
487747
492048
494188
IIIEIOO
471366
UUO
456672
463189
44194
31718
466638
42127
25358
26574
466757
52670
42342
468715
19610
44194
5820
OOI
22607
EUAAU
456737
465410
473174
476859
IIOAUUI
461717
463890
464378
473239
25358
38584
27490
AOI
20587
473577
476220
32550
35283
35499
481319
490049
491264
OAUAIUOU
42127
488214
493034
500838
507936
19696
516788
47111
517789
520387
24815
520797
525135
535064
22566
25936
32811
13830
17056
34875
536893
539314
OAUAIUOU
UO
33940
541685
33492
25989
UO
540959
546181
555866
564677
565947
47077
570412
570958
39897
43797
580321
582371
588316
593980
36930
UO
596686
605359
609614
614809
621095
EOOIA
625337
632555
642472
644044
35096
15478
9771
651086
OUEUUIIIOU
646885
32502
50625
656840
657685
665131
43797
669132
OIIUEIO
42127
660510
661411
22566
AUAOAUEAE
15268
AUAOAUEAE
646222
19610
648183
652986
654771
AOUIIIIAUA
639607
646894
655776
60094
15478
658720
15268
45070
666141
25255
24815
39154
32811
674887
676275
39559
677922
UEAOIAI
17415
679457
680028
685656
19286
19765
693928
41653
703370
15052
708399
712547
14909
38584
716567
721831
722498
39188
729838
E
AOUIIIIAUA
AOEOAI
15268
657843
658925
666230
32571
26080
AEOUAOEIUA
UAUOOUAA
626248
UA
610079
615955
25358
33492
UA
AIEIOEIO
AIEIOEIO
596027
34261
47259
8037
15102
26067
9301
67229
AEIOIO
601411
15869
611239
618855
OOI
10030
594016
30224
599368
601315
608290
610514
612201
613348
OOI
617725
627274
E
47154
8375
624113
628448
IEI
629505
IEI
UA
630367
637981
646827
33195
OEE
EEOOIIAIEO
591925
OIA
582606
589717
EAAOEUA
576501
581448
584093
588377
594145
67229
603377
52197
13735
OEOA
601416
611230
614532
33940
617502
618385
42536
619471
621609
31605
629519
633745
35010
IIOAUUI
10030
40816
17415
EAOIUI
25816
625891
EAEIAOUEAU
9301
631133
EAEIAOUEAU
632890
25358
19119
641428
642889
650427
19765
651617
24815
27686
660745
667196
669678
675861
31680
8375
AEOOAAOEOE
652645
658122
22453
30929
13735
661903
18372
21794
33492
31303
22079
39563
668539
671131
IEI
669772
EUI
648431
658102
663124
50010
IEU
66294
58926
649691
48477
34261
657017
35707
50176
665352
8375
671093
19119
678774
30110
678995
61379
8604
61379
36135
681639
688356
35707
695029
32282
UEOOUOOEE
675138
47259
OEIIEU
OEIIEU
30515
IIOAUUI
631937
37363
IIOAUUI
13830
UUEEU
627486
635088
643815
19119
643900
66294
22987
EOOEUIEIOI
635218
67229
637080
28965
639456
641321
7265
648137
648676
658619
21794
661379
663854
34002
37002
673666
674942
18372
10030
675024
15478
OOOIAII
662198
11838
665392
EOOAUEAUAI
649164
EEOOIIAIEO
628109
637975
647127
655789
38533
IEI
29753
29036
30851
634589
79391
27789
638011
638598
18372
638856
644471
644665
32324
653658
58926
659736
660983
669938
673784
27071
10318
AEIIEUE
657443
69573
8375
27071
661209
32160
662708
26080
663188
31303
17056
15478
22566
671438
675168
682068
EEUEA
671522
675490
41740
684641
UEUUOIEOO
24916
661726
668846
675580
681813
688608
694393
39712
29671
4330
31718
694969
701817
67229
47574
OAIUEEU
679234
IIOAUUI
671200
675570
679959
684449
38823
47077
688212
693322
694212
703003
UAAAAAIUII
682254
690372
693821
694199
40119
IIIIUEIEE
697174
697683
698503
705249
710516
31137
EOAUOEIEEA
48477
711096
24916
715356
43624
724920
AOI
731740
37937
732398
741505
749918
37145
758460
765259
772659
55090
773125
778462
36135
783779
789425
790790
799115
804650
AOUIIIIAUA
43999
777779
778237
780976
32324
784951
792383
796595
796631
802208
808986
818088
827892
832757
840379
840957
26164
26164
21840
841887
849713
22987
35726
854564
855058
864398
867517
875774
878596
884985
888011
OIUIOOO
33940
886093
887668
897058
903148
904379
UEOEUIAAAO
32324
891877
52714
AIIAEAIU
19330
869986
8037
AOEU
847566
49385
847995
33940
39712
851476
42314
42568
35094
852538
39550
853166
860700
AOI
38584
831614
835808
EOAI
819430
826267
42568
35859
56070
833222
839942
841582
846540
854240
856911
859524
OOE
859628
861525
869791
872639
875919
EEOOIIAIEO
859567
868806
876493
878064
884915
AUOEEE
52197
868116
870167
877753
29036
879048
886151
13830
886898
891129
899498
32502
902047
902620
9771
35092
AUOEEE
34969
909314
38584
50010
OIAAAAE
896125
902191
23449
906447
8375
908412
917171
OIAAAAE
919100
924250
24596
926167
AAAEAIIIO
UAAAAAIUII
OAUAIUOU
876077
53224
68358
OEIEIA
861043
868790
33054
35749
UUI
47791
862372
21840
16619
862907
869107
UUI
UEAOIAI
871314
880183
AIIUOEAIIO
UUO
850928
854158
860062
26964
866842
72103
53729
868502
34002
877993
884180
EOIAAUEUA
38994
872100
880630
886783
UOUEAOAO
867186
32571
868738
872104
881958
AAIEUE
877944
884178
889098
893407
894675
32502
901507
25958
909255
911866
913533
39712
24616
917566
923340
926976
EUAIA
33452
908510
912379
916986
28057
917258
917500
927152
930437
938651
944452
AUOAOUIUEI
921875
41947
922524
O
896610
19696
62026
13830
29715
A
870318
8375
UAIOI
858824
68376
68376
863352
39550
864475
865585
39688
38873
35498
27071
11923
UIEUAIAA
865439
32571
EOOAUEAUAI
OEIEIA
830491
64480
16410
831984
58060
30281
834372
841935
845318
847625
AEUUU
820413
827007
832963
840212
848371
55090
853787
861133
864668
874108
III
48005
859606
860153
866606
EUUOAEUOAU
14596
850711
859214
43418
866730
EOE
864344
871050
37487
62026
54052
20768
10318
876422
881688
884320
886596
35976
40572
887496
OOO
870388
60476
877740
886583
60668
887092
59189
44131
887798
890576
OIE
864397
871587
876199
AAEAEAE
868492
16410
26964
877001
886831
23429
887535
897129
IIAOAO
AOI
866906
44131
872190
874511
EIAU
854735
51484
860586
862195
68376
867757
5488
50208
77683
33054
28304
868279
875119
EIAU
882748
892741
79391
899572
906864
914788
916548
AUEIEU
49325
21794
9565
910471
919637
47791
38571
923726
38823
24129
28966
OAIUEEU
UA
48744
910287
911450
920116
18421
928538
936264
939008
41740
IIOUAUOO
66143
919925
925997
IIOUAUOO
60668
928210
936229
936778
41228
32594
IIEA
918861
928712
935055
938251
941412
946952
62767
954427
9771
960472
961534
965769
973282
4366
71883
974297
49349
979418
985823
64008
986372
990847
992405
OOE
981914
989767
15869
995443
10030
36422
IOEOU
16619
975028
44119
35498
45055
984671
993785
1002455
OEIEIA
1003592
46554
1010602
1015411
29021
38056
IAUEUE
995387
1000064
1002862
22987
24129
77683
28057
UAIE
38571
997288
UAIE
OIUOOUOA
983734
UEOEUIAAAO
984902
49349
993414
29930
995669
15478
11704
1002222
29021
1011752
1014750
1018174
1022837
46554
58600
32594
AUAOAII
1025219
1026790
20337
61767
1028546
1034162
68376
55960
37943
AIOUIAIOII
1036961
1039432
44119
54476
8604
53945
1047780
1052940
1060589
1061453
1064806
1074195
44351
30281
28057
1076331
1077667
OEIEIA
1057829
1067191
40011
EIAU
UOE
1045384
UOII
1034614
64480
1041615
1043203
1047659
1056934
1057976
48398
38279
34688
33172
1060949
8375
UOII
1061582
68376
37106
1062603
1068336
1077904
1086626
4366
49974
1089589
1093317
66635
1101894
UUOEEOAAOI
24273
1077378
36416
66782
10030
35498
1086425
1087871
66782
19610
1093178
15869
1093411
20587
1094625
1102483
1105211
1112632
55286
44076
1115472
1124854
1132993
IIUUUIO
66811
AUOAOUIUEI
1124661
30913
1126344
1135898
1136156
UAAEEIIOU
1115758
1115816
1115849
37943
UIIAI
1113995
AUAOAUEAE
45055
57219
45879
1104581
60796
33270
1112189
8604
35498
1113985
16619
1117382
1119785
1126308
A
1102334
1105342
1112268
1118158
OEIEIA
1103779
1110781
62767
EOOOAUUIIU
1092477
1098525
OI
EIAU
1074020
1081388
AE
AE
OAEOA
64008
AIEIOEIO
1017854
1021790
37693
1031519
1041120
62947
IAUE
31715
1036185
UAIE
1024209
1030866
OIA
1023127
AII
996830
66143
55960
41541
24100
AII
995855
AUOEEE
980684
34688
983627
991662
OOOIAII
40011
983788
991933
39572
72254
IEU
984728
986893
989015
42876
65869
IIIIUEIEE
OIUOOUOA
953714
41425
963711
966689
974523
975461
984232
987135
21399
995764
1001152
1007325
1015808
1024113
46481
1032815
IUEUE
1015853
45282
55099
61767
4366
41341
1025275
AEIIEUE
43142
1024048
1025535
53910
1027673
UIAUOAO
AII
32454
1003526
1013279
1023131
OEOA
1015155
1017699
1017718
1022429
37154
43624
1031252
EOE
33538
26908
1011083
EOE
39613
EOIUUUIAAU
21153
30851
40322
998973
EOAUOEIEEA
OIUIOOO
UEUUOIEOO
939643
OIIA
64008
922208
922377
931095
AAEIIU
922116
923300
66635
930694
940555
948291
953769
956854
959809
966870
968395
976917
AOUIEUUI
IAUE
942369
OEOA
934013
943238
OOI
49736
928454
62026
65921
933682
937347
944837
41740
953030
26964
21399
959085
AIEIEUAEI
940722
949264
958587
39084
30553
OUOI
943393
952425
OUOI
952017
955758
45961
960823
41713
962893
972105
972695
U
949412
43624
59868
953589
68287
954669
34425
18960
38790
36632
961141
UAIOI
954243
960456
EUAAU
UE
918297
40463
925419
32502
931844
48313
937675
25750
30553
38477
943493
34002
9565
65827
949258
EAEE
AAIEUE
35196
932588
935293
938262
942838
70746
43624
945728
950998
44133
958016
962433
971634
980478
80912
40463
43325
49736
68313
41102
988595
988732
46467
62026
AEUUU
986089
986807
988465
993985
66811
44294
995540
1003168
1003730
UEUAUEI
992052
65921
66752
EOIUUUIAAU
35498
987560
23696
997093
EIOUA
46467
996227
OOIUEAOII
IAUUEAOEA
37628
974856
984787
988920
996113
1001436
1006103
45961
OIOUIIIU
982593
984232
52175
32502
57219
AAEIIU
26314
978576
983635
42707
992317
35686
49654
996813
64008
1003024
31715
AIEUEO
41425
25112
UUOEEOAAOI
38279
975268
46743
981500
39032
AUEIEU
968108
51295
971454
976158
EOAI
969067
969847
974630
40938
978016
985542
994545
55584
999367
1000441
AI
OEEAUAOIOE
13804
980022
982642
38279
984947
59203
987511
995289
998942
999281
1004722
44893
46481
28172
1005266
90834
1005647
73292
1014388
1017673
1023236
1027496
81104
1034093
30553
44294
43624
25750
1042171
1044816
1051155
IAU
1048805
40322
66143
41102
1055881
1063030
1063702
1071355
65827
IEU
61241
1057971
1065736
23084
1074160
1081625
1087445
1090951
50703
70746
1094280
1099552
44131
1099985
1107932
1114008
1116074
67971
1118929
44893
1119073
1122011
1123129
57219
40233
1127901
1137582
1146336
1149902
1152478
1155022
1156818
40063
1162155
1165818
1170737
37054
65234
1177838
54586
21399
1183734
EAEE
1163976
1172116
32502
1180994
1181579
1190224
1192762
86129
1197710
1199729
65827
1202469
70293
54025
1205072
1207907
30609
1215887
54586
1221717
60220
1226532
56596
1234800
1242591
67971
1251009
1253553
1255286
20883
IAUEUE
1255668
1260963
1270691
45961
1276337
26679
IAUEUE
UOAEOEE
1250329
33172
1255814
1262361
1268404
1277559
22987
1284015
53910
53525
1292963
44294
1294403
OUUAUIA
1272582
49974
1279731
1281455
1289561
7265
1294329
46399
1298466
50877
AAEAIIA
1281493
1282951
1284224
1288808
14596
28899
46903
IUUIEUI
1269262
30553
IUUIEUI
IAUEUE
33538
1249126
74810
1251851
1254647
1261109
18693
46712
1266340
1270631
68358
43263
1273914
1282398
IEEAAIIE
IOI
1273287
35686
1280356
1288664
1295360
68945
69624
1300356
1308942
1314575
1316135
1326003
1326096
66490
1330439
26314
1340143
1340221
34746
1348224
UIIAI
1345403
1353316
53115
1359353
69266
1364245
50703
UIIAI
39896
1370227
36689
1377688
IEU
1376211
IEU
1383700
1390571
1398867
AUOEEE
1381763
1388263
40938
AUOEEE
35707
1390462
1391774
1400298
1402144
35498
1407874
54586
1408809
EUAAU
59868
34425
36689
EIUUOI
41102
1381158
36689
40233
1385882
1395126
1397637
1400381
1403639
39572
EEU
1381676
UOE
1379865
1380328
22754
1388244
6503
EOOAEAIII
1374630
1379523
1386050
54586
1388976
1389412
UEAO
57589
60220
1382270
76820
57589
35498
1388068
1397855
75094
1403436
1407773
38790
34746
1410589
1420477
1427275
1429336
36217
UEAO
60220
1436059
1440858
60317
35686
1450521
1458204
1461519
1463492
49974
1472689
1473253
1481855
1487988
49017
EOOEUIEIOI
OEEAUAOIOE
1477588
65520
UOEIUIUO
1470199
26964
1479664
48016
27734
1486857
54203
1492426
UAAAAAIUII
1490709
1492198
UOII
1481986
1487487
1493940
OEOA
1470363
1471516
OEOA
1474356
1474686
49436
1481443
1483826
1486030
1490861
50208
IIAOAO
1473535
33538
1482579
1489431
52161
75094
1495025
1497953
45961
31692
1504225
1513100
1518548
1518997
1527254
III
46084
39572
56901
1520061
1521562
70293
1521927
1523270
III
30998
52447
40062
1524573
1532513
1538824
1545902
1555100
1561753
1570074
III
1571227
1571417
1579306
1583161
62611
46449
1588435
1589994
1595296
81104
65520
1603348
1607707
EAAOEUA
UEAAEUEAI
1587718
1595652
1600483
AAIEUE
OUOI
41425
1560316
1565633
EIOUA
U
OUUAUIA
1518034
1526801
29316
36217
49974
1526991
AOUIIIIAUA
1510503
37433
1515927
39572
69962
39572
UUOEEOAAOI
1494049
1498495
AOEEEIOE
1497342
1502147
UAIE
40235
1493422
1503357
EIAEE
56155
1486598
OAEOA
1478323
49809
1486956
1495455
26314
1504878
1507350
1515357
33538
1517971
OAEOA
1519339
1519927
1525963
42376
UEOOUOOEE
1517573
72957
1523505
1532717
1537793
40938
1544662
60520
OIAAAAE
OIAAAAE
34062
AAEIIU
1528592
1533316
1539222
1547185
IIUUAAEIOO
40063
IO
1519642
EOIAAUEUA
26314
1499707
1504720
28967
1508543
1515176
70061
41541
1521589
1531219
IA
1522773
40463
1528051
1535419
1542728
1549115
1551618
43569
I
66490
I
56155
50877
1542369
1551359
UAUOOUAA
1527205
11539
1537067
1542164
1549677
IIEA
1539123
1542089
38355
UEUUOIEOO
1527695
60317
1529038
1532100
1532237
1536687
IUAIAAIAAI
29014
1534938
1538469
1540788
1548512
1556975
UAIOI
35686
1530266
1540134
45870
60198
95164
28967
1540433
40463
35686
1545941
UAIOI
48744
1552997
1554828
1556125
1557600
1564664
1571935
1574369
88262
35707
OIIUEIO
EAOIUI
1565957
53408
1573344
74156
66490
1581095
1586238
1593970
1595661
1599046
AUIA
1589489
1595748
26990
53408
1603134
1607615
69624
1607656
66143
OUIAEOUII
38790
1604885
33690
1608501
1611344
AE
69785
OIIUEIO
OIOUIIIU
1551628
1552730
1560870
56901
58320
1565682
1571169
1579733
1584846
1594249
1601662
40264
55520
44133
1608269
88615
52902
1613782
48016
1620231
AOEU
EOOEUIEIOI
1595712
1599665
1607147
94178
51880
65520
EOOEUIEIOI
OOOIAII
1597704
1604941
44766
1612870
1615313
1616899
1620636
46449
1626068
1635406
47695
1635749
97066
27011
1640307
1646019
1646952
1651022
1660718
38355
1665611
UAUOOUAA
1654084
41506
1657067
OIIA
53525
EOIUUUIAAU
63438
69785
EOIUUUIAAU
1641821
1643694
OIE
1633483
23286
55584
1639456
OIE
41506
1638001
102121
50208
60520
UOE
1625486
1625598
89756
56596
1626044
1632838
UOEIUIUO
IOI
IOI
40235
1623818
EOAI
OUOI
1603049
25289
63545
1611803
1615743
1617214
1619290
102338
70293
1628915
1633698
51484
UEUIAIUIU
1613209
1620573
1621189
UOEIUIUO
1608914
1611483
1621137
1625737
1631515
EIAEE
1626635
42620
1631123
1634388
OOE
1632369
43995
1634674
1642576
AUUEOIIE
1627661
1636871
40062
79873
1640490
1644171
AUEEUUI
27253
1643500
77809
1647737
1656771
32502
38241
I
1637262
1642982
63237
28967
1649775
1650502
1655304
1664536
1665274
1673209
70293
1675711
1679982
30909
1686265
46424
1693055
I
UIAUOAO
50676
1667768
1677762
1682191
1685264
1685806
EAAOU
1672165
1680991
UOII
29014
1671263
A
76736
1665097
1674300
72616
IOEOU
1649265
1651560
1651640
UEE
89158
81104
53525
1648140
1653814
53817
46981
1657562
1660266
30998
1663863
UEE
1656981
71141
1658010
56530
1667520
1668110
1672554
1677075
61166
26730
71251
1686346
53817
41541
1689149
1697002
IAOAEAUE
1677016
UEAO
67729
1667193
87645
39921
UA
91443
1665094
66691
EAOE
45913
1659184
63545
1660376
EOIAAUEUA
1642153
45820
1645642
UOAAOUI
1623253
40062
1630136
1634478
1639229
1643983
14596
38351
1647153
8328
1657067
45913
50029
52952
1662932
EOIUUUIAAU
48004
1648945
OAUEEIAUAE
OAUEEIAUAE
1628856
1638047
1644964
53940
1654868
6503
1658553
1664130
62234
UAIOI
1660805
1661148
OI
66779
IAUUEAOEA
IIIUEIOIAO
41102
OIIA
1573334
1581345
38790
AAAEAIIIO
1560079
85415
1565650
45820
1574397
1581179
1589319
66691
86379
34356
1596070
1604876
66779
1607662
86379
1613093
56901
IAOAEAUE
72616
1603259
43050
1606596
1610527
UEE
22533
1593722
1602014
1609600
1609800
1616884
EAEIAOUEAU
OEIEIA
45820
1571355
1578086
1585102
86129
1589220
1596073
38882
67491
1603020
1604153
1604687
56155
46084
75094
44766
51880
67706
1608680
1612651
AOI
84074
65262
66752
AAEAEAE
1583500
1586955
56901
1593585
AIIAEAIU
1595553
1599682
69785
27253
1604245
1611899
1619813
1624789
52880
48014
41538
49780
OIIUAIUOEO
41538
1617539
1625389
1626842
52871
13144
25289
UOUEAOAO
64869
38790
60520
48003
1611989
1617909
1624014
EOOAUEAUAI
62197
1613238
1620882
UEUIAIUIU
1607606
IOEOU
40463
1585587
1589053
IAUE
1565001
1573571
52161
1575624
1576976
1581125
A
39824
1574631
A
EAEE
1559043
55592
1564276
67880
1564860
81813
EAEE
85415
1568769
EAEE
68135
1570265
71650
1574596
1575350
35352
1577466
1585609
1595011
67662
63801
1603298
1609588
1615537
1619165
1619345
1626909
EAU
1605129
1612736
IUOIOU
IAU
40537
1563369
60520
1563641
51880
1571972
1575373
1583870
59241
1589935
1594868
1604786
86129
1606020
1609791
1610258
1610955
1619497
40537
1622356
1624875
74818
46483
45622
40264
1625539
1626568
1630761
UAAOOAE
24792
1637047
12376
89158
1642997
57730
39561
1645084
1648088
1657355
88262
OA
EOAI
53408
64498
AEIIEUE
1596024
OA
63545
1570326
OAEAI
84887
IAUE
1544450
1545758
IAUE
66699
1544774
1552548
45386
49395
36100
1560714
43518
1561795
1564455
1573208
1582837
47093
1586996
36110
1588114
1595585
36217
1599301
61166
1604509
48004
EUI
1580064
1585064
76902
1591824
68031
1594062
1594302
AOEOAI
25289
1598246
1604743
78098
1612866
EOOOAUUIIU
1605406
1612182
1619668
1626472
1629507
1635650
46033
76321
94178
57730
1636413
52447
45889
1638934
33278
91443
1647112
OOE
EOOIA
EOAUOEIEEA
102121
1613981
40460
AOIIUAUEI
1601424
39824
EAAOU
53586
48003
93017
60520
70017
47938
UAAAAAIUII
1597674
1607632
69287
1613793
46033
1618845
1618968
UEAO
36100
1619778
71151
1625937
31607
EOIAAUEUA
1617036
1624590
1626473
1629767
24792
57730
61767
86129
1630433
1640384
1642603
1643447
1651077
1659336
1665728
1674210
1682588
1688257
1690720
35275
35275
1692499
1694818
62197
24792
UUUOEEIAIE
57730
1672450
1676666
74352
1684651
43240
55996
1685210
1686090
1686604
45913
1694788
77841
1702883
1707967
78098
1716967
1721482
1724626
44771
1731016
1739628
60520
EOIAAUEUA
EOIAAUEUA
1716373
63545
63801
1725152
39824
1726906
1732758
45913
1733468
1739797
1740434
1742803
1751704
66215
47488
1757152
1765332
73980
OIIA
IAOAEAUE
UAAEEIIOU
III
1690453
1694222
1698335
1699052
1705522
1705532
68031
IIIEUOAUOU
1701509
UUOOIIEA
1697219
1698155
1703074
66215
AEIOIO
1691864
1693052
40537
IOEOU
1692873
EOE
1686171
27761
1689784
31521
1689976
27734
UUOOIIEA
1690562
76902
1698376
1699592
48014
A
53904
41538
UEAO
1672655
1682359
31607
1688184
1688957
1694405
1694420
OIIA
1682347
1689931
71301
1695529
1695553
29154
1696814
1700583
74818
45740
1706677
1709537
1717287
41148
1724289
1725477
62662
1728331
86129
III
OEE
47519
1689147
1698544
UOAEOEE
1690170
1697580
62734
1702093
1703855
1710034
1714333
1720208
UIIOEOIA
1715684
67706
1723786
OEIEIA
1718584
1721479
OOIUEAOII
1718920
1721518
1731166
1736473
65198
EAEE
OOE
66556
1700900
1706166
53876
65537
15933
UOII
OEIEIA
1664643
1671904
58038
1674669
1677832
1683715
89564
57132
1688058
OAEAI
1664557
1669915
1672062
91516
OOO
67754
1670194
1678068
1685882
1691430
69785
AII
EIUUO
49286
1649175
1656731
76902
UAAOOAE
43518
1637109
1646780
48425
UAAOOAE
1653836
1660637
12376
31607
1664011
1670153
1678825
1684784
119604
69997
EAOIUI
AIEIOEIO
AIEIOEIO
126603
AOIIUAUEI
1667508
1673747
76321
119604
71677
OIIA
1661208
1663479
60520
31521
62662
1671233
64383
1671819
1679395
1680736
1688251
1694844
1702012
88477
1705131
1707686
71151
1707807
1711255
1712717
70443
30127
66969
1721428
1724246
AIIUOEAIIO
UOII
48003
1702241
AEEAEOEOEU
71587
28667
1682160
1687790
1689230
EAOE
1680025
1680804
OAUEEIAUAE
53586
1652075
EOIUUUIAAU
68843
1650952
1651491
1651660
1653950
88477
1658911
65879
1664098
1668449
1670705
1676525
1684147
71677
48926
1684397
69722
1689197
1695464
1699379
40084
69997
OIE
EOUA
62662
1659080
1662897
EOIUUUIAAU
1647096
OIUIOOO
1630203
1639949
1640507
1641930
65879
52176
70466
1647913
58038
65077
52816
1654910
86337
47293
1664412
1665153
1668844
103269
103265
1677873
67834
1679095
76744
1679144
1679467
1686777
UEE
1663143
EOOOAUUIIU
1639459
72644
1646675
1648974
14596
38386
UOII
1639816
1644339
1647580
76902
1652956
1661294
1668553
53436
1677242
1686824
1694887
90176
89564
1697701
1702249
UIEUAIAA
1694122
77853
1700616
EOAUOEIEEA
1679519
1688306
1697255
67705
1701588
AAEAEAE
1688487
100010
1697091
AOEOAI
22192
1691825
100010
1694669
37693
42887
1703017
69997
67662
107099
1710246
1710808
42799
1711180
1717920
IUOIOU
54427
1707198
AIIAEAIU
89564
103269
1692281
AIIAEAIU
1692236
1694279
AIIAEAIU
1690957
1697070
58358
46033
87071
1702738
42887
100010
54386
47293
74596
AIIAEAIU
1681974
1683071
EAAOU
67334
UIIAI
1638816
1648237
1649398
1651224
67334
49238
1653145
EIUUO
90216
1649606
1650533
1654992
1655746
89564
14596
80460
46084
1660967
70054
AEIOIO
41148
62741
58320
1642548
1643479
61098
41148
1651807
1661579
66752
97668
39697
1666019
1673106
69015
83588
1682358
48252
76902
71677
1689938
71111
1699379
1709195
38937
27761
1713891
102180
1717643
1724536
1732690
59241
EEUEA
1726594
104503
OIUOOUOA
1717918
1721275
46033
38790
1728343
1736814
OOIUEAOII
1715754
87071
1720025
1728948
77197
1729616
1731139
1735919
98023
1736066
AEOUAOEIUA
62741
48425
1715606
IAUE
1694619
22192
1702963
1711765
1721062
47488
IAUEUE
IIAOAO
1691659
65541
69785
1701193
25443
30363
45157
EIUUO
1690798
AUAAIA
1691362
83588
1697339
1706452
84654
114769
45967
1713810
1720232
1723816
58736
1728080
EIUUOI
1709476
53527
1715978
1720953
1730822
81723
IIOAUUI
40844
78797
1732200
OOIUEAOII
56243
1719957
AUOAOUIUEI
EOIAAUEUA
1687020
1689209
1691078
1700461
53876
7257
71111
47093
90176
1701296
1703484
67796
49723
78523
46093
1709366
44260
55584
55459
1717459
1723291
1731703
1735425
68217
1739289
1745510
OOOIAII
28667
1723861
1733086
1741731
1742561
47093
UUOOIIEA
1747320
54931
41506
1752214
56243
60424
47488
1757518
1757683
1765206
1767933
1777902
68630
1785577
1789151
65813
1790388
1792288
AOIIUAUEI
1777818
1778920
68810
71926
1788074
1793683
1798050
EIUUOI
1783763
1793156
75190
AAIEOE
68550
EAU
1763105
57183
60699
1766226
1776059
86162
1776707
OIA
1773205
1782815
1790060
99020
OUIOOI
1787740
1791051
99020
1800782
52200
IIIUEIOIAO
1781496
IIIUEIOIAO
UO
74374
56403
1776764
1786668
1794452
UE
AOEEEIOE
48252
1770615
1778558
AIOUIAIOII
IUEUE
43920
74599
75211
119602
1748255
1748660
1755346
1757986
1759226
1768217
102529
UEUAUEI
1769743
52533
OOO
79968
89756
AEIOIO
1719111
1726994
102529
1730457
1733780
1734914
1741196
89756
AEIOIO
1746335
1751213
1756346
1760178
1765444
IAUUEAOEA
1761260
51832
1765215
1770756
1779653
1787548
1791319
1796232
1801612
89756
1807396
1812310
62919
1820083
IUUIEUI
AA
78315
1806597
1816297
1819937
1828294
OOE
1821123
EUUOAEUOAU
1810143
1812271
1816884
1821971
7257
1822133
1823128
67386
76321
98292
1823413
1824877
1830248
52750
1835118
1836058
UA
1831662
45157
38937
1837759
39992
1844579
90216
1853975
UEUIAIUIU
1832710
75460
83061
1833535
49238
66208
IUIII
67386
1830025
89292
1834506
1841845
1845243
1847124
107099
1854090
1862226
UIAUOAO
1869712
83270
AEOOAAOEOE
1845670
OOOIAII
UEAAEUEAI
IIIIUEIEE
1807360
50157
1814582
1817211
1826753
OAUAIUOU
1802932
52610
1809552
68810
119211
1818442
1827604
119602
IUIII
IUIII
1806524
52200
76091
60699
91516
1809909
1819140
1827616
1831598
37161
67680
EOOAEAIII
EUAAU
EIAEE
1793502
1799693
94012
1802832
49238
1805847
1814495
1823813
75963
EEUEA
67389
1825521
1830913
UUUOEEIAIE
1813540
1820860
1825532
AIEUEO
1811275
69785
1815196
1815638
84390
89886
1816734
IUIII
1809851
98292
AAIEOE
1805696
54157
20998
1812791
46093
82701
1819197
60003
1819463
1826572
OA
EOIAAUEUA
37693
1809069
87757
48926
1813150
45889
68810
1822417
68630
1826147
EOIAAUEUA
1829859
1833640
AOII
73951
78154
IAUE
76321
1805280
1815139
1823581
1830101
1832668
74210
60556
1839729
1846165
61132
1853879
60556
UOEIUIUO
1855147
58837
39992
61183
1855845
83588
1858207
68048
1858294
1866706
EOUA
EOIUUUIAAU
1858055
67680
1858125
89756
EOIUUUIAAU
109420
81371
50157
1862348
1867263
1871480
EOAUOEIEEA
UA
84887
1842280
AUIA
1817300
1820555
66906
1829230
1836403
1839566
EUOUII
59140
38819
UAIE
1825983
1835671
14596
34649
86337
1842182
84649
1848764
1849116
1855322
1859539
1863184
77113
UEAOIAI
71677
1839438
1847476
86337
1856232
1863889
69784
54669
61338
54765
65874
1867434
1877161
AUIA
OEIEIA
1831965
88027
1838222
1844930
UOAAOUI
UOAAOUI
1828485
20144
AEIOIO
1809697
1809772
1811236
20998
AIOUIAIOII
43920
1816152
57586
1822990
EIUUOI
1807898
1810270
1818023
49238
AUAOAII
OEOA
1780651
75956
1788802
1794117
52940
UOE
62741
1774202
74210
1775626
94012
67680
AOUIEUUI
1771304
EIAU
AAEAEAE
1748956
84649
1750104
76115
64840
1755132
1760817
1762341
1766234
1773955
1777033
E
1777467
1785937
81723
1792319
IUEUE
42855
71043
73472
104544
1783113
51025
52610
1791267
1792010
1797854
1799382
IIIIUEIEE
1775422
22192
1782698
EA
1769114
22192
1778468
61287
55584
1781283
20144
61287
AEIOIO
1759396
82497
OIA
1756042
73602
1758973
69784
1766012
1773889
OEIIEU
81371
EEU
117934
1743126
80944
1749578
43920
1759437
1761001
UUUOEEIAIE
1740630
1745151
1753438
AEUUU
1733227
1742215
84520
80944
IUIII
81400
1737413
1746598
1752469
1758078
1758440
1765161
1767978
1768906
1777108
72644
1783915
61287
1788136
1797047
81400
1800249
1808642
93437
1817538
62639
1825118
74210
1829749
1835826
1841499
1842324
1848351
76258
1849927
1854140
1859893
1867073
1873938
1880654
1883857
1890218
68810
1898507
1905910
1908148
IUIII
UUUOEEIAIE
1905761
72644
1914125
AAUAOIA
AUAOAUEAE
13911
1904478
46033
IAU
1883128
1888309
60003
59693
62741
53407
1892057
1901372
90176
AIOUIAIOII
56511
1894359
1896278
1897565
72644
1904744
1907836
1910432
1912577
UUUOEEIAIE
UEE
AA
1858259
EAOE
1844932
79968
62639
1845312
1845401
1845406
48531
94205
74762
22192
1851801
1859066
104503
1861183
EIUUOI
1841217
66772
1843792
1847557
91516
1850562
54669
1854532
1862089
1864024
UUI
1862156
1870981
OIOUIIIU
47655
1860392
1863075
1873020
1876543
IAU
82477
1850643
1853267
1860351
1870329
55909
OAUEEIAUAE
1848438
1857608
79968
1859139
UUEEU
UUI
84526
III
OOI
1816435
84887
20144
1821737
69483
49723
III
1813040
AIOUIAIOII
UOEIUIUO
AIOUIAIOII
1781730
EIAAI
56267
87949
1775348
1780662
1783526
1784722
1789561
1799386
1809147
1817368
EIAAI
121723
1820084
1827406
EUAAU
63647
1824983
1828186
1832181
52519
1832792
UOEIUIUO
1814303
1820616
1823371
1831478
69008
UEOOUOOEE
AUIA
1810813
85370
94012
1816221
64686
1819564
61613
74401
86337
IUEUE
1819307
1820189
1827556
1831007
EAEE
1818824
1827610
86337
63763
81518
IIIEUOAUOU
1814531
1815054
1819444
65016
1824378
1830911
45889
UEUUOIEOO
1815731
1822950
123093
1824612
IIUUUIO
1827140
IIUUUIO
1826856
1833769
1834348
EEUEA
1811700
1819498
1825445
UAUOOUAA
85836
20998
46842
47366
1799987
EOOOAUUIIU
86249
1797461
53413
49274
1803345
32311
1804706
1810558
OEIEIA
1789563
1797348
UOAEOEE
1771609
87949
1779948
1782279
88518
IO
1780389
1783872
49723
53413
AOUIEUUI
44755
94205
123333
EOUAEUOAA
EOUAEUOAA
1724622
IIIIUEIEE
65797
1710434
102531
OOO
77934
1688044
83750
56511
60935
1688724
121723
IUUI
1686113
1694079
69372
54186
IUUI
25269
49217
1694460
III
71706
1682223
1686435
AOIIUAUEI
1670449
123333
1674369
1679005
67524
IA
123093
57031
EIOUEIO
OI
1632048
1635789
1638810
1644183
39556
1651891
1654403
1654908
1655164
1661892
118673
53731
1664622
62639
1664870
1667074
1670152
1673488
1675692
1681285
1686387
1691477
1692647
1698254
1698476
57183
1701611
AUIA
1680502
49723
1686066
45198
1695564
1703534
EAEIAOUEAU
71706
1689223
1694553
77451
1702628
49723
AUEEUUI
1699033
1700877
1708953
1716282
UO
1701203
87491
1703085
AEAIEIEAI
83750
1679984
1686915
77451
86906
1691423
1699211
78742
1704468
116611
1712442
47366
92587
88518
1714416
82095
1720123
1725536
IIOAUUI
1704232
1711250
113694
UIOIEUII
69372
UIOIEUII
AIEIEUAEI
1691632
81545
1691802
81856
86660
1698400
81545
58073
1700423
84887
1702382
AIEIOEIO
39556
1699340
1704394
59140
1704646
74105
AIEIOEIO
36838
72807
UUUOAOAEUU
59619
1683989
UEUIAIUIU
1663867
73844
61613
1671196
82549
1679663
1684932
OEOA
52533
1675760
48559
UE
OAUAIUOU
94835
82477
1643775
43683
87491
84520
83588
1645393
62648
OAUAIUOU
1644105
98292
UAIE
1646149
84520
IIIUEIOIAO
1621332
1629780
1634749
1641528
1643562
1652240
1656733
1660093
95094
1667866
IOEOU
59140
75251
1654039
67409
67829
1658290
1662489
81670
1663080
21957
UEOOUOOEE
1669667
85836
UEOOUOOEE
1676851
1680556
1689914
82549
82095
1697011
UEOOUOOEE
72553
1705363
1707648
64840
118439
118439
UEOOUOOEE
1715567
1719954
1728236
1736300
UAIOI
81176
1716831
80136
118439
1726220
65874
41965
IAU
34109
58229
75251
OI
1690517
1691491
1698795
1701517
75251
UUI
1699819
1708613
1712873
1715081
68283
59053
1720006
103267
1721933
1730836
1734606
1740451
84520
1742134
1745371
1751534
U
1733461
76165
1739931
56267
1746446
1753970
1759162
1760614
70489
65797
AOUIIIIAUA
83061
84011
1751693
1756877
64840
1758669
1767268
59053
118439
93976
1776431
84602
1784306
1791298
1793357
121723
69556
70054
53565
1802450
1812091
1814573
1820227
UEUUOIEOO
1817535
59053
1827371
1833699
1836283
50331
67906
1840858
1850599
52533
1854424
1858726
65116
1858919
1863510
1869180
1870438
58229
1875168
AII
71706
51246
73794
67829
67906
1874325
1878671
IEEAAIIE
1854549
EOOOAUUIIU
1839372
1848341
OEOO
69008
1820078
1823016
1824312
1830044
1830561
45889
83029
55787
1837795
80136
110243
93976
1840231
1848021
1857267
OEOO
1848428
1852009
IUEO
1856709
1858336
82477
1868065
57183
90680
1868885
1876179
61132
1880125
1882876
1891408
107867
86906
1897133
1899510
1908456
64767
IUEUE
1905963
61339
1907882
77686
34625
1917332
1922604
IAU
OOIUEAOII
62639
1909155
93221
1912032
AUOEEE
90300
69008
66857
81400
1909299
AAIEOE
60458
1904795
1909702
1914777
1920601
1922115
1927376
1934999
1939301
1946091
1951390
OUOI
1934528
57731
1941794
1943473
57183
86337
1944508
102126
1950240
OEOO
1945740
1953176
69483
1953531
65797
93646
1962874
1965978
1969500
1975151
1975282
66810
1976306
1986181
1990593
1992908
59140
97111
64686
OEOO
UOEIUIUO
80862
OAIUEEU
1977515
1986865
1989502
1999184
2005209
OAEAI
1993578
OEOO
1981998
1983376
81442
1992390
2000772
2006542
2014830
AOEOAI
IAOAEAUE
82549
55787
54186
29277
2002846
2008354
AAIEOAIO
IAUE
1980767
52104
UOUEAOAO
1979270
1986803
90288
1987802
104844
63651
OIIUAIUOEO
EOOEUIEIOI
1963352
1968152
128131
1977081
69008
34625
1979548
1984546
1988981
1990193
1994999
1995622
53121
1997067
1998558
45007
IUUI
1986130
AAEIIU
53413
1976639
EEUEA
53121
1971933
1980356
1983509
IEIUAIE
1960698
1962006
1962660
IEIUAIE
OEIEIA
IEEAAIIE
35534
98985
82549
1929794
1936337
48058
1936431
1943312
1943512
1944171
1953852
91933
70733
57829
1957676
81400
70866
81573
1962028
1968355
1973334
1982928
1985293
1986990
1991947
134061
52533
AAIEUE
1991183
1998601
2005779
82095
100453
2014679
2019231
2021710
2026306
2027290
AOII
2027175
2033586
IAU
73844
2022098
EUAAU
2010551
2017485
2019182
107867
71307
2022822
69556
2027823
2032082
IAUUEAOEA
107453
2011788
2016171
48058
2019968
2025892
69094
108645
2026426
2032651
2039223
111927
IAUEUE
82095
2032837
2035213
2041981
83750
51246
2049380
2052504
AAIEOAIO
2047354
98985
OIOUIIIU
2025485
2031787
2036226
UUI
2034712
72346
2039872
UAAEEIIOU
2016604
2017470
AOUIIIIAUA
2003855
2008428
2011672
114886
2012052
II
1991838
80800
IAOAEAUE
1970117
26631
84520
61693
113694
1977543
67524
II
1961599
AUOEEE
1943023
62639
70716
140925
84520
1949680
80800
1950057
UOII
1947963
1954298
1962912
84011
83029
72265
1970006
1977577
1986285
107867
1990958
1996681
80800
1999575
45889
64767
76869
64271
2007582
2011756
72265
2011880
82477
92108
2018351
2022438
2029754
OEE
2008830
113694
EUI
67198
1989578
1996310
2001530
2004393
2012749
2021024
2030689
2033718
2038506
61512
53595
2040727
UEOOUOOEE
2038429
OOO
2031376
99221
2037306
2045924
2055067
107834
58942
2057049
UEE
75515
2047051
2049229
81442
85523
2054853
83029
UEUIAIUIU
OIUOOUOA
2021488
62639
2027769
60063
2028478
2032201
II
81662
88952
83593
AOIIUAUEI
2022497
2023190
84520
2032991
2039763
62639
54150
2047155
2051929
2052982
AOI
IUOIOU
2004405
A
74171
1986250
1993378
1996929
2004426
62262
74636
OOI
1981327
98988
81856
AOEOAI
IIEA
1972669
1976413
IIEA
72031
62639
AUEEUUI
1958397
OIOUIIIU
OAIUEEU
1917108
1921962
1926354
1931592
1937972
1938078
92108
1947353
1951802
69914
EOAUOEIEEA
1952226
1959306
91933
1968880
69094
1977000
123333
90680
1979909
1988029
67524
1994092
1998347
2004674
2005220
137423
2006676
82477
2006761
2016116
2025335
2028958
72991
2036941
2037850
2045645
2053632
IUIII
61596
89455
64294
2038244
2045774
2050889
2055794
2060677
64805
2065749
61760
2072818
2075446
2078691
2080027
IEI
2059613
EUAIA
2048941
OOO
72553
67524
OEIIEU
2034489
2041807
2043642
75318
71598
2052855
2061070
2065982
84003
56746
O
2061714
78665
2066819
93765
AUAAIA
IIEA
2031121
77178
2036056
2036650
69974
AOIIUAUEI
2042043
2043933
2044077
IEU
IIAOAO
2004675
90379
2009684
2018230
IEIUAIE
EOAI
100453
108197
79348
2002344
2008773
132324
134061
2013699
132324
UOUEAOAO
77178
1990308
EAAOEUA
81713
UEAOIAI
81442
1969743
1970211
1973094
97023
1982300
1989364
1989553
56511
1997105
58086
94552
1997337
EOE
1989930
92030
1999318
73059
2000546
2007978
2012910
2014171
2018086
79595
OA
2003874
72265
AAIEOAIO
2002226
80055
91014
2008066
2009807
2010234
84174
2016644
99221
2021529
128866
73059
2029165
2035544
2036225
2046113
2049816
91014
2055603
2060770
90604
2066020
2067054
AEOOAAOEOE
56846
2072153
2081732
98741
73079
2089027
80399
61596
AUIA
2064141
2066945
2068459
2074443
