7395
16942
22398
31869
32265
36025
37262
0
45637
0
55357
55943
63028
70443
79507
83009
84342
0
OUIOIE
60969
66562
EAOIEI
58952
AIAEIAE
49544
52679
59506
63545
68890
0
AIAEIAE
0
0
0
AIAEIAE
65399
70435
76006
0
77917
IEIIU
IEIIU
EOEUU
0
51662
52116
60461
62524
0
66720
66783
0
0
67166
71143
75185
76410
0
79691
1333
0
0
UEIUIUO
IUAOUIII
53809
55047
61383
67183
0
71790
0
72818
OOIUUIUII
70712
OOIUUIUII
0
74906
79436
0
83654
0
0
89071
96063
0
99316
OAI
0
103553
0
OAI
103716
0
6827
0
IIUEEII
A
EIOUE
EAEOEAOIEI
54244
59554
0
67751
73701
0
0
78009
85382
5593
89390
0
91512
101022
110038
0
0
117073
125500
0
129749
IAEUU
0
0
0
126634
132330
4039
0
141769
9720
0
0
144317
0
AOIA
2063
0
0
133974
0
AAOA
131046
4693
139796
141906
0
142916
0
UAEUIE
UEOUIA
112751
119505
125274
125869
133601
6336
136830
0
IEOUUEII
134508
OIIUAIIEOE
126015
132046
0
134964
139891
UEOE
EOIAEIOA
1185
125571
EI
108308
111536
113125
118230
127169
130338
396
131270
OOUOUOII
0
0
132561
136980
4196
EOIEUEOIE
117308
118026
1409
1911
124854
0
134026
134882
0
0
9652
EUE
0
122977
130973
137207
144947
3135
149538
0
AAEUIOUU
AOAIEAOA
98051
EIOUE
0
6031
100756
0
105823
OOAAAIUEI
EIOUE
95578
100586
109935
0
113524
115887
0
IAEAAOIOU
103546
UUEIEO
89669
96668
0
AOIOEAIO
EIIAOEAU
0
75573
AUEU
58391
0
5862
60909
64348
2122
E
44296
0
0
48489
0
57574
0
61816
UIUUEAU
0
37312
5036
43379
0
0
EIUUOOU
0
AUAU
9085
1028
AUAU
AUAU
2232
3410
11268
0
12337
14316
19515
29502
0
0
29850
4530
OAIEAOO
AIUEIEI
16375
19984
22350
29330
37635
0
38611
48458
55515
AIA
0
40929
49744
0
0
55613
IEOUUEII
IEOUUEII
36673
42845
0
50993
IIIO
46848
853
0
53769
UEOE
51635
4008
55184
60939
68998
72178
UEOE
75016
IAEUU
0
5657
5571
66568
69398
74489
EIUUOOU
0
62806
69928
71081
AE
54772
59183
8821
63377
0
0
II
59595
61637
16159
63828
63858
2363
66547
73187
76875
0
348
EUOI
71262
74069
75472
80829
84063
O
0
4530
IIUEEII
64546
74393
AOA
58813
0
62513
2518
70636
76961
383
4607
0
7848
82428
84915
7264
86813
90326
93926
OUOEEAAU
75205
76997
81228
EEUE
0
EAEUEOIAII
0
EAEUEOIAII
64269
72386
75807
23193
80194
83800
90563
99138
108824
6451
16
0
118281
0
976
127311
8550
136121
142050
148097
149156
5417
151429
EAEUEOIAII
9547
IAOEOOUIUO
130619
AEOEUA
125371
133741
137867
23193
146427
148580
156034
162887
165201
169774
4214
175637
179097
180344
181993
4249
UOUIEIA
183274
188376
193833
1710
0
4591
1237
197563
200242
203337
EOOIE
IUIUUAAI
0
169498
30
177497
16159
180983
EUI
0
165784
174704
176902
186169
13153
0
IAEUU
181057
IAEUU
4008
0
179816
1403
0
16743
UOUIEIA
EIIEOEIA
0
159801
160472
0
169158
169860
178756
0
5067
186370
195911
204111
0
208927
209315
215889
220568
221116
0
16743
0
225263
230422
0
0
232857
10482
0
8550
233173
9652
240988
245968
251805
IIUEOAI
246299
251898
OOIAIAUOUU
OOIAIAUOUU
243341
245055
0
0
0
251258
257559
IIUAOIOAII
8117
243571
0
14760
246067
249094
10482
0
255833
0
260115
261398
0
266301
269077
OEOUEIUOIO
248411
250334
256469
258794
260471
0
268466
271536
273126
278312
279829
287505
291733
295140
7848
303617
309806
318560
0
321841
329336
OIAA
320158
4320
324385
328807
0
335472
EII
323450
330215
337051
14593
342054
7454
4231
343124
346869
351704
EIIEOEIA
350638
1185
352767
353282
361093
361593
8575
8117
370408
377955
3589
0
378909
4512
385662
391369
398096
404742
9728
16159
407446
9547
416650
13945
2883
0
422254
EUOAUAEA
395815
399891
400390
403464
8575
412732
421376
0
AOIA
404017
0
410967
412553
415785
2830
13153
11888
419217
425779
AOIA
431740
431879
UAEUIE
436611
196
438704
348
9439
3542
4529
441784
0
448680
IAOEOOUIUO
446328
0
451061
4829
AO
442107
446199
451113
18696
454978
462252
1178
3135
464105
471471
4231
472409
0
482154
0
492141
7264
498093
2860
4231
1178
506455
AUOUUOUI
8575
0
0
14869
4008
6827
489786
11436
493226
493830
495746
497583
506484
513343
518800
13081
UAOOUAUEI
27580
496800
501983
5310
502941
507161
509670
516223
520702
UAOOUAUEI
2883
8117
IIUEEII
18696
11436
512388
513869
7264
521383
528384
0
IEAUAUEE
OEIAEAOUU
516189
21645
4512
0
12107
0
0
522864
6790
530677
539720
0
718
8550
546552
551427
6301
559634
566919
11888
575386
5091
0
577689
3977
IUIAUEAE
8820
UUIUEIOE
541559
550076
16672
AAEUIOUU
9439
0
541745
542305
544234
63
6790
553612
3977
560672
564558
2435
573237
II
6790
11436
OUIAOO
561162
567795
573992
4591
580757
1710
587069
588927
588989
590191
AIU
2363
1403
565254
567237
572975
26144
574967
578542
581241
590641
599194
2363
599323
4214
63
603813
AAUOIIU
AOAIEAOA
568229
568521
573177
OOUOUOII
565579
574018
12423
582100
584485
588852
594154
600317
609552
612880
0
16240
11402
EII
24000
598656
600505
OAU
7085
2198
OAU
600017
605831
607261
UUO
0
589784
OUIAOO
573075
578618
588104
0
20371
7454
588125
OAAEUUIU
573293
0
0
EOEUIA
23824
572773
575507
578930
9652
0
586739
587872
12904
597224
600216
EOEUIA
599733
12799
603629
608282
608725
11436
16672
613222
63
617520
1792
621514
623894
14519
627499
5417
0
629782
IEU
EOUAOAEEE
0
608347
616918
618332
627794
3977
633798
643509
0
647329
EU
24000
637962
6827
IEEEIOE
623923
1403
632716
639468
642548
9481
644424
647867
653005
5004
660021
15151
0
0
8896
670000
EAEOEAOIEI
0
7848
668437
9720
5657
676554
5091
679466
683466
UAAAIOOAE
0
660342
5417
3008
663810
672222
678324
5091
27580
UAAAIOOAE
668574
17016
669283
12053
673315
675469
677130
679346
0
AOAIEAOA
672849
3977
680347
10892
683212
687295
1710
0
15430
16240
692036
692452
701382
5657
UEOUIA
21986
EEAEO
30006
677930
681411
686673
695518
A
AIEA
667025
8825
16672
5670
8896
676224
677516
2198
678749
26144
682547
4641
5186
687209
8575
9541
0
3008
2363
UIUA
677174
684443
UEOO
0
UOUIEIA
640235
647767
UEIUIUO
627498
OUAAOAUA
UUUUIEUOOU
588754
8218
11540
593074
599665
604792
AIIUO
AUEU
572866
14819
572963
8117
577776
IAEAAOIOU
0
577519
9745
581930
13584
586327
590826
596656
599957
605144
610337
617859
6135
OUIAOO
OUIAOO
0
596252
597880
4282
600945
21604
IIIO
598030
3321
0
604912
606090
613106
0
10180
0
618527
623127
4282
629054
EOEUU
5008
608415
2704
25085
0
10468
618099
0
625928
18827
632972
642427
EU
11436
976
616462
619818
629648
636296
OIAA
607594
4591
5008
617204
623317
627979
OAAIE
624108
5186
OAAIE
0
625110
634586
AEEAI
636788
OAAEUUIU
629932
638733
648655
IIUUEOUOII
25085
UEEAOIUAEA
626585
635395
639435
642156
644239
14519
654206
661399
663201
3297
671286
17016
856
679715
688236
688840
691975
698602
0
7285
699601
702201
710893
718806
721216
4529
12053
0
729036
733267
742592
AII
749714
754505
UIUUEAU
740223
6790
740629
16240
IUAOUIII
735335
741919
5929
0
9847
751435
754384
758768
762029
763624
770670
779326
EIUOUIOO
768718
10959
773936
781110
788269
796997
5456
9179
4875
EIUOUIOO
5186
795685
OUUIOA
794238
8815
OAIOIEAIEU
7528
774988
10180
7495
14399
782476
EUIOII
IAEUU
976
757783
3700
A
14385
732781
740560
5786
746844
750952
6396
760643
766094
13599
1178
771605
OEIEAEEOUA
773919
775457
779350
16544
788435
791961
8585
11540
14076
14519
5036
14364
15011
796986
9032
803113
17091
OO
774719
17544
0
781056
790805
798588
OAIEAOO
775110
4228
779447
26144
784169
AIIUO
761296
764043
8746
14469
1837
16964
773747
779342
779658
AIIUO
28386
976
770216
0
16240
OAIEAOO
758022
759072
11545
761678
761972
0
765450
768926
8896
777949
5091
787207
13895
OAIAOIAE
767612
IEIIU
3135
743713
12575
0
EEOAAAUIUI
14136
737547
AE
1403
12053
13652
0
4775
EIOAOIAOE
714755
721618
8055
731295
739331
AAAUEAOA
736020
737837
17016
741181
21604
747204
UIUA
723698
725787
731174
740695
EOEUIA
10270
20779
742096
746039
754965
15926
8820
762790
15047
12752
764565
774291
780098
EUII
EEUIEIA
16959
17115
28386
746784
752616
8746
756556
7528
14076
43281
15926
AUAU
17091
750148
IAEUU
733148
32763
736595
743683
UU
0
10237
0
EIIEOEIA
14957
727406
728136
732239
9179
11545
0
732544
735487
737592
742955
EAEO
721385
726893
0
12331
8055
736275
737613
744720
UUUEO
738690
8158
741975
748448
3321
749514
EAAUEU
6396
8746
6754
745183
747882
754905
A
UOEOAAI
708085
713017
717746
727735
732908
735874
745178
752702
17849
EIIIUU
AEEOOO
740738
743953
745487
11981
12053
754830
12423
24989
6135
8585
756455
0
EOOIE
751480
EAEOEAOIEI
753907
763835
766027
768537
EEUE
746688
748668
22710
6428
757277
763974
765875
IAOIEAII
768121
773990
780990
17069
AUEU
767776
AAU
752935
760019
761154
767057
0
14160
3321
10892
4653
771533
1237
AEIA
746540
20932
0
747115
0
752344
AI
735426
4083
739932
7809
20636
741353
742019
748612
15461
OO
748084
749167
OO
750865
752411
EIAII
740113
OEIAEAOUU
EOIEUEOIE
45138
702617
710169
UOE
IIIAI
671502
675480
25565
IIIAI
674579
675818
683613
685533
IAU
2496
670014
20371
671851
674700
676157
UAAAIOOAE
6428
16634
658583
664377
665989
675652
10950
684564
691795
697644
8585
AAE
693816
0
702494
704022
0
711902
16342
715558
716057
720437
728802
9720
733289
737102
739109
AAE
747287
AAE
9510
751785
AAE
23653
IAEUU
740555
UUUUIEUOOU
UIOOIIIUAA
709047
710890
12952
715593
715973
723159
28786
OEEIOA
23506
OEAEAAOAUI
14048
693667
696466
698630
702697
707678
710450
718316
0
19548
728301
OOEUOUU
724412
728655
18070
3977
IIUEOAI
6135
22614
3080
715937
14638
6754
EEU
6790
690156
21986
696795
700503
EEU
16544
0
UU
OUAAOAUA
32763
20371
670341
0
22614
677557
25565
OUAAOAUA
681280
685542
687714
U
669158
0
671066
0
677665
EAAUEU
683101
683697
12251
690777
14519
34026
700070
703964
19548
711887
717427
17300
726088
728034
0
735549
745126
976
21113
749193
749759
7621
14700
6406
15461
IIIO
AOA
713919
719850
720676
19291
730493
731050
731633
21604
31612
12584
12184
737902
738936
8859
AIU
AEEIAOU
716462
11540
719653
726603
736275
22710
736512
0
739549
749194
751659
18827
21695
AIIUOUOIE
731181
734140
15221
17753
740742
745872
EIOUE
723407
725744
23575
18353
0
729172
738893
IIUAOIOAII
721309
728174
22694
OAE
8218
729243
OAU
21604
OAOEUOUE
23738
703851
2704
706112
10708
43281
706717
710347
OAOEUOUE
AAE
702536
IAOIEAII
681773
9692
691438
20059
EAAUEU
676205
6406
677909
678623
16894
686319
EAAUEU
686788
0
695428
697376
701404
11116
2509
703484
19642
IAEOUI
697410
UO
OOIAIAUOUU
OOAAAIUEI
644410
652195
18676
18676
12149
658631
23851
667833
674855
3285
684185
686265
694078
12634
702334
705986
706648
20059
713992
717788
720782
725835
EEAEO
724763
730768
734769
736363
746195
1481
18342
21176
751856
757302
24612
763533
763636
AUI
69
31612
748756
0
14108
754001
758601
0
766666
775590
18248
23506
20055
783564
OAAIE
768904
UEIUIUO
8657
761978
766150
770828
8055
779834
10237
16643
23851
1237
UAOOUAUEI
OEEIOA
761483
766163
EIEAUI
21604
740798
28386
24387
26259
746621
AAOA
736993
22514
UAIE
729721
21665
12390
27350
738852
747296
755977
4653
1538
UEEOI
18070
8158
743335
747573
751119
29451
6396
IOAO
OUAAOAUA
24531
18354
22997
30086
721219
723030
UIUUEAU
697011
13105
6754
704469
UII
9692
699300
12393
701337
19252
14364
13972
10382
706993
11376
AOIA
24531
EIEAUI
677959
15324
14638
683401
692574
25909
EEUIEIA
670482
18069
AUOO
AUAU
643784
UIIEUUIUOE
9720
11880
639020
645084
647996
656101
3285
20932
28386
16527
2472
665693
665842
UOE
9749
6754
5186
669007
669067
678941
686847
16964
695641
IOEEOIAAO
3959
0
673681
674883
EOEUIA
661597
14364
667254
10320
17016
13181
676241
677710
687506
0
50232
18248
688648
27768
OUIAOO
679670
7487
685372
21561
17016
690949
696534
0
18069
696724
6882
IEIIU
AEOAOAU
29089
0
6135
5004
12797
680485
689343
19642
694886
704558
OUAAOAUA
20994
699688
3977
706169
13645
18248
45138
41655
710902
711835
718068
718534
32851
719440
8710
720663
726041
733011
734407
739301
26045
IAUIAIU
731606
14160
734062
739811
747371
756313
758649
3350
764245
41887
769201
775051
782890
787594
795232
OUIEI
AOIA
765714
771228
AUOO
15553
770907
AAUOIIU
759105
AAUOIIU
759516
11775
762316
9720
0
AAUOIIU
766125
766704
775053
779876
12331
788820
17543
16964
794563
OOAAAIUEI
AOIOEAIO
EOIEUEOIE
14761
21437
752615
18811
761550
763769
765597
774078
AUEU
OOIAIAUOUU
14160
765650
769492
6406
12393
AE
21298
21665
AEOAOAU
19642
737060
20520
743942
750410
751596
760038
8173
12846
10237
24525
763241
770320
17016
21437
770327
774970
779168
779587
786465
OAE
15553
2283
773649
782995
IUIUEE
9643
EOOAI
762806
769940
6135
AA
37016
20494
752736
2697
752737
6754
752831
762067
21606
UIOOIIIUAA
750504
752548
OAIEAOO
12251
OA
23074
8055
717543
3977
I
716353
722548
726691
731377
OEU
712748
20059
720204
7487
724344
732388
737935
AAEUIOUU
710843
UU
705412
709171
715614
16527
717307
UUO
713010
20520
14074
719344
AUAUEI
724505
EOEUU
701869
AIAEIAE
688219
691834
22950
UOA
685520
691051
49387
EOE
680104
13645
EOE
679020
18676
UEUE
670600
23080
675518
27364
UO
IIIAI
49387
656847
662664
664804
665422
20174
666992
17300
667580
672538
10708
4146
17509
675344
58297
9510
681119
689836
IIIAI
14364
3350
18801
689043
698628
12393
707446
714321
13050
22082
AEEAI
13677
701985
6473
706354
EAUOO
14581
21747
690448
692681
693017
21298
698376
706904
708312
23074
22264
710502
712397
716387
10320
720948
UOUIEIA
1538
AUAU
30992
686384
686949
693010
694805
33805
704231
710354
10320
22514
6406
23575
33805
715592
723974
17523
729494
15265
731689
856
731698
21950
734049
0
22710
736282
744359
746049
23080
UOE
732046
0
21950
737802
740405
19363
743780
752784
30992
8266
756243
11965
766038
775962
777401
4653
784825
0
OUOEEAAU
9541
775481
785104
1481
790007
AUUA
783470
785772
20887
792911
798150
17300
798642
7814
0
AU
9652
15553
7001
17523
784281
10708
792868
15265
EAEOEAOIEI
13677
788276
27890
24531
792215
796192
IUIUEE
43692
14507
782306
783668
785875
792563
OOUEIIII
791809
UUEIEO
769451
22324
771672
781615
784495
9471
788561
18607
791631
798737
14074
13677
29920
UOEEOI
773610
9202
22514
29089
41887
781337
23080
783646
786400
790012
792137
2037
795726
801407
24460
811063
EIIIUU
810257
14761
OUIAOO
18607
15022
AEEOOO
22512
17140
773678
776600
EOEI
22514
IAOAAUEU
5889
21038
10708
OOAAAIUEI
5889
735200
29920
741715
744777
748007
24173
755131
21950
IIUUI
OAIOAE
19014
IOAOUIEEE
698414
698750
30283
29920
706053
711309
20520
15324
721120
19326
724082
726301
18117
735865
1538
736455
738695
UIOOIEAA
716879
723929
729469
729941
735120
18929
14364
AUI
736071
IIUUI
EIIEOEIA
722885
730392
737763
744988
752271
19014
15455
754628
762074
OUIAOO
755622
41887
19756
762779
UIUA
758780
765030
20151
AEAEAEOAEA
AEAEAEOAEA
768784
776090
EI
751460
20520
751959
UAUII
745877
15455
751152
757117
7214
20520
22416
765585
773387
23080
775483
27364
780619
781243
788609
792951
15265
801922
805030
813710
10395
17336
817152
13931
817620
34247
IIUEOAI
7214
U
796311
27935
796862
802158
806792
36335
EOIUI
803062
804905
811221
24186
812133
818548
0
39647
0
12390
22434
22327
827067
19174
33598
22852
833325
840703
849462
22514
19756
OEU
841662
AIIUO
17357
823680
830654
UIOOIIIUAA
EOIUI
802673
804953
809319
IEOUUEII
796031
IUAOUIII
798966
805169
812160
813273
820873
IUAOUIII
823621
9471
17979
8033
UAU
9656
29707
21904
IAUIAIU
802664
15999
IEEEIOE
7802
12756
791529
795229
12390
798542
807907
27118
816572
14844
820188
15553
825229
832181
840761
3564
844727
31262
849722
OAAIE
841755
845524
45138
UUUEO
821987
830835
835861
842930
843996
30992
OEIEAEEOUA
22416
19014
828258
834756
3558
17140
4653
25898
27379
836675
IOAOUIEEE
817556
27350
823376
825990
21747
EEOAAAUIUI
50806
21773
802895
4653
24019
UAIA
10225
38418
13645
785988
793373
14581
38937
28720
41573
799039
UEOE
IEU
OOUOUOII
2472
776320
778802
EOEUIA
10225
OUIOIE
737427
747174
750680
22356
752517
26869
760509
764139
772277
775987
780671
24186
781913
787909
792132
IIIOEO
784251
787549
795942
797983
805229
808345
22327
9729
811722
814781
EUAIUOIEI
796143
800051
807809
813966
28720
820550
825970
42386
826885
828941
9831
837931
846576
OAAIE
31215
833065
13835
21695
833334
27988
9541
840888
849942
857588
865015
39456
871969
IOAEAIUAUO
865063
EUE
858963
20807
43759
14844
15635
864939
37659
21904
872643
875034
879984
27118
39510
32397
35842
45127
28280
885688
UEEAOIUAEA
UEOE
873154
UEOE
874120
875838
35828
13677
9692
882308
891384
901208
23871
906616
17336
9692
909193
12390
915271
AUIEIIIAA
UEIUIUO
5889
34698
18354
881182
883046
18354
35642
888066
9541
33805
OAI
872392
880571
890341
9924
895714
904992
910378
19174
AEEOOO
889185
37179
34748
AOUUI
876631
877429
877746
878500
35642
886139
889581
29933
EIEAUI
878483
AIEAU
AAUEIU
37016
5456
17336
AIAAAO
17485
825648
825670
832668
832834
834431
840259
849056
852988
859275
865874
868125
870523
16959
17336
6473
875880
AEOAE
861489
864037
35828
AOAIEAOA
857641
857911
861804
22821
20316
862593
OEOUEIUOIO
21922
15788
22579
855112
856484
862629
35279
21561
EOUAOAEEE
15788
11386
852385
862004
EOUAOAEEE
42499
38988
24186
22821
856
859361
864388
16608
870099
31109
870464
21773
873214
874097
878731
31732
885134
4146
893715
OOEUOUU
OUIIEA
42499
42386
34703
880577
22057
EAAUEU
AAE
17016
838553
AAE
12223
839608
845448
847254
25188
849467
854274
24257
863952
23960
15265
869202
874158
880540
13050
AI
868995
875532
31317
10237
37016
882402
18353
886405
893939
OAAEUUIU
875962
31262
42386
879026
883207
890002
897541
902369
903894
AIO
4747
29089
894919
20649
900146
907175
6882
17543
912192
3558
29794
UU
22512
IOUOIU
893903
901987
24747
902883
911285
37016
AAU
900831
19989
24914
906708
907615
913218
IIIOEO
5243
898069
24747
899278
901824
909895
OAAEUUIU
12797
891588
900500
21695
43275
48190
904721
914001
IIUEEII
O
889052
15788
893971
24747
14638
OIUOAU
21767
877373
878102
20560
48190
EUOI
866607
873697
28650
EUIEEE
29920
18929
852770
AIEA
AI
821629
826451
AI
825780
22371
34698
25189
10708
10237
835770
35828
27350
844513
848504
EIIAOEAU
834523
A
822023
EEAEO
17291
807765
811791
AAOA
AAAUEAOA
UUIUEIOE
751058
OAI
729593
736985
34892
743473
751749
34698
UAUEUIE
731098
740116
UOEEOI
741586
748184
754163
762038
14822
27024
9564
770369
OAOEUOUE
31049
EOE
30348
759707
766193
AA
14751
15265
747899
753847
IAOEOOUIUO
755095
23200
28373
756911
18913
AOUUI
743099
744839
746766
751865
22595
20904
757018
30095
28650
26715
765259
773970
778864
788860
791970
793565
802650
17543
IUE
UIUUEAU
772714
30757
8266
31868
782656
30163
789370
5823
798475
806277
33656
807339
813733
UIUUEAU
813597
42499
822083
831543
838944
AI
24914
840910
841190
850221
7802
854228
858106
859764
8266
EUOI
843981
IEIIU
824485
15164
AIAEIAE
816404
820026
823870
830579
838317
AIEA
33656
819174
UOUIEIA
UOUIEIA
794671
802424
804805
805558
814018
822609
826164
10708
831307
839258
15260
841287
10704
849222
854057
862253
31868
18049
869513
875721
16676
876610
883507
885378
885920
42499
5243
888242
895282
897350
EUE
871339
873525
35020
17336
24654
874401
12223
876987
880334
28157
19745
II
31730
35216
877969
878839
879777
889431
UEO
883348
OAOIAIAO
870985
30040
877982
UEOUIA
OEEIOA
39456
40910
34449
38146
859686
867385
869407
877861
30040
19557
38424
AAE
5243
AIEA
847863
29920
855183
22435
859527
861155
UU
26172
851438
852109
22435
854497
OUUIA
IEEEIOE
45134
840379
35279
849678
35828
852009
IEEEIOE
UOUIEIA
19557
833535
7814
47733
48867
21561
28296
OOAAAIUEI
830632
18297
834561
843921
7814
848353
848666
854647
UAAAIOOAE
851744
855996
856732
858271
863383
866136
867566
40391
UUO
867998
OUIUIUOAAA
30123
855939
EOEI
OUOEEAAU
AOE
820533
825603
826906
EOUAOAEEE
19243
47569
824476
831143
840297
26172
841139
12360
845151
AOIOEAIO
820494
IAEUU
817793
45134
30415
818507
827756
829285
831800
AAUEIU
831738
22852
35669
AAUEIU
839348
22579
842247
OUOEEAAU
61255
825626
831883
30323
31868
837365
838468
846942
850012
857594
50123
867408
867716
875295
882017
891788
895867
905447
22459
910740
50421
31715
916380
919551
923164
927921
933019
939405
941391
941929
948795
955925
OUIOIE
943754
45520
24019
945247
24257
EIOAOIAOE
UAU
26715
923944
21561
EIIEOEIA
UUIUEIOE
35362
917041
41041
926678
934173
30040
943022
950823
EUIOII
43426
944161
945841
25939
953465
26870
957867
12558
963618
26743
19558
28373
19408
968714
29429
UOE
952305
20353
960943
OAIEAOO
954965
51031
48867
13850
956106
963597
21606
964123
972322
977957
29685
30742
OOUOUOII
962241
12360
AIOI
956002
18297
963238
UOOAOOUOUO
952340
10237
956644
965335
971784
AIOI
25830
41972
964966
967422
17979
976676
OIIOE
978884
981685
991195
993869
996896
1002082
48867
IAOEOOUIUO
976812
984411
32657
984872
EEOI
977167
978957
988569
991729
993858
EOIAEIOA
973417
28650
EOIAEIOA
23895
974102
974944
OEEIOA
54860
965445
971186
UOUIEIA
IOIEIAIIIO
946265
950399
EIUUUIA
944759
954752
963159
OAOIAIAO
952847
956225
23895
23450
IAEUU
941577
36308
19031
942445
944634
944998
19696
954057
956575
AEIA
936505
12558
AEIA
32511
935779
938817
AEIA
940161
22435
947304
951700
OOUUIIUUUO
40414
OOUUIIUUUO
944356
33443
952585
961652
UIUUEAU
945440
947531
955737
33401
958587
965134
UUUEO
967124
OIUAAUAOIE
48300
954158
961898
EIIIUU
24654
951354
EIIIUU
954412
960618
963026
IAOEOOUIUO
956964
19488
17336
IAUIAIU
951467
960275
50721
967360
977052
983137
51822
UAIE
957968
22038
966961
969936
970844
974043
977495
17609
982001
991360
EUII
965102
30323
973240
976138
54860
18049
983645
984548
984922
29858
987275
994435
995655
997730
14703
24102
33401
33019
1002434
1008389
1014975
1017518
1021724
OA
1005815
OUAAOAUA
18049
35020
34113
986853
995369
996651
37659
UIEA
29168
981923
983831
988918
OOAUAOAOOI
972878
975235
980059
20771
EUIIUEUEE
OOAUAOAOOI
961560
35627
967579
32687
24186
34113
AOAIEAOA
969963
9771
977746
980698
984896
EUII
973370
979039
986264
31889
995415
AIAAAO
984431
984850
984931
OOI
17979
970382
978269
UIOOIEAA
UIOOIEAA
967724
971311
973627
EUIEEE
31889
50354
965137
974760
29685
982646
990121
996387
996758
1002819
1006991
1015084
22459
1022047
1029121
43827
18442
26354
29096
32155
1029726
1036630
1041073
44068
1045204
10708
8266
33019
28261
AEIA
22327
33301
1030014
1030931
80171
1031585
1033686
1037251
17963
OEU
1034800
UIIAA
1019766
31475
EUAIUOIEI
26172
16001
1018661
1027332
1032450
1041294
1047710
65537
1055757
1056594
1058295
9771
1061353
28837
1066234
30732
1067934
1075391
OUIAOO
IAUIAIU
1046230
1049849
51515
1054935
11558
1062984
1068135
1077439
32041
1082129
11742
UIUUEAU
1075110
EUOI
35627
28373
45138
41573
27340
1073993
37496
1078930
1088462
1093044
53144
27092
1097653
44180
1101487
1106445
1115646
1119962
1122982
1126918
1129450
1137348
1146781
1149731
1154671
1155955
1161674
38002
1170682
1172752
IOAO
1174843
44918
1182808
1185414
1192462
EA
38002
30919
30594
EA
35261
37496
AAOA
1159019
1168221
1176958
AUI
1167477
1173760
IIUUI
25978
1167363
27092
66284
1169467
1171118
45455
OUIAOO
1164692
EEOI
39849
1153382
OU
38654
53744
1141305
1150808
20170
OAAU
13050
31109
20771
1153300
1161182
22398
1169671
19696
66284
4863
16930
1171975
1179188
15824
1179211
1182002
39962
1188861
44068
34179
29972
AOAIEAOA
39450
41614
OEOUEIUOIO
11742
29131
1173500
1179368
1181830
34179
1187987
1190616
1195174
1203160
1209155
IEU
1214127
1217643
20243
1218444
1221743
IEU
EUII
20771
52214
UUO
1201770
1207635
35669
1209020
1218921
36069
31136
1225705
UUUUIEUOOU
AIOI
1195712
1202830
AIOI
42858
AIOI
19408
1211303
1219573
1226479
1231380
1238642
36069
1240684
1243216
26591
1244827
35086
1247366
1255605
33166
38797
1262091
21606
IEOUUEII
32041
1253097
1258936
1259650
39849
1265310
26172
1270441
1274376
IEOUUEII
21695
1269064
IEU
36571
17543
45283
EUE
1227387
40399
1228680
1233821
35644
51160
IUE
22312
1228750
49368
1238454
4671
1245926
1253383
1256920
1265545
52214
35627
14507
1274402
IUE
1278907
1284457
38002
1288487
1296325
1297923
AUIEIIIAA
28402
45138
1268820
44027
23450
OUUIA
1272493
1279954
1281974
OOUOUOII
OUEUAAUA
51160
1252426
29890
OUEUAAUA
1261493
AAOAIIIE
1244304
55600
17523
43275
OA
27340
1223605
1224941
1226165
42901
31136
1231767
1239913
13050
1246637
29685
AIIUO
1239816
38497
20243
1246482
49368
1247531
20035
31056
1253674
22345
17969
28837
AAUEIU
EAOO
63657
27450
42666
1228755
14699
1232841
1241379
AIEAU
AIEAU
EUI
1218711
1226838
25449
EEUIEIA
1206179
60063
35261
UIUA
1194503
68716
1202433
49368
55600
1211859
OOUUIIUUUO
20046
38075
20273
1199610
1208034
22345
51515
1215422
1216664
30895
59669
20273
1222904
1231046
1234000
1237738
19696
20318
1239938
1243448
1251577
1253826
OAAU
1238392
1242918
24545
OAAU
1247734
1255926
1260237
54597
38075
OUAAOAUA
IIIAI
53410
25978
15265
39456
34164
1230613
1238434
1246835
1255922
10237
41041
IEAUAUEE
1252006
37336
1258137
IEAUAUEE
1256031
1263695
1264715
51160
1274089
AO
1258336
49417
1264375
1269107
1271663
1281048
1288173
IOEEOIAAO
1274100
44795
1284011
1293233
AO
84243
1283232
42666
32041
1286820
1293772
1297761
1301559
60491
1306111
1309423
19071
1312504
1313780
1319887
EOIUI
44362
1298177
1300030
1305058
1313136
1315014
UEO
1309463
1313178
21767
1313835
1320539
1324870
1330615
40087
IU
OAOIAIAO
11742
1310583
1311205
1320369
1325622
1332394
36489
1341644
45138
9771
35086
1349393
AIO
38937
1343024
1350565
53054
IUOEIOIE
1328647
44918
46811
IUOEIOIE
1336386
AEAEAEOAEA
1332696
1340291
1343820
AEEAI
AE
EEUIEIA
1300079
OIEOEOIUE
AEEIAOU
EUIOII
1234167
14652
50137
1234247
1241812
29034
1249780
20046
1258580
EUIOII
1255076
EOIAEIOA
1242212
29685
1251168
1253231
14990
1261693
1263624
1264472
1265757
1267962
46235
1270846
1271352
1279648
1286710
1288096
30901
1293166
16390
1302848
1309334
22345
EIAII
28261
AAEUIOUU
27340
14699
AUAU
49016
1290395
1297314
1303413
21606
OAAIE
1305987
1314316
30732
1316002
1322117
28638
69993
OUIUIUOAAA
35059
17485
1293997
1299939
35669
1302929
UUEIEO
34164
10209
17543
19717
1298669
UUEIEO
31868
AA
1284927
1294156
1302537
1310167
1315033
43275
1316626
OUUIA
1302301
44737
36019
EUOI
EUOI
35059
1289316
14751
1296276
1298043
35496
27474
1303458
1304278
13466
1312236
38002
30348
1317344
41398
51160
1319291
36019
1324883
1329147
1333255
OOUUIIUUUO
1329365
35608
OIAA
1318943
1321926
33401
1329982
1332094
1337040
1345789
31056
46208
1346137
1354137
1359584
1366968
1371467
49428
1375738
1376446
33166
1377994
1378780
73909
14990
36094
1379560
39516
40205
1384013
1392169
33401
32155
1393867
36094
30732
1403717
1409073
AUI
1389566
1399373
51160
21606
1406113
1412433
1418781
1427764
OAU
EOUAOAEEE
AOAIEAOA
1375130
1379956
84243
43275
43426
IIIOEO
1364371
1369153
24778
1378838
1388569
1394906
1400351
31149
36971
17499
29685
1403927
1404998
1412974
29042
1419479
1423299
1432928
20771
17771
1439638
1442948
1449936
38203
20352
17336
1451357
OIAA
1434203
1438007
1445397
1455169
77156
1462047
35362
22345
58467
1465844
1474076
1478430
1483859
AAOA
26291
1460087
67829
UOEOAAI
1438221
1441107
33443
1441808
1448281
49990
1455231
UEIUIUO
1453891
UEIUIUO
18816
UEIUIUO
1450350
44471
OOEUOUU
1451778
54893
44918
1460326
1467747
37208
1471052
38356
1472495
1476924
1484339
EEOI
1480958
IU
27340
UU
16959
1465157
1467042
30348
62009
1472878
1473216
1478749
1485156
1489149
1495118
1499753
1504368
41398
1507924
UAAAIOOAE
1486948
1488449
1488697
UAAAIOOAE
1492609
AAAUEAOA
1486872
1492189
31623
1497460
1497855
40449
26715
37140
1501761
21592
21625
26291
1506560
1511968
IEU
1504259
47983
1506326
1513862
1519157
IOEEOIAAO
20771
23816
1512156
1521470
1526128
1530544
1539311
1539901
1543505
1545245
IOEEOIAAO
32155
1554218
38002
48383
1557325
20005
OIUAAUAOIE
OOUOUOII
28373
1510374
47377
21692
1515943
1523325
OO
1499286
1500672
1509194
1516727
10237
1522266
57853
31056
31149
1523246
46208
1524346
AAUOIIU
UAUEUIE
1514067
26172
OUIUIUOAAA
1494991
33101
1495271
OUIEI
1479139
1481727
1488066
U
1478417
32701
1488406
1497108
AEEOOO
1478452
1480104
38937
1486217
1487910
1488953
1489183
1490530
1494618
1500531
17969
1510059
1510692
57742
1517763
44737
35059
48513
1519092
51430
1526446
EII
1527535
1529835
93805
1539651
1549460
EIIIUU
1553141
1558878
1562694
1562948
33243
28274
1568759
1575413
OIEOEOIUE
1572467
1582014
1590996
1596332
OAAEUUIU
22345
1592992
UAOOUAUEI
1590116
1591401
IUIUEE
35496
AAEUIOUU
1580508
UIOOIIIUAA
1579819
1582392
1585045
35305
OAI
1569609
IOIEIAIIIO
48896
35059
37963
IOIEIAIIIO
AAU
1551237
1560934
37094
63916
1562349
AAU
EOE
25023
1561081
1568482
42558
EIIEOEIA
1560248
1569925
39544
29499
1571566
51822
UEO
31567
62009
48190
38356
14652
1560177
51160
AAAUEAOA
47811
1552330
1560159
1568994
68950
1576311
38624
1578178
1237
1579632
1586938
35086
1595762
EUIIUEUEE
24778
77156
1586614
IOEEOIAAO
AIAAAO
1555295
49137
1563102
51515
1567517
1567863
OIEOEOIUE
1543308
48702
UAOOUAUEI
63754
1541166
1548495
EOIAEIOA
1534055
1542095
1549527
1550243
71217
1552438
1553318
AUAUEI
1542904
38474
IOAO
23816
29555
1544643
1550747
IUIUEE
1549217
57256
1552669
51160
1553139
1559431
51822
1564940
22541
48987
1568224
20771
UAAAIOOAE
96062
OU
AIU
59669
55837
AIU
53744
37336
1524074
1532437
OAIOAE
1522442
UUEIEO
1506737
9771
1512583
AUAUEI
48702
1508217
1511470
1520248
AUAUEI
1520640
44737
19252
17499
40563
1528629
39323
26172
58258
1530300
31152
1534185
1539089
EEU
46811
IIIO
1531077
51240
E
1516182
46211
37895
22541
1520046
1527312
OAU
51430
1522799
47675
1527091
EAEOEAOIEI
17485
1524054
1524174
1527920
40413
AEEAI
1515949
AII
1497460
43026
1504025
39544
EOEI
UEOE
27340
1472980
21592
1473004
1473777
1474808
OAIAOIAE
1461450
1463303
28898
1465459
28326
1471212
1472220
1475474
1484201
1487891
33101
26674
57052
57944
68716
1496860
UAIA
1480912
1485987
1488145
50827
1488994
33101
1489855
1493085
53744
17088
OU
1467541
35305
1469162
39962
1477929
1483822
1485788
EEAEO
1460735
67829
1461229
40413
1466599
1472355
1480821
EIUUOOU
30559
68247
1475700
21592
1484341
35496
47983
1487370
43982
1496825
1506298
1515926
1525110
EII
1516724
UUUUIEUOOU
1505705
1513635
EAUOO
1498357
IIUAOIOAII
46522
1473837
1476818
1479195
UUO
42242
1456297
1465894
38624
IOUIUUIAII
57678
1455637
67966
OA
1445704
1452708
1455364
1461253
OOUUIIUUUO
38624
1455688
1458998
1460922
46671
1466056
48190
1466237
O
21256
1453755
39180
1462037
60749
45458
O
1460789
14990
89096
33730
21606
1469773
21328
40563
1475581
O
1482063
1488038
38624
AIUEIEI
1490589
1498500
1503345
1509517
34779
UIIEUUIUOE
UIIEUUIUOE
31637
1487751
60366
67829
37731
UEOE
60956
1478761
OAIEAOO
20218
1478970
1480832
57262
AOE
1474187
IOIEIAIIIO
1454612
1455313
1463213
3831
1466804
72669
57944
1475970
17485
34164
IOIEIAIIIO
1481911
30919
1489257
58258
IOIEIAIIIO
33093
44713
34970
1485017
24741
43026
EEUE
1484024
42344
OO
IIEAEUOOI
1474954
AIAAAO
IIIOEO
1459482
1462627
29705
1464017
34164
31976
1467893
1476577
1480946
1484648
41834
IIIOEO
1484065
32305
EAEO
1463454
29705
1471233
22892
1472459
1475772
1480976
EOUAOAEEE
46235
OAIOIEAIEU
63914
AA
EAOO
28837
71109
1441735
71109
1447376
45915
1457243
1466232
22385
40401
22345
49939
27340
1470659
58258
1473312
1475378
1483725
32155
1489974
1490730
UUO
1488371
AIAAAO
1466705
27938
1475230
60366
1479215
46671
AEOEUA
AEOEUA
UEIUIUO
19855
74529
1464190
71430
37290
50827
1467624
AI
IIIAI
1445044
1448975
1451978
30552
1455792
34779
1456393
UUUUIEUOOU
19252
1455109
1457856
1458548
1463359
48597
1469787
1473105
1477853
19855
1482457
UOA
1482228
45458
22099
1488784
OIOI
44713
1474093
OUIOIE
22099
1470890
28625
EA
1470101
25787
39323
42344
1477088
21767
AI
1467949
1474899
1479735
23816
60956
50074
21390
1480061
44611
UOEOAAI
1474358
1480142
41414
1489800
1494327
OIUOAU
1481225
1490439
1493016
48597
1500584
1502680
37356
OUUIA
42262
44449
15265
1487947
1489399
80896
57531
1495751
42344
28638
1500244
3831
1502166
EUE
48190
1495587
1496151
34970
1496691
1499664
17485
1504353
EIEAUI
1502731
1506160
EUOAUAEA
1494821
1501334
1509475
51160
1512641
1513977
33512
26172
15265
1514897
1515305
28800
1517976
1520870
22385
51982
OOAAAIUEI
OEOUEIUOIO
55410
1494287
1504074
UAEUIE
30552
46522
1500783
1504810
1514633
1515649
1517277
EEAEO
1506809
1513591
EEUIEIA
1493878
EEUIEIA
49964
79325
1501952
1503247
1508632
53872
1509295
29115
1511281
1520015
EUII
41834
22532
1504623
1511729
37256
1516793
1520606
1527084
1536950
23816
16362
38624
46522
58966
1545976
63708
68247
1549611
28800
66490
46906
U
1532927
1541921
46235
1549299
1558928
1559231
1568448
1570197
1574203
33730
1574497
1580761
3831
AOUUI
1568848
46024
28800
1575075
1578324
1583230
42908
1585242
1589991
77636
79325
17499
1590842
28734
1592570
58808
50081
37256
IAEUU
1577431
29858
EEU
1555523
70750
77964
1563561
1569084
1572343
33957
46522
1574979
1583236
OOUUIIUUUO
EUIEEE
1556035
22099
1562679
1565274
63708
33093
1566261
EAUIOIEIIO
52175
1556418
34779
OIIUAIIEOE
48324
1540896
1545076
63708
1548428
90800
1554335
50074
63708
1558677
63449
1559582
OAOIAIAO
63754
29998
29998
64556
AOIA
AIA
1496083
33957
1505555
1507102
AUUA
52745
53336
1486613
1496058
1497802
1498373
1504923
55837
1513668
89096
35059
1522251
U
1500615
33334
1510603
39176
IOUIUUIAII
1513386
25787
1513782
26774
1517602
1517616
1522748
46671
IOU
45145
1509510
AUIEUOEOUI
1492252
54051
67966
23192
1498499
1506182
36816
EIEAUI
EUE
1470554
32305
53744
1473423
37610
57262
40785
17207
1477392
UIIEUUIUOE
24778
1460789
1467451
1476965
1483775
1493391
1494570
1501151
37332
1509511
42857
36294
1517897
39176
57678
AO
1498375
1498562
1506991
30559
OIUAAUAOIE
1495729
8639
17485
46906
1497235
UOE
1499006
1505028
1509512
57511
1511521
29998
35059
1521012
53872
1525570
66792
1530704
1533222
1538787
1545894
1549375
51240
1558168
1558532
1565211
1566234
AAOA
1548293
66792
1551793
1558112
46671
1563221
IAOIEAII
OIAA
1515147
1515279
1515400
1525136
33093
21328
IAUIAIU
1525116
55837
1531924
48807
85870
1540826
EA
14990
1530817
39323
1533804
1534426
EOEUIA
1520917
36433
1529445
UUUEO
49745
UUUEO
1534729
I
1518083
16594
71109
50257
1524081
1533753
UIIEUUIUOE
1521850
46024
37610
1522583
66792
1522829
1524414
30507
49964
IAEUU
52426
AE
17088
1491539
48073
28625
50250
1498850
44713
OEIAEAOUU
1496354
1496390
42794
1505272
IIUEEII
OAIEAOO
19855
1481434
1481735
1485442
1490174
1494541
64556
62851
43487
1495588
1504086
54006
50081
56936
1508722
OAIEAOO
1512620
21767
67966
24212
1516266
1525855
1533675
1533980
OU
20092
1525582
1528452
1538444
1540407
1544251
1549411
1555564
22385
39689
1556799
1562479
1567839
17088
IAEUU
1557671
45694
33823
53336
1559740
1568675
1570999
EAEUEOIAII
48324
49964
1556345
1564024
1570308
1577112
1579878
1584740
1590128
56533
1594509
30507
36094
64717
29858
1596233
1602980
AOIOEAIO
1599147
1599154
AOIOEAIO
1604604
IEOEA
19855
1582927
1586839
48488
70750
57262
IIUEEII
1579288
61303
17088
1588073
1588628
33823
1596372
1599916
1602943
1610161
1618363
1624661
UEOO
1617138
1618995
33730
1619267
1622452
1625251
1626907
98740
1632343
31056
1638338
1643516
1647968
1650216
22541
53980
40805
1654977
1657649
1664469
EUIIUEUEE
1646454
37610
34995
1654551
56936
1658888
1661848
62851
63252
AEIA
52528
46717
1640710
UAU
1633226
25451
1640451
1649691
1654097
1658579
1663195
1665469
OOUUIIUUUO
1670240
1676721
1679674
1681282
1682913
AUUA
26825
AUAUEI
1663326
1667857
1676501
1678099
AUAUEI
1678188
28510
1684602
48098
1687621
1697090
1701218
IAOEOOUIUO
1703022
1708354
1714693
1722958
1723443
1729833
EEOAAAUIUI
70160
1713815
1714701
1719093
63252
1720931
1726296
52036
1731767
EEOAAAUIUI
28625
48093
1732117
1732217
1733247
1735847
1739121
OO
62781
1237
1740074
1749986
1753634
1755354
49624
16362
51240
OOIAIAUOUU
36615
64573
1750044
1759566
16362
1767388
IIIOEO
26774
1768289
1774786
1776365
IOAEAIUAUO
1778461
OAIAOIAE
57966
1773677
28734
26172
1773928
OOEUOUU
1775997
1777766
1778490
1785622
1787549
1794561
54006
69233
1797647
1804053
47605
68247
1805551
1811740
UIUUEAU
1790069
1793596
44344
57511
28734
1803192
1803516
1810601
71675
62042
29618
1820531
OUIEI
62707
1800958
50652
1804985
1806148
1811329
46613
25449
1817117
35707
1826329
OOIAIAUOUU
1811129
56533
1818919
EAOIEI
OAIOIEAIEU
1770737
1775922
1781324
OEU
1768125
82392
34485
1774845
OIIOE
36294
1753373
1762413
1764686
1770886
56290
62659
1774700
36489
86539
1781333
35726
1788776
AOIA
70860
35726
1770650
8639
EAUAEU
1766283
30413
1768659
1769229
1777491
91146
1786925
1796634
70750
1798071
1799730
56290
EEUIEIA
1788661
1789666
1793690
1796492
1800053
EEUIEIA
35726
1806016
1811093
49624
IUIUUAAI
1788851
1792937
1794179
1800236
34485
33093
1803689
1806447
1807208
43714
36615
1810158
1814323
35074
45540
63252
56749
1816600
1822014
1827218
8639
74770
37610
1831987
29115
35111
50945
OAAU
85193
28517
37440
1821609
1824376
1832356
E
1836758
OAOIAIAO
1815456
33823
36489
1818391
OAOIAIAO
1820461
1824717
1831737
IUOEIOIE
1834758
49624
1842330
1849030
1856022
1859642
37290
1866395
56366
1875318
1881914
UEUE
1876463
UEUE
IUIAUEAE
AEOEUA
65312
1855753
77636
1861197
60725
1861779
52785
36615
1865063
45838
48324
39164
1874946
UIUUEAU
EU
66859
78925
1856316
IU
31496
98740
61303
53110
1844113
A
1828325
84951
24512
15385
1831585
1837505
1839550
1843698
1852131
1856479
1864773
42798
1866929
1876364
1879100
1881685
67966
58808
40658
1887209
60876
1894608
IIUEOAI
1875403
1882676
1889651
49016
1891518
EAOIEI
30811
30413
43855
AOUUI
1847296
74681
1848204
IAEUU
45574
68884
1822191
16731
33093
1831527
91749
1837301
1838242
1842337
35111
1842867
IA
UUIUEIOE
1840947
UUIUEIOE
1827130
OOIUUIUII
1809766
1810138
EUE
71316
40848
1809727
1810096
38624
1819025
1822709
1831133
1833705
1834595
1839143
1843852
43570
1851818
68247
1860124
65134
OEU
1865923
32012
1869910
1875826
52527
31496
32012
39164
40785
OOIUUIUII
1848801
AEEOOO
1847991
1848106
62537
OOAUAOAOOI
55571
1829792
AEEIAOU
1821424
16362
56749
44449
1826703
34226
28104
32365
1834765
50733
UUUEO
50457
1811290
EAAUIUAOIA
62707
1793331
IIUUI
1782792
OU
31867
1757691
16362
OUOEEAAU
1749902
IOEEOIAAO
62537
1746663
1749426
1756164
AIO
26825
1737203
42973
1738658
AIOI
EU
1734969
1739170
EUII
1742655
1752614
74440
63284
UIUA
36294
50250
86682
1749665
1759532
1764099
70160
53625
OIIUAIIEOE
UUIUEIOE
EAAUIUAOIA
74069
28432
1735142
53625
1736336
52785
47453
1739167
UEEAOIUAEA
1724410
1725418
A
EIIIUU
1704449
1710585
58052
OAIOAE
17485
62707
1695426
42012
1700370
53625
1707302
1709824
72378
70860
1717858
1726323
1729309
1739284
OAIAOIAE
UIUUEAU
1713487
1713635
AEEIAOU
58052
1702542
25449
55071
1707273
1707810
1712856
1713954
AUI
25426
1700716
32012
1708134
1717654
1724545
EAEUEOIAII
1708261
1714413
45396
48874
1715469
65155
UUIUEIOE
1715397
1716807
1723229
1724671
1731293
1739192
67425
1739900
1745729
1754261
1759411
OAI
74770
32155
1746027
1753788
59508
1756438
1766168
1773386
42794
52527
1778731
1779877
41987
50945
1783702
1788048
EUIUEIAU
70860
28280
54006
34374
1771633
29618
37441
22938
56366
66504
1780923
1786800
1786864
1796745
IAOEOOUIUO
IAUIAIU
1769478
58851
IAOIEAII
94498
1754652
30110
56762
65134
OUIUIUOAAA
1743934
67643
63982
68161
UIIAA
1739132
1749105
93508
1751949
50945
1753606
1762412
1769976
21114
1774936
40751
1780803
49946
85982
1785967
1794054
1800393
1808892
1817302
UIIAA
1815686
65466
73447
70533
39474
86389
1817080
26579
1824816
28280
59293
73604
1825962
1826124
1826354
1828187
1836473
1842909
1849062
UEIUIUO
1840793
1843453
65134
1848931
1855878
1865807
70860
1873128
UEIUIUO
60364
1878811
1887060
1888360
UEOUIA
1870420
1876470
1878149
74069
1881336
UEOUIA
UEOUIA
25426
66504
1882676
1891042
80586
33975
1896350
1896568
70275
EEUIEIA
53713
59353
50250
1878014
1880054
34374
73447
1889235
1892895
58851
EEUIEIA
99998
1894625
I
1899030
OUIEI
45105
1887194
16731
39522
62781
57668
45640
1890147
1892549
73604
37745
29618
36232
38664
32155
59473
26579
1894445
1896069
1900044
54006
43570
AUAUEI
45588
44273
33004
1890570
1899407
AUAUEI
1885891
1888145
1895281
1901052
88660
1903945
46715
1909069
1909104
52367
1915513
60783
1918043
64717
41923
52527
1927454
33658
1935095
1936971
39522
69610
1945951
1950312
1959872
1960329
1966584
1971317
37441
AUAUEI
48874
AUAUEI
1976697
33004
1982145
36232
60725
1983989
1988995
1997967
2000498
2008053
2011773
2012237
62707
2012305
24814
77088
76177
60364
2017105
2018465
UUUEO
IEEEIOE
2011759
2012759
2017504
AAOAIIIE
66504
56749
AAOAIIIE
1993719
27873
1999615
AAOAIIIE
40751
44569
2004892
2005195
EOEI
39588
1996784
2003141
33004
2006505
2009510
UAOOUAUEI
45396
53980
37440
AU
AII
40115
IOUOIU
1956773
AOAIEAOA
54875
1951161
75410
74506
UEUE
41987
1947941
1957515
91530
53450
50070
1961937
1965126
62781
70054
1967594
IAEAAOIOU
58497
1966844
1972408
72378
51205
1978089
1979521
63898
39474
1981590
1987747
1989817
1995675
1999073
2001009
85982
2004231
69503
2009650
69422
29618
2015565
65269
2018011
2024410
2030160
2039523
118182
39474
2045238
2054266
2055655
2058392
2064726
2064972
63982
2069089
2077523
67966
2086664
2087133
EOEUIA
UIOOIEAA
2076687
UIOOIEAA
U
2066139
70054
2069219
2072416
35920
33975
OIIOE
39823
2057289
2059247
2063833
2071391
2077616
25449
UEEOI
33594
23705
2056220
OU
77088
68247
25449
2033581
57979
59353
2036373
36294
45105
UEOE
2025892
2026715
2035105
2039884
41923
2040501
26172
UEOE
61188
58497
UEUE
2040511
2049076
2050920
2051504
34374
37938
OUIEI
2037380
2038628
2046175
63982
2056092
EUI
2042275
2046349
76447
77088
33004
2048773
OU
2036822
72823
58851
2037836
IAUIAIU
2026956
2035298
EOE
89260
2026690
51758
57979
2033484
AOE
56144
2028705
2029234
2032215
2039516
2047643
65466
OEU
66091
54133
49837
53450
IAU
OEAEAAOAUI
2011542
2017829
67643
AAUOIIU
2007598
46685
2015101
2018855
2019342
2019937
2024514
57668
57979
2024611
IOUIUUIAII
2021974
IOUIUUIAII
2027381
2027835
36294
71675
40751
2035131
2038694
2038790
66448
2044526
35232
2045066
2049147
AE
2036027
2042180
2051380
2052572
49837
2054659
IIUEOAI
72823
2025028
2034845
29618
2044214
EEOI
2040408
2048765
21114
42408
72396
2049395
52989
47854
2050082
48874
OAIAOIAE
2027202
UAEUIE
2011577
2017696
2027410
59684
49837
EIIEOEIA
2027676
37938
28104
2029377
21114
32155
74506
2030210
66900
45105
2039593
42798
40929
2047028
2051067
2058936
2065226
2075042
33823
2080168
30934
32303
AEOAOAU
2052593
37745
118182
2060903
2063704
70784
46685
87246
2066792
2068109
2074498
UAAAIOOAE
2058866
AUAU
2038447
72384
EAEO
26212
33823
78170
48521
73604
2025186
2031607
AOAIEAOA
57052
2028722
77692
2033792
77692
2034716
2043612
2051810
54133
48266
2060207
87246
2061873
2067876
IIUUEOUOII
2048972
95545
43952
2055894
2062434
35232
63760
UAUII
55163
2054950
32303
55071
2056657
2060609
2062598
43952
2067152
2067216
2071411
2071585
61896
2076160
30326
IEOUUEII
77692
2059796
29037
2068287
59473
69422
2074571
2075555
2076785
2077134
IEEEIOE
2067008
69422
2068532
OEOUEIUOIO
47658
2054488
38664
49016
2054558
UOA
52367
2039065
2048898
UIIII
2042996
2045088
2055025
AUEU
56693
2054127
78254
2062804
2064172
45105
2073698
8639
69422
2079168
77240
63273
66417
39588
2089088
48939
2092024
2098519
60159
69503
2100781
46345
2102639
56693
2106512
2110675
2113712
2123078
2129373
42408
2133969
2135127
2136145
2145410
62388
74926
2154255
2154950
23320
44712
16362
2159042
2160861
26825
76447
EAAUEU
OAIEAOO
30791
UOUIEIA
2113705
63273
33975
2122110
AOUUI
2115260
2116623
2121938
2129218
2129378
2135518
2137045
2145423
64944
16362
52248
2152958
IUOEIOIE
2138564
2145254
2150746
85982
2157212
2159198
2163963
2169352
2174004
29037
2181558
2185995
2192281
2194594
30791
2202564
IU
2184441
UAIE
2159243
IIEAEUOOI
2142405
2145313
2148778
42798
68912
2149144
2153727
2158473
2165059
77634
121922
72245
AAUOIIU
2147227
2156289
38241
86389
50457
2165813
2174770
2178431
AEUIA
UOE
78254
2148716
2149119
61188
2152616
2159478
2161470
2168747
2175903
2185849
OO
2160653
89322
35701
AOE
2142640
65466
IAEA
AIO
OIAA
65932
2101518
34374
48939
2103285
2106751
61601
67643
2108292
35920
55071
35682
48387
52624
44712
2112228
62974
38362
2121403
UAU
30791
2107247
70784
49946
2115538
46685
2123733
38241
89322
44712
2128691
2135987
51821
AIOI
2123618
2130290
2139300
2148740
AIOI
2131522
78257
IOAEAIUAUO
2112305
IOAEAIUAUO
2113059
2121145
2128514
2133140
77240
IOAEAIUAUO
2138901
2146050
AE
AIOI
2142601
2143991
2149990
55071
2156450
2156944
2160469
OU
2153905
2159967
2162506
2168816
OAOEUOUE
OUIAOO
2140127
57639
54852
33975
2145165
2145682
OEEIOA
72245
2143713
2151930
OAE
66124
2134429
AEEAI
2123877
60850
IIEAEUOOI
AAOAIIIE
2076690
2084896
39334
2090199
57052
2095380
OA
50025
50025
2089409
78370
77088
55071
2090201
2091729
2094370
2099079
2107700
19935
67867
2112016
19048
65841
2112222
2120374
75978
2127976
2133793
2133958
32303
48939
2141606
2142176
2149147
35405
2149528
51424
2153870
38241
2154751
2161611
2169776
2174815
2177533
2181173
2186322
2189897
51205
49946
2195676
2201715
52520
2209920
2216000
2225608
UIIAA
OA
30934
2201608
2208155
67441
2212532
2219585
2224404
72187
55661
33823
2229506
65456
52248
2239283
28104
2244392
2244923
19935
AOAIEAOA
54852
2243822
2246636
2251301
AAU
53476
2245245
65466
63449
2254846
2262417
AAU
61188
2269978
EUOI
89322
33658
2247678
2249834
52834
2254660
2255179
2256688
54875
2256872
AOO
57411
IU
2219335
2227417
2230256
2231430
44867
EIIEOEIA
43189
AAEUIOUU
2203866
2212504
2222313
2231132
AIUEIEI
2222033
2225206
2228760
24119
61601
2235198
63760
2241660
2248101
2254408
2262070
25449
65453
AAUEIU
96470
101757
46270
2243442
2245914
68161
2250488
2255804
2257416
2258519
2261023
78257
2265279
44273
53790
46040
2273584
2277169
2282518
44668
2285733
2291084
21408
I
62974
61071
2286333
2296211
2299352
2303555
2310117
2314096
2316508
OO
82141
61260
62733
2302872
78869
83835
56762
2310579
2318852
2327306
2336877
2343954
65456
2351869
EUOI
105651
48339
2350338
82084
55656
UIIEUUIUOE
19048
2345662
2350674
2358254
AUUA
2339365
2343530
88827
63760
15385
2347632
2357560
2363880
2369998
2374453
2383948
33184
2384275
2384886
43855
75882
2388945
82084
2395954
UUUUIEUOOU
57052
43936
17214
44260
2379438
2384519
35624
79147
58840
2385045
2386574
2396566
2398513
2405582
2407942
2414484
2420969
41228
2429521
2430554
52834
UUUUIEUOOU
AUIEIIIAA
22715
OUIIEA
2393918
2395799
33004
51932
43952
OAIOAE
UOOIAAU
79035
2385430
2394952
2398718
49229
2404191
2409067
UOOIAAU
2416913
2424147
66270
2425651
2432253
2438054
2440611
2447181
2448416
2452051
EOUAOAEEE
61827
2449875
2457865
2467004
2472630
2477404
2477618
79147
60614
2480439
2486310
65932
2487155
EIEAUI
2465092
63132
70083
UUIUEIOE
2446614
46062
2447445
IOUIUUIAII
2432618
43855
53806
2437710
2441011
2445226
2452302
102347
OUIAOO
77240
2435861
2443681
52785
2452645
42408
2459890
43882
2469561
2478977
2485342
2486350
67369
100967
46551
UEEAOIUAEA
2474124
65466
IUE
2469604
51758
2473727
2480265
83022
2484574
78370
2486462
2493028
105651
2501967
2510481
2519362
2520363
UAUII
53806
2509912
2511505
2517329
2522202
2525196
19472
2532789
2540692
IIEAEUOOI
54875
IIEAEUOOI
58881
AAOA
IOUIUUIAII
2512288
IOAO
IAEOUI
2471373
2479990
2480341
2486187
2490781
2492815
49946
AE
2477614
2482099
OAAU
30521
64675
48138
82925
OAIOIEAIEU
88827
45155
101177
2462683
UIIAA
2455837
70083
42408
2462319
36232
2463041
62111
2470450
2474711
61260
2479548
UIUA
2478959
2486311
2487436
2496218
EIEAUI
2476213
30245
2486053
82084
2493144
2494540
EOEUU
2470799
61601
OUIEI
2456421
2463788
2466435
AUOUUOUI
74411
2458296
2465887
66960
IUIUUAAI
2438512
2447478
2449329
IUIUUAAI
2455952
2465419
69430
2467344
74758
2468482
2469678
68827
60614
85090
EUI
58943
2448417
2458385
52537
AUIEIIIAA
64843
55656
2435495
58943
EEU
43952
57052
IIUEEII
57052
EOE
2368204
2369089
2375969
2378581
2380800
IUAOUIII
85211
OUEUAAUA
2327524
IIIOEO
2313291
2315464
2320316
2327126
2328756
36149
65120
83929
2336793
2344410
19616
2346425
2355626
2363241
38362
2365920
2373134
2381770
2391296
46270
85259
2395426
EUOAUAEA
2377883
2383342
AIAEIAE
2364964
2372504
2375839
48226
2382399
31626
44273
AA
2366354
2367937
2375050
2376296
93553
62733
2383207
123953
2388768
130059
2398089
2406341
2407237
EAOO
2408925
68827
IUIAUEAE
46266
2402361
2411250
2421208
77591
105651
2430915
2438132
53476
82915
49946
64349
2442608
2451356
33391
72187
2453737
2460501
OAIOIEAIEU
75777
OOAAAIUEI
44166
64347
2419889
2421846
2423892
2430914
2439694
2446241
92661
2448866
77634
2454806
92661
19835
2461223
2470437
2473880
2478112
53494
88827
2488093
2493451
UEOUIA
OOAUAOAOOI
2462744
2466787
47471
94571
2471294
103462
2479545
72823
2487939
78639
2495406
2498211
UAEUIE
2497629
2507477
2508495
83929
UAEUIE
2513948
2522445
54133
2527238
2533567
2534664
2542151
2545682
123953
65466
2554214
2559710
O
UEOUIA
2553360
2558554
OOI
55606
38624
2536747
2536791
2541907
2545121
57340
36149
49466
2549289
2558216
77692
2567882
81348
38797
56060
2573351
2576119
2580993
2582347
84117
94798
UII
69194
58287
39279
AUIEIIIAA
103376
UUIUEIOE
AAU
2505974
64349
2513476
20239
2518742
54454
OIIOE
IOUOIU
74411
82915
38797
2489771
52766
2499533
2501590
2501893
2508259
41351
58733
2508449
2515730
IOUOIU
59291
IOUOIU
2512262
64176
58450
78210
2516588
2518702
2526977
47471
2536306
AUIEUOEOUI
2531216
IOAOUIEEE
26221
60614
2515920
2521842
2524275
44166
77141
OUAAOAUA
84117
27111
2528441
52766
2529911
84117
2533185
2534216
2536172
EOEUU
2514762
72187
2523810
86166
38664
2530718
63706
22715
EOEUU
2534432
2535443
2536957
2546528
2548199
2548217
2551635
46328
EOEUU
2551059
76501
2558829
AU
93645
2534390
IA
2526263
2535954
2541725
58287
73581
63733
2543745
65061
70965
2549773
2556322
2564980
AA
2554992
2564706
IIEAEUOOI
2562189
EOEUU
2559380
76709
30441
2561033
30245
2564811
2567888
EOEUU
OAAEUUIU
2562325
AIEAU
2559353
AAE
61601
81459
2555506
2557682
2558583
2559440
2568382
69430
AAE
2573188
19472
2581700
86166
73581
2587221
2588104
2594028
2600950
95478
AII
78242
2585554
2588659
2598073
73312
65466
2605278
69430
2607880
2617362
73979
2622804
UAOOUAUEI
2622807
74464
2627890
2628047
46270
2635677
77088
2641368
2647526
2652170
18532
EEEEUAEA
2625619
2635196
94490
AUI
67291
AUI
2626000
19616
55071
2626083
EUII
64347
2620247
70578
IAUIAIU
69194
2591954
2594844
UEIUIUO
82349
51205
61316
OUIIEA
2592802
2600231
EUI
86392
OIEOEOIUE
2567667
28897
2574711
74464
2579831
2584991
70054
2585191
76673
A
2564699
35682
2571405
UAIA
38460
49345
2557751
66570
82349
2559719
EOEUU
2537776
2539921
2540325
65466
74464
2549607
2552698
2555364
58621
42970
OIIOE
2536851
2541805
2543060
102234
OEOUEIUOIO
OAU
2531739
84618
2541585
105724
64453
69194
41351
64231
43538
67291
48218
2544281
2549173
2549370
2549509
2550253
2559098
2567387
2570157
25086
2572224
63449
2581529
2588393
2590831
78210
IIUEOAI
2568827
69430
2571975
35920
OAOEUOUE
91757
2564585
EUII
EUII
2568757
UEEAOIUAEA
67572
71770
2547721
2548738
2555318
79419
UOOAOOUOUO
EAUIOIEIIO
2526366
2535127
88774
2539413
2541223
2545233
83281
74411
2547311
2553322
2556221
2561368
2570067
79104
52785
38362
EAUIOIEIIO
OIAA
92661
2544786
2549480
2549726
48527
48527
70716
2555422
2558028
92792
84117
2561008
2561319
58287
38460
2561712
118410
2570704
OEIAEAOUU
2554002
74464
85211
69194
OEIAEAOUU
75681
2550997
2557671
2563112
64453
105651
69404
OEIAEAOUU
2567352
123180
IAEUU
2550410
2557649
2558318
2565484
2574890
2583973
AUEU
2574712
2576315
UUO
107659
2549010
2552615
76673
2554291
AAUEIU
OOEUOUU
2526538
91757
U
20949
2520555
63733
58992
76501
20405
2520792
2528404
25086
2536279
19935
IAU
2518198
70202
25086
89050
72105
77316
EUI
2508871
2516536
2517507
105651
2520484
EUI
EAAUIUAOIA
91530
UAU
75506
2493182
102234
2498997
2501126
97118
62788
2502323
U
2482458
2482791
EAUAEU
EEUE
2442708
71867
EUOAUAEA
2427341
2431900
2435841
2440853
OOEUOUU
2422959
65040
IOAEAIUAUO
51821
OA
2411106
2412809
64347
EAEOEAOIEI
2398442
EIOAOIAOE
2386380
UOE
102196
2379895
64675
2385303
2387952
61014
102196
2395388
46270
2398204
70716
64349
84618
AOE
82915
78678
2389017
2389101
2392485
2393189
2396475
49946
2399462
2402600
2410430
49781
80855
AUOUUOUI
AUOUUOUI
2414049
2419200
2428510
AUAUEI
IOEEOIAAO
50070
33184
2393818
2399299
49676
60614
48338
66960
IIUEEII
2401775
2405759
98523
2409224
2414204
IEEEIOE
2392284
2401258
OAAU
63630
69194
49781
UUUO
2368706
EOOIE
2357173
96992
IOAO
2340347
OUIEI
2322976
20405
99823
2330479
UOUIEIA
84529
2310991
42288
47537
62788
70202
UOUIEIA
2316126
2316512
81835
75377
IIUUI
85211
2308504
2313133
2318672
75422
2320822
2328990
2330334
97776
95478
2333783
2338807
88706
2344466
2346062
2355232
2357298
2363025
2371286
2378373
2385480
2392378
2398484
93614
41708
57409
IIUUI
2372329
64278
2372352
2375692
65466
2382504
2388963
2397868
58391
2405562
2406856
2412566
53937
2421242
2430336
64453
2431482
47537
2440835
2445636
34636
82431
2449974
OAAEUUIU
78707
2450698
2459861
2461350
2466297
OIUAAUAOIE
2458367
65040
2459636
29539
2461123
2463846
OOIUUIUII
78678
41616
2461843
2468894
2476163
2484453
2486121
2488401
AAE
94571
70653
2478756
41708
90013
2483201
2486023
2487400
36149
2492501
2496618
92629
2504063
72105
2508911
82127
2514314
UIOOIIIUAA
UAUII
58959
50643
2495569
42668
2498831
45016
66103
80566
84529
2506936
2511752
2513072
2513357
2514904
2523498
UAUEUIE
58992
81529
2501775
75953
30245
98523
2505937
IOAOUIEEE
2501990
2505356
2512685
2513988
EUOI
2497418
2505623
2512450
99099
2517952
82260
2527442
2529364
2534697
EOEUU
AUOUUOUI
2512406
64231
EUIEEE
EUIIUEUEE
2494032
29506
45588
2497466
EII
2472859
OEIAEAOUU
2470118
34429
2472313
2478065
67290
2483282
2484990
2489365
AAUOIIU
2489156
2492403
2494235
2498225
2501802
2505508
2511935
2517236
IU
2510983
2516106
64263
2522183
91364
70653
66960
2524602
104397
AEEOOO
39989
2505549
2512829
EUE
2508907
UAUEUIE
34176
EAEO
45117
2475710
106920
2479611
2488019
117008
OA
2483114
OAOEUOUE
AUIEUOEOUI
75506
44467
2443004
AEOAOAU
2441011
2445961
2454208
2459599
2466099
2473780
2475991
64778
56262
2485837
45969
AEOAOAU
72105
45588
AUUA
2465404
2469457
2473230
2477081
2477366
2482804
UIUUEAU
2465842
2471734
UIOOIIIUAA
2453063
67290
UIOOIIIUAA
94571
UU
2438354
UIOOIEAA
68432
121215
80378
EUIEEE
56564
2404560
2407194
2415381
54866
2418484
61636
2420787
99582
2429435
35682
AOAIEAOA
2406010
2410006
IIIO
2395897
2398183
2401762
2408434
76709
78650
2408901
83281
106708
UEEOI
88706
89129
80566
UEEOI
2389414
2395094
75681
72105
77316
77221
2398071
2400873
2401370
IAOEOOUIUO
35241
77562
2382544
OUUIOA
OAIAOIAE
2365200
2374645
IUIUUAAI
64535
90013
EUIOII
2360364
64278
2369722
2374308
2377134
49345
AE
2365545
2367441
EOOIE
2352803
63320
AIA
2344708
EAOIEI
90256
2333655
2335315
51457
2337516
2346186
91364
2352702
2354890
2362167
2364644
2369219
OAOIAIAO
2350548
57409
65652
2360420
OAOIAIAO
IAOIEAII
2340961
2345015
2355000
2361493
92338
41708
101757
83281
2362318
2371941
68799
62828
2373444
2374859
2379640
2388631
2395879
AII
2398020
70192
AIIUOUOIE
2387806
IUAOUIII
UU
2379474
2384104
2392499
2393601
2401448
OAI
OAAEUUIU
49101
AAU
UOA
2336127
2338545
2338753
2346949
2353208
2354532
2358732
49072
2363899
2365779
40463
75326
EIEAUI
64347
2341952
2344194
2350537
2352227
123650
49529
EEOI
110353
EOE
2310178
2314596
IUOEIOIE
49072
2298211
2304504
IEAUAUEE
2294621
EOEUIA
40463
55071
2288897
2290165
2297801
82260
EEUIEIA
OEIAEAOUU
86949
100023
85896
OUUIOA
2259542
2259798
2261801
81580
2267440
OUUIOA
97776
2271458
2273029
2279023
64778
2284611
51258
2284690
2291403
2292608
2295729
2301195
2304288
49091
2306962
EIIIUU
70368
66840
103198
2307079
2317036
2319121
82084
2329002
2334191
68585
83461
2339312
2342607
2346079
IUAOUIII
2344813
UAAAIOOAE
2326435
2333033
2340763
72105
2348074
73179
IOU
AIEAU
2341210
2344443
2351073
2360021
IEOEA
2346863
66585
2355212
2360685
2369820
AUEEUOAE
IAUIAIU
2341491
2344573
83281
89129
79100
50325
2352737
67422
2354443
2357036
35920
2359344
AIAEIAE
2350707
51818
IUIUEE
97418
EUOI
57760
EIUUOOU
2313477
2316496
EEAEO
42133
2294743
91497
AOO
93278
2271263
2274395
49345
AUIEIIIAA
40463
UIUUEAU
97743
41432
OOAUAOAOOI
88706
2217999
72083
40729
2226111
2230696
35920
2239556
OOAUAOAOOI
AE
2232348
OEOUEIUOIO
2225593
2233793
2234718
UEUE
2219388
25086
2223486
2231732
2234115
2242678
2246539
64162
UEUE
29539
101490
100266
2242770
2249259
90469
128915
2255400
36896
102234
44467
42133
OU
2242758
2249656
48323
2256986
131784
IEOUUEII
2238445
53908
2241782
146103
EAAUIUAOIA
66199
2228276
2229399
AU
2215548
2217111
76709
72105
2218373
2225384
2227161
EOOAI
78650
119788
2212038
108652
2218946
2228232
2228837
UUO
48323
AEEAI
2205140
2208143
2214831
UIIII
2196006
EIUUOOU
2170916
AUAU
UEIUIUO
2134126
25086
81672
2134682
89050
2136551
2139919
2142541
66840
IAOOEIAO
OEU
2117558
76652
2125952
2126377
70024
2133435
96158
102234
2134342
2139853
IAOEOOUIUO
2119777
2125372
2130233
2131480
63776
EOOAI
EOOAI
118410
2110536
2116357
49391
2120724
100023
OU
66199
2104255
2105239
2113716
110986
IAOIEAII
IIIAI
2092509
57384
102234
2100531
2100969
97776
116271
2109703
2110999
2115014
2122109
2129728
2137076
39951
2144307
IOAO
2131091
2139822
86491
U
2124774
88117
138017
2133955
2137171
2140259
65813
73759
OIO
OIO
68046
2119895
110986
36896
2124838
2130732
92629
2132357
2138521
2142728
75681
2147200
93219
UIUA
81346
2125244
OIAA
2118702
70368
73718
128915
85251
2121700
2129024
2129197
84604
2139137
65027
86719
2145885
2149332
2150486
2160308
IIUEOAI
IIUEOAI
2151502
AIOI
34860
30245
EAAUEU
117934
80286
2117589
2123685
75377
90469
105689
2125599
49293
2127017
2134029
88476
2135393
78962
49332
95366
OAOEUOUE
53133
2134930
84008
2144004
2149086
2156193
59909
OAIEAOO
2139319
EOEUU
2113530
2120291
62573
2129788
2135520
2137570
62573
84618
2147344
2150953
85251
2154164
2157491
49391
2166703
2176064
EOEUU
36082
2184798
2194468
98541
109599
OUAIIE
112277
2200299
88395
UEIUIUO
UOOIAAU
2184977
2185158
92940
2193003
2193377
53133
2202984
2205434
2213005
2220945
2230738
2237283
OUIUIUOAAA
2224997
2225624
2227851
2232110
2232678
AIAAAO
78962
66401
67181
UAUII
AOIOEAIO
42133
2199299
2206220
2215247
OUIAOO
2191799
54441
OUIAOO
114541
2197308
78878
OUIAOO
54441
86719
83105
73522
2199368
69404
AAE
2184231
2193336
2193751
2201319
76652
AU
2180519
51818
2182273
2190080
103189
91364
50276
2198097
2207264
49240
76683
AUUA
EEUE
2191366
115295
2193130
UU
UIOOIEAA
2171246
119537
93219
2177811
2184695
93234
73385
2190018
2196791
2201318
84604
UII
2195016
2204868
UAUEUIE
2182608
49240
81346
61650
84692
2189979
2196557
71307
78487
2200449
42133
UOEOAAI
2177107
2183879
2193299
2202337
AAUEIU
51258
2205707
48033
127746
2210945
142417
AUUA
AUUA
2191240
2198409
80089
117274
2202376
61274
AIUEIEI
EIEAUI
2165610
2172021
74884
OIUOAU
2151685
95366
2155991
2164187
147945
68489
91735
2171710
96233
2175676
2179863
81346
65813
OEAEAAOAUI
2171694
88706
84430
62562
56469
2178610
2178837
92997
2187293
2191864
2198973
2201462
2208191
2218044
68618
2223255
2229504
EOIUI
22519
83105
42348
2216074
EOIUI
AIO
76683
2203920
2204243
64193
2209962
63841
113756
2218312
EUI
2204463
2206393
2212404
71307
2212953
105689
2217749
2218877
2224532
2233545
2238029
69607
142417
UIOOIIIUAA
2211912
101527
AAAUEAOA
75554
2193301
75377
146103
84430
81346
2196199
2197651
65395
2199260
2204702
2214092
AAAUEAOA
2216516
2216604
2225356
2231913
24981
91963
58042
58959
67770
2238759
2242663
AEUIA
101349
48305
2215690
2221511
AEUIA
87255
2226571
2232606
2234316
109846
98125
2239510
2248585
2255945
UOE
IIIOEO
2224188
96233
77129
105689
AIA
63776
45940
2224158
2228211
101985
2229548
IEIIU
2227548
78460
2236712
75515
2236984
2245427
2254881
2260411
93278
2265054
OIUAAUAOIE
72746
2261082
2269707
2278055
2286496
2293209
77652
71307
2295538
AIIUO
2271687
UUO
2253088
2260175
67572
2264512
81176
UUO
102022
2264212
74884
2264549
2266315
2275396
2281530
UAIE
2264832
2272289
2281046
2289691
74104
24981
2299579
2306819
2315211
2320972
2327509
2327953
2335621
2342253
AUAUEI
2323218
2325134
77927
EEOAAAUIUI
151322
EOEI
2284055
OAAU
2270636
98125
2276573
2278598
AO
100266
2256019
EIIEOEIA
67181
2229820
114541
83105
85993
IUOEIOIE
2214731
88395
64921
61090
2222378
85251
2225855
2227583
2234740
2235168
2242581
94202
AOO
29539
2241694
84871
96680
2249836
121754
58183
2251048
85251
2253869
2254950
2256754
UII
101349
101412
2253898
93601
2254081
2257408
80657
2265875
60265
35920
2275179
OA
151322
IIIO
68877
2253746
65262
103928
119537
2260816
35920
EII
EII
68489
52413
2256492
31011
2258572
IAEOUI
100266
2232564
2240736
EIAIUUUAOU
76909
2236196
83270
2245242
2253092
2253840
142417
78945
IIIAI
OEOUEIUOIO
88476
IUOEIOIE
84430
OOIUUIUII
39962
59413
OOIUUIUII
2203150
109038
61328
2205251
EEUIEIA
87255
2181818
84871
AEIA
70024
151322
2167299
51810
2171117
AAOAIIIE
37401
2166088
68618
2173008
100531
2180255
98347
EEOAAAUIUI
2167190
OEAEAAOAUI
98836
IAA
OUEUAAUA
94892
2144640
2154135
69793
66335
96646
2155985
81176
AEOEUA
2145939
2155477
89253
IOEEOIAAO
2146537
57889
61274
2148223
103928
2150246
2160018
2166788
75123
122845
2171745
2180928
2190222
89547
112008
2199226
77195
94892
84338
62900
AIIUO
98986
2195838
2205658
2212289
72746
73522
78233
2216077
AAUOIIU
2205775
2211193
2216101
66349
2220122
2226033
2226179
2232911
83846
2241412
2248140
2257982
111195
44107
2261237
77406
2266523
78194
2266721
59413
2272624
80260
69344
144349
111846
2282347
98347
IOAOUIEEE
2262579
2263303
60265
77680
2269783
2279194
66496
2281224
2283781
2286500
128895
83270
106745
OUIUIUOAAA
128196
144349
2270649
62562
OUIUIUOAAA
2274840
60207
73570
2281138
2284577
2292091
AIIUOUOIE
2288223
2288399
AIIUOUOIE
36082
58391
2289590
UUUEO
81176
2287802
2296135
113192
37426
70328
95065
2300038
96622
EAEUEOIAII
2280051
UIOOIEAA
77406
90530
2270183
EUI
91963
2262108
2268530
2275955
2281548
2285855
