5221
0
0
0
9603
EUAEOI
0
7512
0
12529
0
0
13722
14275
0
19400
19827
0
22658
25015
EOO
12480
17776
18067
0
23790
30413
38354
0
0
43332
0
0
51332
IOOOUO
0
0
0
53652
58347
0
0
66916
69797
71532
0
AUUO
0
0
0
56578
IIUIIAOUI
0
58359
0
61078
61382
65931
67920
72756
79186
0
79901
0
UOAA
0
59124
62773
63498
0
67676
AUIOUOOOOU
0
0
63614
0
0
0
0
UUOU
61432
62961
0
0
71525
79749
86223
E
69286
77703
78121
OAIOA
0
0
77008
86584
0
87751
95805
OAIOA
99740
107358
0
0
AUOEEUOI
0
AIAAIOUO
2881
EUOOAO
63904
0
0
71514
78746
0
84390
86061
EUOOAO
92446
97523
100771
1897
0
IAE
87935
0
88788
7578
98624
0
IUUAAEUAII
73422
0
83421
92344
9019
0
102085
111200
6474
117053
5017
0
0
0
UIAIOU
94800
0
9432
AOOAOA
83766
90251
0
304
91099
AOOAOA
97061
OAOO
93273
7397
97449
AAOOU
101893
107435
0
1897
AAOOU
114491
0
UEAAAAOE
AUIOEUIAO
0
78426
84294
91503
101132
0
1735
0
101250
0
107276
0
110319
114137
0
0
4254
117561
0
121639
128751
132750
135759
AIAUOIAIAA
AIAUOIAIAA
130515
0
4549
0
0
134745
141262
7578
AIAUOIAIAA
142367
147078
EIIOIE
134647
7977
138467
OUIOIUUOAE
136735
0
144926
0
147028
4635
0
156134
161360
170856
178556
185250
0
0
187764
7232
189369
I
EIUIAEEOEA
170238
7578
16618
174620
175196
EIUIAEEOEA
172507
180458
182980
191844
0
194942
EUAEOI
0
201509
207232
EOO
188170
0
195429
201306
0
205906
212972
7578
215296
217296
218788
5799
219121
225005
9019
226622
EOO
231728
OAIOA
209008
0
217200
5077
224182
5296
232185
232835
238014
238218
246733
254200
0
0
255524
259207
267781
270768
UO
1671
257855
0
0
0
AOAAUAAEAU
238766
5690
245216
AUUOIOE
0
245295
0
AUUOIOE
247168
EUOIAEA
237558
AUEUAEU
218311
222990
223993
OU
0
207048
216838
0
IUEEUEUOA
211070
220348
0
227578
231561
9397
234843
242361
248316
252279
0
260407
4666
266689
418
275434
10689
1529
276314
278072
280221
287902
8569
296911
427
5017
0
304037
309982
13241
319418
0
EAEIAUIOIO
319306
322100
AOUAEOIE
329238
AOUAEOIE
3043
3989
IUUEOIAEI
0
OUIOIUUOAE
299725
EUUOEE
281263
289230
7977
295975
16879
0
OUEAIAI
284316
0
288131
297096
305236
307761
311699
314543
321663
328943
0
331116
0
0
339342
0
349109
349825
AAOAE
OAAEOIEO
0
0
0
7700
323780
0
0
327995
335729
345612
6026
346624
351497
EAU
326948
335158
0
337409
340888
0
342493
351230
5799
352227
356431
364139
368894
1617
OAOO
0
341879
344913
291
0
UIOOIUIO
UIOOIUIO
332676
OUIEI
317429
317716
IOOOUO
306809
307322
313765
5077
317903
325516
IIUUAEI
EE
6474
EIOI
268510
AOAAEEEIE
0
2881
1492
257745
263198
EIUIAEEOEA
10508
AAIAAOI
231984
AA
AEEOAOOE
215985
218744
AEAUEUEUIA
16828
3680
216554
6400
217524
218538
219737
228011
231596
235118
243559
AEAUEUEUIA
246993
AEAUEUEUIA
0
19435
246814
U
234054
241980
243844
249073
253082
AOUAEOIE
AIEOAUEAA
221407
7610
AOUIIUUE
7123
201986
OIIOIOAOOI
178037
14102
22679
182273
186605
194300
195987
204910
209353
UAOAOOU
5296
0
0
211178
218049
218643
12580
223726
UAOAOOU
222249
EIU
215976
223061
230768
235665
240462
5125
245214
11913
8224
251788
253964
0
7967
UIOEAU
1492
AOEOAUI
243111
252472
OAOOOEEA
0
8224
260229
270027
19772
7681
11913
6474
272409
275088
0
23227
33610
284111
11589
291947
UIAEEEIAUO
299587
0
UIE
0
278564
0
279104
286733
289807
290496
296729
AIAUOOEU
OOIU
OAUOE
0
261174
270479
21627
OIIOEUAA
257956
260747
0
266736
267721
269677
13811
276589
284965
6026
286449
291990
OIIOEUAA
290775
294442
EEOEIIOIA
13151
7120
1492
274392
281493
0
281806
27434
IIUIIAOUI
268381
272022
280239
0
5453
0
4804
281671
6474
283933
4610
287860
297679
5229
11813
300575
EAOAIAOEIU
0
0
279323
0
1335
288222
295088
6618
1343
304608
21972
OOOAAUIEIU
294748
299462
301569
9861
3999
6499
O
279257
283949
0
11959
291135
OOEUEOU
284138
288178
7028
17377
6998
0
AOUAEOIE
4804
273000
EOIEEAUAUE
246120
4138
252621
5077
255339
8834
260520
263803
267264
8573
274526
7967
277758
282306
290302
298299
OEEIUUEEO
293475
IOUIAOUUAE
9567
6952
8914
UEE
255657
258125
304
260108
0
260399
UIUEAAAOI
8644
8890
0
19875
0
0
253723
262962
7967
270191
278057
0
1199
IOEIE
257162
264222
270601
4060
274693
279202
284304
0
7230
EAU
288684
294906
301219
EAU
1605
297894
299884
304409
8274
306988
313363
AOIIOI
EUUOEE
1012
269796
8240
7123
271017
AUIOEUIAO
7101
17584
4635
7629
250098
6474
AUOEEUOI
IOAIEOU
215679
34415
223046
232832
242116
23485
249190
257650
260852
9432
6697
264727
270056
277894
278702
281865
5077
5017
0
284083
OOEUEOU
283828
293151
293539
301980
0
EIAUIO
8521
286757
6618
IOEIE
269754
274783
15933
AAEUI
27434
UIIEIUUU
229069
233970
21484
11704
234685
AA
IUU
200311
2791
16981
205339
215338
216651
224125
11371
UOIAEUU
210737
218532
219050
224370
225586
232333
235177
243709
0
EIIIAU
4140
239742
248751
21972
250072
8547
252801
255784
265396
EIEUAUU
243148
247693
254909
264544
266870
EIOI
UIIIOIIE
0
242422
8644
247292
252258
260485
268618
7629
278600
16433
4236
O
265776
8416
12659
273837
594
277281
AOAAUAAEAU
9397
258106
259251
260787
4138
264397
9861
1199
10339
13083
265998
7977
8728
266083
273951
277610
8547
286159
OOOEAUAE
0
276962
7367
283522
283525
285846
292723
302019
4060
305101
21387
312902
8573
319719
324776
6026
325245
9023
EAAAII
321136
16981
327868
10209
EIAUIO
1864
332986
2102
8573
0
333871
335269
339156
0
6501
5017
342869
0
352020
352270
355419
361291
364021
1492
4635
366672
367016
376958
EIAUIO
382179
382284
387690
13083
24241
394969
1492
397058
7708
399412
400431
1335
9023
404710
411575
419862
A
399066
404269
405281
414909
417747
7836
419045
428118
0
436486
21387
443520
443897
AIEOAUEAA
388
594
430766
437727
443124
444305
452707
459071
4236
13447
462606
470553
1199
472387
17584
474091
14887
474158
477761
485251
489796
16981
497539
10037
507078
512956
25046
514398
521305
37132
529038
8728
531950
541771
UIIUEE
530211
IOOOUO
519587
521382
15766
528172
537901
545869
11836
554394
563818
AIAAIOUO
545046
552407
559547
11836
7578
1415
EIOIUOOOE
547871
552602
557952
2102
EAEOEEOO
540071
EAAU
526374
EAOO
504046
508019
11488
13447
510233
EAOO
517106
523429
8899
533394
9827
11691
25046
5102
533602
18375
0
540035
27410
544633
546442
555163
4060
560600
562085
IUOAE
4873
4140
5077
547886
553677
561460
564878
6026
IIIOIIIIA
EOEIEE
535575
19396
545195
547684
552464
UA
552551
557436
564325
8644
569520
EAUIEUAEE
555083
0
560511
14482
568315
UU
15942
UU
28004
554070
UU
OAEOUEEI
545955
28004
555487
10209
22329
557773
18445
561339
567016
12452
15424
576572
4254
585382
AAIAAOI
7836
11685
EIOUIOOOOA
560961
565189
568520
15357
577176
EOAUUU
4692
560745
8292
6052
7565
5102
563831
567154
569676
578406
586291
588912
591958
9092
593597
602574
612203
621458
8102
627030
633785
634254
16364
641840
645426
7209
21824
4140
654601
18364
6618
661405
5425
669521
670824
671833
UEOEEAAOI
651651
661084
662962
672291
677448
687266
693931
7209
698114
7092
698825
701753
709928
717939
5296
726444
733729
6052
5077
735173
7629
5077
743234
745391
746117
OUEOEE
19583
2498
742469
22780
752293
7565
753852
758803
2815
766549
AUIOEUIAO
16700
762436
8547
768750
5520
778713
780529
0
7570
2844
UAEAIA
UIOOIUIO
7977
25046
765319
768010
OEIE
20649
14735
25046
2102
28004
OEIE
2498
12050
740602
742263
4140
744374
AUIOUOOOOU
22490
7120
6952
12670
735891
742728
745012
745625
11685
8102
750575
9827
751900
11836
E
EAOO
OAEAAOIE
692378
697861
700994
702568
EOUEIA
17584
701671
UIAIOU
3082
A
672365
0
681407
7578
682170
690409
UIOEAU
674552
677195
17584
14981
IU
675136
676398
678611
18375
AIEOAUEAA
7092
7551
651974
IIUIIAOUI
627556
632399
IUAOE
6315
618230
AEAA
607323
OAUOE
8899
OOE
574660
AU
552522
555084
17640
0
2183
559634
12557
AU
IAIUOEIEU
EAOAIAOEIU
513760
519817
2844
526694
532867
2262
UAAIEOU
530376
539907
11959
13604
6879
12670
547163
553611
561007
568750
572292
22824
30003
2844
580614
588915
598393
598777
UA
14226
1536
24999
584698
593807
9827
OAOO
578564
580315
580332
OUIOIUUOAE
566297
OUAEE
14482
OUAEE
548045
554116
560241
6879
23485
18927
569486
IAUOAEEU
547992
557419
564969
26093
7418
571333
581252
588298
596435
603957
9175
609041
EUAIA
608385
AUOEEUOI
595393
595406
600180
12361
12670
609072
610687
615837
619264
15600
627150
30003
19116
6223
627518
631455
633827
635703
6026
644872
EAEOEEOO
OUAUIO
OIE
613253
8810
38073
10591
OIE
26234
27770
617765
11320
UEE
OU
23651
4254
586157
589858
13624
591083
6209
38073
597530
599161
602485
20931
2815
605234
AUIOUOOOOU
601124
24999
594
610759
611582
11692
8899
617464
14383
620881
628483
27770
634866
AEA
623458
43655
627084
1012
629619
636884
2679
6474
AUIOEUIAO
611144
28195
618190
626249
8753
635163
639493
14333
6879
642394
649522
OAEOUEEI
639145
640289
26834
5425
647971
653168
657508
665545
26093
IUAIE
653138
EIOIUOOOE
631203
641080
646701
648859
14308
12784
653847
7457
OEEIUUEEO
652551
OA
646095
10591
10216
7105
652099
10889
14735
657989
28147
20936
14255
667240
23401
5229
668011
18962
8521
UEAAAAOE
EIUAAAOEAA
645710
OA
620372
624934
22569
628703
637890
638851
0
27859
645326
9356
646412
653952
20629
33473
659504
660966
12738
16306
669492
19918
UIIIOIIE
658397
660869
667172
672131
3163
676773
726
26093
19875
681177
EEEAEAO
26234
665283
671647
679725
15314
685813
OAUOE
688381
28444
692061
OAUOE
EAEIAUIOIO
33473
674079
678238
686230
8879
8879
5157
OOUI
UAAIAEE
12929
671415
35289
18927
676076
20002
33473
AAOOU
9230
659938
667059
IIUUAEI
9084
EEUIAUU
625630
635520
641639
643530
16981
649331
656361
656452
12670
2844
OIIOIOAOOI
8409
19523
632431
EAEIAUIOIO
10216
616915
UA
12314
592871
597269
EEEAEAO
2844
26915
20199
14730
584538
EEOEIIOIA
569763
18410
573199
580094
582343
587870
6223
597161
OEEIUUEEO
3397
598093
602347
608293
20408
12314
616975
618283
619598
623265
631092
16306
640463
UIOOIUIO
28195
8927
10216
618580
8525
626610
632272
640627
640919
38073
649234
11421
31328
658748
13604
659664
26113
663167
664290
665528
OI
12929
657508
658467
UEI
5584
646347
649500
656571
664695
26915
668867
676850
679166
EOEOOUEUA
674266
678396
OOAOOAE
EIOI
12314
OA
626455
629993
638327
594
647135
648983
14771
650374
25486
652483
659453
37430
665295
26915
9687
672583
OOAEAEAU
652105
659513
OOAEAEAU
EO
22569
EIAAIUIEU
621126
623808
8133
IIUIIAOUI
EUOOAO
593573
13604
11587
24461
UOIAEUU
14771
581038
587385
589060
27291
589423
595793
605768
UAIIUOEIE
OEIE
575413
19060
31037
580759
583976
586989
591125
OEIE
588659
595965
36072
UAIIUOEIE
AUOEEUOI
562303
571353
574340
5150
583538
584982
23738
588067
8416
16700
591331
38600
21838
EUUOEE
593030
601218
11704
602888
8409
11320
608274
612998
21111
OUIOIUUOAE
5229
27507
610686
616653
UUIEUEIE
604673
606568
23581
EAI
606619
614046
618508
36143
OIUAIAEEEU
591709
OOEUEOU
EIAUOAUUI
OOIU
IOAIEOU
36143
8927
528254
531199
18414
12738
540825
17491
18414
15441
545698
36143
552237
560890
566622
43843
570128
576478
579038
IOAIEOU
11704
582392
23651
590657
595136
EEIEIA
15916
25458
21314
32489
9687
1536
8927
AIAAIOUO
AIAAIOUO
586548
UEOEEAAOI
585979
588299
17808
10648
UIIEIUUU
575228
580675
AUUOIOI
569302
579299
586942
IIUIIAOUI
19081
565659
574337
IIUIIAOUI
10625
580119
10510
586032
586621
28216
18584
591212
23622
AEAA
596110
23017
30147
38073
602128
AEAA
17924
U
AIAAIOUO
569203
12789
AEAUEUEUIA
AOIIA
559783
559908
AOIIA
13127
10591
AOIIA
558022
23017
EIUUIAEEUU
535967
544939
OEUIO
8525
10625
21803
OIE
28114
6475
26093
34939
23948
24855
EIUIAEEOEA
497014
27351
505517
23081
22053
514650
AUAE
490378
25019
491898
25708
2522
UIOEAU
487555
491256
EOIEEAUAUE
496717
499968
14675
6899
UIOOIUIO
10669
31037
507099
507317
509377
594
UIOOIUIO
8409
515114
520885
18414
24855
528915
12606
533547
7741
538403
545577
554281
556335
565054
572949
580420
583414
589236
UIOOIUIO
592444
592567
598476
605504
14707
UIOOIUIO
UIIIOIIE
24382
22032
594767
8656
601415
610594
618205
619388
20002
624591
630498
EUAEOI
39322
24755
U
587636
588252
591173
598002
16506
38226
UUAIUE
587111
E
31141
570648
574704
575000
580806
586014
595415
604821
606322
21314
30915
608443
611666
7741
613072
39220
21795
26834
620404
E
618064
26234
13895
621188
628944
629449
25019
22834
629928
17492
630637
23017
33309
49656
634739
EOAUUU
619460
14768
620315
21838
622515
631618
637501
6475
28290
13749
5520
OIUAIAEEEU
10591
619096
625894
12361
631049
638716
UUEEIEOIU
20036
610331
30147
UUIEUEIE
597306
18681
606273
610809
614998
14189
16831
17491
31037
622582
AUO
49656
628435
632683
636875
13952
OOAOOAE
620750
23017
EAEOEEOO
604179
12606
13895
604539
4313
EIEUAUU
588865
590264
50668
UEOEEAAOI
34939
34501
579076
581370
UEOEEAAOI
43155
581056
586842
24134
588641
591256
600614
610562
612209
618948
625758
628073
631152
639579
13895
10591
646124
653859
27881
23090
654482
OAUOE
13083
12872
644750
18674
645575
655163
4430
24127
18414
IUUEOIAEI
650668
656511
664795
667876
IEOEAOI
39322
665553
673084
675493
679500
4313
IEOEAOI
18328
EIEAAE
EOO
667124
667836
677722
9487
47909
49656
681465
33226
682435
690663
697321
EOUEOUUE
18994
22868
28290
675399
34939
A
651933
661603
664215
17491
673299
27099
675464
OUIOIUUOAE
18328
671364
680633
689493
EIIEU
678587
32422
23657
686405
689743
2522
691176
IAIUOEIEU
671083
675762
12670
682107
13083
17492
20685
15697
IOU
675049
676876
679163
38115
37752
680849
EEOUU
OEIUAUAEE
654936
660202
665709
UIIEIUUU
650049
653334
660508
661649
669869
31892
675344
47758
681866
UIOOIUIO
660937
EEEAEAO
OIIOIOAOOI
644331
16279
644478
21125
22178
13952
14768
653286
653929
660055
667800
15577
673170
678551
19081
685126
16656
18994
13895
693728
699831
4060
19523
700731
6475
708239
AOEOAUI
704113
AOOAOA
13096
682742
21838
686640
694835
54594
41895
698395
705602
35351
OEIE
686469
OU
24966
671107
EOAUUU
646462
656348
18128
35351
27588
AUEUAEU
635513
638030
645519
8115
653074
4313
661002
18956
662575
UAOAOOU
OAOO
18674
EIUUIAEEUU
618258
619040
623452
628659
EIOUIOOOOA
OUIEI
10887
30554
11175
12857
2844
29337
580178
36435
21582
582538
586216
21379
586425
17434
3231
594297
IIIOIIIIA
48208
578175
579510
23622
586192
OAAEOIEO
580864
21452
582646
590620
593917
30239
13895
21452
603766
607732
10887
28290
611161
614042
618091
619880
12296
13096
624469
628655
631074
637330
645464
14768
18681
16825
AOEOAUI
42355
11380
638824
647973
OIEUII
644065
19639
8102
645306
648165
652568
660568
661306
11175
18026
46133
33071
41057
14189
666196
54367
675230
682393
23622
692199
14675
52485
700076
704134
704188
16825
31037
54717
16825
UAAIAEE
12606
13354
690594
46992
697577
EIIEU
31037
12857
686471
20075
19523
693558
695401
704834
711611
719404
724724
728828
729149
729503
729542
735811
739595
747590
757134
761665
769563
13895
771900
16700
UIOEAU
774933
29901
778818
20854
52485
20854
786685
794298
12872
800022
805240
813399
18681
40761
815634
31884
15097
816754
817248
23622
825548
826267
45847
21452
829783
831490
UAEAIA
822839
830519
19284
8927
4430
834763
836588
18681
840609
841974
846577
849732
859064
866227
869030
874522
875279
18128
877932
886365
30554
OA
27099
29516
874071
877034
30239
12872
17085
883978
892338
AOAAE
30554
889588
18414
896825
901568
30239
904334
UUIEUEIE
893531
IOUIAOUUAE
22143
3231
40339
887352
16279
891751
37907
31037
UUIEUEIE
887237
887872
897312
905517
35369
24679
913558
917252
21968
I
EUOOAO
17085
883951
27881
891432
893151
14659
899492
909458
918685
26834
924327
26535
932291
936479
15916
938901
16437
945319
951266
951827
18128
958676
EUAIA
956210
31884
EAUIEUAEE
936460
IUOAE
IUOAE
933028
19284
23055
18026
AIEOAUEAA
AII
19284
A
38898
AOOAOA
883164
UUIEUEIE
877449
31884
OUEAIAI
865981
871707
EAOO
854681
863643
868947
877625
884460
889242
30572
18170
20675
EAOO
896260
905454
912106
OIIOEUAA
888162
5520
890822
AOAAE
875903
EUOOAO
19286
7741
859725
869015
874498
876568
883549
890574
897206
897835
16279
31210
903384
905749
UEI
AAOOU
18681
19284
874891
877236
878448
880381
24634
881634
888735
894629
904087
24062
907523
OAUOE
895382
18033
9687
900354
900503
906837
28690
UIOOIUIO
901444
910892
919182
919400
927600
UIIUEE
903622
912603
22075
26836
922469
38082
927791
33723
935093
943496
948202
29337
952098
952184
13324
958538
964883
973452
979559
34501
3231
985434
992702
11531
993324
1000323
21582
1001627
EIIIAU
9687
987706
11531
992464
29901
996538
1005403
1010565
1016778
EIEUAUU
38130
1009267
1013206
1013561
1015675
AIEE
1013900
1022978
1023118
EEOUU
EIU
1001911
17828
EUAIA
OUAUIO
963478
967737
18026
969904
978340
987445
989760
22075
36812
995498
999061
1005887
1013157
16700
29337
1017717
1027368
AOAAEEEIE
EAOAIAOEIU
8734
14883
993162
1002053
58877
EIEAAE
UU
982100
986189
989000
989029
993038
I
2844
979861
39521
9687
980910
981575
12296
986581
42683
990779
36738
998634
I
38898
AEEOAOOE
970204
EIOI
EUE
937106
942464
950421
26969
958186
964702
26493
8115
20298
21125
973829
981580
982880
991788
992515
EEAEOO
12763
31808
38706
2844
989410
23645
998803
1003994
1010479
1020137
IEUEAE
1005701
1010094
UEOEEAAOI
1005365
1010667
1019693
7112
42683
1026821
1032157
1034952
1044825
AOAAUAAEAU
1038943
29433
AOIEOI
1012901
54882
1014659
29693
21557
31764
1018957
1023881
EUAII
1004306
1005302
1006384
1009909
EIU
46603
1011521
AOEOAUI
18956
998901
1002273
1007322
1009601
1012299
1013149
68784
30159
43577
27477
1015791
AOAAE
999274
26433
AOAAE
EEUIAUU
990799
AEAUEUEUIA
996004
3231
997592
1005846
50668
EAAU
OAIOA
975284
985262
16279
986817
62526
EIUUIAEEUU
977552
980493
985495
987604
989133
30223
998352
60702
62588
1006126
1013374
3647
48474
1018948
1025829
1034139
36296
1043550
1046348
1048026
16279
1055748
1056176
1062268
39391
EIUUIAEEUU
31621
39762
1064468
1066000
1074749
41941
1078776
1088022
1091069
9541
1095002
1102206
1110026
1112790
12763
AAO
UAIAIAOA
50750
2844
26332
1070035
1078952
1081996
19419
EAI
1062424
28594
1065761
1069317
26183
1069539
1074888
34076
1078965
1079726
1086228
22070
22176
1090797
1099811
31328
1106529
1106609
AUUO
1087015
3647
IIUIIAOUI
26733
1086047
34687
IUAIE
EIIEU
1059269
33898
23651
1066392
1074273
35092
1074881
18771
1084873
AUEUAEU
9487
OI
1050452
1055304
1062106
OU
35219
1054680
1063257
1067242
1068272
25336
25560
21361
22416
24573
1069212
1072238
1082042
1091410
1101352
1107397
49771
1115324
18994
1115846
43577
1123316
1131795
OU
1134729
1140292
II
1126529
1128238
25123
UO
27885
EIUUIAEEUU
1104489
1104819
AAO
1102269
1110526
AAO
68784
1109365
67764
1118001
1125932
1130707
27975
1134473
1139959
1141475
21361
OAOOOEEA
21822
IIAA
AOEOAUI
1085818
1091141
9541
1091445
21361
8102
E
39866
1072354
1080088
1086383
1091033
1098916
21582
35369
40317
28031
1099122
UIOEAU
50668
1097981
56392
1107880
54027
1110245
1113465
40317
1116991
1118991
17031
24127
UIIIOIIE
1099780
1108681
46802
35369
28031
1111838
1118205
EAUIEUAEE
29854
1088873
1091970
1093672
37652
36089
36089
1101519
OA
30457
46467
1093633
1101580
53404
1104034
1106750
60702
OA
1114998
1124805
27477
IOAIEOU
1103878
1109251
31135
UAAIEOU
1089201
27885
40484
1094609
30554
1098925
8788
13273
1105850
1113501
1113674
23628
14893
18026
18994
37542
1122768
1124361
1129505
1130306
1131983
1140570
1146120
27477
28449
32412
AUUOIOI
20854
29854
24573
9487
11142
20298
AIAUOOEU
EI
1103877
1108058
EUAEOI
1084436
1088592
1097346
1100247
17434
7112
1102172
EUAEOI
20036
1103900
1105045
36620
1106799
1109235
1118551
25450
23645
1121511
EEIEIA
OIUAIAEEEU
1120888
1130061
36635
1132924
1133112
1134466
1144042
1150624
1154185
1161026
26493
1162750
58433
OAIOA
1163846
OOOEAUAE
1142340
34570
1145018
OOOEAUAE
1146732
EIOI
41057
1140099
EIOI
1142459
IAIUOEIEU
21582
1129079
IAIUOEIEU
1129870
1135329
1139605
1147719
1149682
1152370
1159009
EAEOEEOO
25554
21628
1150585
14590
AAO
UUEEA
28690
1113904
60089
1116376
1123749
1129206
1131864
1139273
48849
25365
1146767
34899
14940
1149715
33898
30554
1155114
OOIU
EOUUOAIUE
AII
1104888
1105544
32767
1112700
16700
1122403
1130373
40063
OI
1123617
1125233
39322
17491
33286
1127024
1130420
1134511
1142992
1143854
1151272
13561
13561
56659
52835
66035
AUO
1146834
1151096
1156403
1164069
33598
28253
46467
1166667
1176618
29148
42260
AOEOAUI
31392
1172692
74913
1174955
1176967
1184300
53638
1189631
18994
1191194
1200325
18261
35092
1203791
1210380
1214171
18994
74913
1218863
AOEOAUI
20912
7741
13306
1219320
OIIOEUAA
1214029
1221121
32245
1223170
23628
1230234
1236985
1238897
1245363
1247681
EI
30234
1249852
19352
EI
1257636
1258647
1264413
43805
1268549
UA
26596
1264572
UIOEAU
1245572
1245746
1248149
1252158
1259383
IOOOUO
1247486
1256787
37542
1264873
17891
1271557
1278448
20912
81740
7741
7112
AUUO
21582
1271149
AIAUOOEU
1259361
1260512
1266662
14940
40063
OAUOE
55372
1244118
20912
12296
1245202
AAOOU
31726
1239908
1240957
1247271
EEUIAUU
UEOEEAAOI
1224811
1227603
48445
1233358
1243275
1250162
1251248
IUU
OAEAAOIE
1216023
1221213
1224234
50282
1232783
1239137
33286
1239974
1242889
62193
IEAUAAOI
1241911
1244202
50282
1251724
13561
UUOU
1250961
79868
1256913
50282
26767
27677
1266603
12296
1273908
1275888
1278173
30984
1286473
1289480
63753
OOUI
EOUEIA
1257219
32618
1258019
EAEOEEOO
1238008
25365
EUE
1240544
61296
1248511
IUEEUEUOA
1225241
21361
1228296
29131
39621
1232397
27677
1233275
1234899
1240881
1246169
EIU
34109
1245646
1255601
1263352
OIE
29693
42151
1241174
53638
1246698
1248996
1251385
21125
1252275
1256989
EIEEOEAAEU
1240907
1249951
1256169
EIEEOEAAEU
EIEEOEAAEU
1254748
1256458
UOAA
1237182
40788
1240154
1247266
1257038
63900
51430
AOIEOI
1233279
1234495
1235973
1239198
1239857
34672
48474
48474
1240618
57545
1249767
1251040
EUE
1231735
37128
1237401
1245657
EUE
1245166
54027
57970
1248672
24712
23017
1250906
50879
1257224
1257778
1264512
1270111
65697
1276873
18261
1282936
1290431
54213
64398
55162
1294329
23017
54213
EUOIAEA
56659
58877
1302396
1309354
24881
1317549
69216
53556
34445
1318940
36945
1321791
1322190
1324121
32012
27179
1324676
EIUUIAEEUU
EIUUIAEEUU
1302102
23017
IUUEOIAEI
27477
1286431
1293827
1295959
26925
EOUUOAIUE
40788
1275767
1277017
1283286
UOAA
30457
32767
58057
UOAA
34109
61296
18264
70788
37300
1260000
EAAAII
1238558
1242820
EOAUUU
42549
1216538
1222570
48591
16313
IEOEAOI
1210640
55944
29882
1219183
1227499
EUE
AU
28961
1205307
1205568
UUOU
10514
1194619
51022
1196588
62193
1204962
1207316
1215175
65697
62193
OIEUII
EIAUOAUUI
36389
1201275
1202007
EIIOIE
1184093
1186307
37542
36089
8416
1188723
1189022
33564
42172
33286
1196960
IAUOE
1182481
1188190
1191440
1197317
1205664
33564
1206369
1208410
1211556
1217175
OIUAIAEEEU
1193894
1197874
38096
39664
40111
1206106
1208515
1210118
1219070
1219521
EUAII
40484
36563
70840
8416
1199513
1206038
1211108
1216723
36089
29693
1216756
UIUEAAAOI
1193767
1201618
59868
AII
1190887
37128
66762
1195187
1195256
AII
38390
15083
1194817
1199578
61830
1199737
1208008
1208120
1212600
OAEAAOIE
34566
1192591
18264
46467
IEOEAOI
1176413
43805
1185251
AUAE
1160771
1169112
7741
1172703
1174324
1175093
30890
30219
EEIEIA
1170544
1173507
1177158
1185888
1188048
1197719
OOUI
48878
1186401
1186876
40370
OUEAIAI
46899
47607
IIUUAEI
30219
EUAIA
1157071
OUAEE
AEAA
AAOAE
1108829
26580
32435
1115754
1116514
40317
29086
26332
1118343
1126961
1129572
1135472
1136067
1143070
1144536
61774
1151888
EAEOEEOO
AOEOAUI
AUO
1109492
1118516
1128091
31942
16106
OOUI
35373
1121046
53556
21933
1129364
1134092
1144041
1151766
1152757
1155404
37060
UAAIEOU
20965
1152507
1152818
24632
29854
39621
1155509
30554
1163796
1171031
22744
1177177
OAAEOIEO
38096
1156049
AUOEEUOI
1135787
16746
1138099
1140064
1140873
50166
1147506
1155297
1160149
1162024
35603
IIIOIIIIA
1137931
25652
1144551
1146714
1149076
AIEEUU
27992
1141086
1141716
1150056
1156422
1166334
1167213
1169370
1177908
1182553
78715
1191838
1195756
IOU
1190878
1195627
UEOEEAAOI
1177634
46403
39609
1181331
1189341
1199013
1207624
1210874
UEI
1210362
1214020
30554
1218891
OEUIO
1209083
OEUIO
1210446
1218444
33286
1227243
OAUOE
31141
OOAOOAE
63753
EOIEEAUAUE
EAAAII
1172489
24881
1179141
IOAIEOU
1155061
47436
42339
1156310
30223
1158401
1166203
1174083
1174428
28289
1179076
70840
35373
1183751
33564
1191474
1196079
32245
90971
38104
46403
51017
37702
EIAUOAUUI
AOOAOA
1170109
1176509
1182179
40237
1187183
24881
1196657
EEAEOO
1202615
43603
1207821
60420
1211024
1220968
26580
1225993
1235928
1236162
1240622
AIAUOIAIAA
49514
34030
1227180
1232244
1234385
40992
1234700
1241207
35938
1248382
1255621
90971
1262085
39664
1267538
AIEOAUEAA
1255935
1260646
UUEEIEOIU
IU
1225183
1228278
29337
1228860
1230598
1233005
1240574
1246107
UUEEIEOIU
1241168
UU
1221940
1228848
23367
1235353
43705
49098
63831
49154
1238866
51430
40237
10848
OOUOAAI
49154
EAAU
OOOAAUIEIU
23367
1188857
40037
AUIOUOOOOU
1180513
47748
22352
1185701
60702
1190897
8115
AOIIOI
23367
1180569
1184559
1186521
AIEEUU
1174521
49694
1180947
1190811
1193701
30019
39398
47436
15169
EUIIEU
1176539
IUU
29766
44701
1156896
1165100
46899
49934
1171337
33989
EAAAII
1171078
AUO
1163434
43705
1173328
45020
1180684
1190151
OOE
EIEAAE
1147284
43171
55944
IOOOUO
1125469
51017
38320
IIOUIIOE
29766
40037
1115001
OAAEOIEO
1104729
1111899
1113911
1118161
1121367
OIIOEUAA
1102658
1109935
AUAE
30329
UEI
16313
67142
26332
35603
10848
1076610
1083364
1088905
48176
1089111
53556
1095254
1099917
OOOEAUAE
1089098
1095895
1099275
AU
45020
1084727
72365
1087773
1097551
1105653
60819
UEI
1083815
1093381
48538
1099603
OIIOEUAA
1094429
1098749
1104029
1113753
OIIOEUAA
1115994
1122038
EUAEOI
1117750
35826
41444
1124083
1126219
OAEOUEEI
37283
37788
AA
EUUOEE
1073185
1079137
1081951
1085388
1089891
1094043
1102495
1110199
EIOI
48501
14940
1085729
EIAUOAUUI
AOAAE
1062204
OOUI
EAEOEEOO
1036602
1038381
32435
1043799
67142
UUEEIEOIU
63111
1016815
41880
1017617
12296
58033
30457
1020103
54386
1027875
57285
1030807
58033
1039680
1040340
35234
1047438
44660
OIIOIOAOOI
59868
60702
36094
1053612
16106
1062586
27179
1067034
23214
1076084
1082349
1084449
1087359
E
15887
49514
42493
17434
OUAUIO
49015
OEUIO
15887
1046992
1053707
1055153
38320
31090
1060694
1065983
46269
31374
1067233
1069701
1079427
UAAIAEE
1075272
OAEOUEEI
50117
1050292
1050961
1055163
42339
OOUI
1058503
41365
58877
1067250
48538
1073595
26524
EAEOEEOO
48083
1063776
1066015
1070062
1071069
1071620
1074893
OIIOEUAA
53556
1069467
OOOEAUAE
1061553
1070887
29086
51798
1076784
97425
1078687
1085879
37542
40992
1087757
1093851
1101822
1108846
1110149
1112782
27565
A
40243
1102260
51865
37631
54386
37075
46899
EAEIAUIOIO
25914
1084907
1088466
17129
58739
1090277
1091081
34042
42329
48538
42766
51430
1092105
41365
1097004
1103869
1110453
60062
34686
1116630
12296
1117433
1126075
1132529
56905
AIAUOIAIAA
AIAUOIAIAA
1109153
1115690
1119316
1123987
UEI
34151
43745
24881
1106772
34566
1112961
1117286
53457
31308
48538
64761
1125924
1129971
53457
1139776
1145258
1146852
1146979
1155357
57992
1158906
1160703
44412
EUE
1142238
39295
OA
1120220
34042
1123116
1124835
EOAUUU
54208
1110545
AIEOAUEAA
1107604
55587
1109395
1118497
36981
64809
46899
EUIIEU
44624
62177
68126
1094203
58739
37582
48060
1099595
54208
1105582
54031
1105666
74673
1108211
OAUOE
1089020
33054
EOEIEE
EAUIEUAEE
48120
46552
1067821
30457
1069550
51447
1069751
1079113
40243
101233
1087088
1087329
1088003
51351
58033
1091928
1092510
67297
I
IIIOIIIIA
1055588
1063267
1069808
73265
51430
30019
1079425
72132
1087552
1089068
29094
1095318
1099835
1104875
1114050
42329
49934
1121542
1131473
1131915
1141546
1146399
OUIEI
IOOOUO
50078
54098
45978
1126521
1129380
1135682
1137880
1142071
1144165
38096
1148340
OAAEOIEO
OI
1113264
1120304
36857
EIAUIO
40992
1102597
25807
44168
42766
52964
1107155
1112819
1122810
1125886
UAIIUOEIE
1110800
68155
1116933
66854
1125999
52964
1130175
1132974
OOE
EOIEEAUAUE
EOIEEAUAUE
48907
1107063
EOIEEAUAUE
34151
1113625
44412
43311
1122636
OAAEOIEO
40660
1117672
22352
1125591
53452
1133333
1137861
45978
34549
30579
IUAOE
1139330
OE
34192
62127
30188
1135761
37631
1143531
1147343
1157034
1165334
1174693
1176293
1182765
31374
70496
54443
1192357
1195977
41574
1201052
1206560
EOIEEAUAUE
41247
1195445
1205124
45230
1206473
EOIEEAUAUE
EOUEOUUE
80292
1191548
39426
OUIOIUUOAE
1172535
1180713
77729
1188678
35300
OOEUEOU
22352
1189714
1191543
AUO
29094
1187694
1196686
24881
1200613
EEOUU
OUEOEE
IEUEAE
54443
1177110
81601
1179555
1185784
1191958
1201150
49934
1201809
44435
1205455
IIOUIIOE
1194731
74511
UUAIUE
UUAIUE
34686
EUAII
1170779
1177530
1182858
30457
74094
59130
1184922
53633
48907
1192426
1199025
40306
53891
1204537
54443
1212611
1217591
65451
1225191
1233412
OEIUAUAEE
UUAIUE
70496
1217246
42766
1224260
1226836
1228299
AOAAEEEIE
1213214
14940
1220818
1228539
29337
1229168
1231939
1241689
1246028
70239
1251785
OUAEE
UEAAAAOE
OUAEE
57285
1205156
1209148
1210597
22352
32587
74094
1215584
1215994
1221355
1224715
1233439
34042
1242806
1243307
34686
1247497
49514
42142
34359
1257474
1258300
36417
1261331
83879
EIOIUOOOE
AEAUEUEUIA
1237559
1244710
1251766
50438
54443
80292
OAIOA
52008
34686
1241254
46632
45696
1251034
1259151
1264795
1272708
101233
1274600
1281223
AOUAEOIE
1279189
1283363
17434
37126
39733
1290199
1292075
53891
49934
1301961
1303833
33286
1313177
17434
1322134
1324144
59130
70082
EAAAII
AAOOU
74952
1282228
1288815
UUAIUE
UUAIUE
1287261
EAI
72132
1272795
1276899
42766
31118
49988
1282705
16106
78804
1283928
35529
1288410
UIOEAU
1262491
1265756
1271912
48120
AOUIIUUE
54443
AOUIIUUE
46687
1246336
1249210
AUUOIOE
AUUOIOE
68771
1247491
30579
1256549
70239
54208
1262938
46687
OU
1254056
1263524
1264968
1273344
1274416
1281689
55542
74511
UIOOIUIO
1258640
1262523
52008
1270730
1279310
45188
45001
38823
74189
50922
1287150
50922
71039
57285
1294977
1297972
1301738
1310046
1314219
78804
EUIAIOEI
72830
65020
1309587
34686
1313041
1320358
1327742
72004
EIEEOEAAEU
34359
53633
1316404
44083
EIEEOEAAEU
1314808
51713
EIEEOEAAEU
1317412
UIOOIUIO
1298629
46299
1303927
1308962
1316273
1320394
E
IU
1274219
1275063
1282092
EIEEOEAAEU
1254102
46899
EOEIEE
1241459
44453
81601
38688
1244168
44412
44083
AOUAEOIE
1238845
1241251
1249767
1256280
65450
1258274
52852
EIIOIE
1252828
OOOEAUAE
37631
1231225
1239750
EEIEIA
1222604
76045
1231591
30851
72365
22892
1235907
60340
1245062
IUAOE
1224624
23214
AUAE
1221464
1229713
AAIAAOI
1229243
OOIU
78533
37075
1210465
40660
69848
1220343
1221269
21659
26524
1230459
IOAIEOU
1220536
1227075
1231594
1241106
AUO
1242779
1252770
51803
1257989
1267873
AUO
1273268
1274099
40373
36790
1281464
101233
36981
80052
1290953
34712
EIUAAAOEAA
1279297
1280585
1286418
43311
1287315
40373
1295668
1302568
1311612
59478
1321280
1331095
39733
1338675
1341458
1348239
80052
1357131
1365325
EIUAAAOEAA
1367808
47248
33757
1369843
EOIEEAUAUE
1366092
UIE
1359486
1360264
61188
69840
AUUOIOI
EEEAEAO
1317535
1326861
1335233
79761
41469
1344380
AUO
1328711
55814
1331809
67142
62127
41462
1341137
1342577
1345629
1352982
80237
52437
1360858
1370722
1378101
1381455
37126
80292
1389338
67107
1396804
1403695
1410322
1418294
1421117
82536
53224
1426783
UUIEUEIE
IAUOAEEU
1398723
1402981
1403258
47266
22197
1412436
42557
1415685
43651
1422572
45519
1426717
73564
1430040
1434696
41285
IAUOAEEU
52714
1434506
1435379
1443448
1446105
1450044
1453368
1457843
AIAUOIAIAA
1438974
34420
1443941
65450
23367
1452327
AIAUOIAIAA
1452425
1457929
1462833
1472582
1481818
39426
82536
56222
1484289
57900
44453
1493709
AAEUI
1489181
1499119
37582
1500358
1509996
22892
EUOIAEA
1504011
EUOIAEA
E
35529
20692
53224
1487018
1495023
40373
61200
AOAAUAAEAU
68377
51713
1475885
OOAOOAE
1465363
1472297
41285
1476744
1482880
1492530
1497924
1503628
AOUAEOIE
1477796
1480545
UIAEEEIAUO
AIAAIOUO
37631
EAIEOIUUAO
1440538
1443371
1450401
1452306
1452717
83879
1458973
41285
1465707
1471808
1477727
1483432
1484314
49211
1485610
78673
35777
45001
48446
1487437
35498
1488724
1490953
EAIEOIUUAO
1488128
46269
1498062
1502129
1502195
EEOEIIOIA
39590
54735
62660
61200
1490539
31148
100284
79840
76045
49015
41499
1494718
1500923
1503767
1512505
1515324
1515489
70961
1516002
EOAUAAIOUA
1497652
12639
AOAAEEEIE
56060
1487471
35529
35483
1497433
22352
1501522
1507057
48446
61522
44611
49866
1515160
1517868
49015
16106
1519996
49211
1520837
1523953
1529473
53550
79840
52515
45408
52363
61200
1536047
1537084
51713
1540426
45057
1544391
1553399
UAOAOOU
II
1523357
68377
1529471
UUOU
100284
AIAAIOUO
1501757
1506249
1515865
35498
1522751
1526604
AIAAIOUO
57209
36368
EO
33418
1504240
1509046
AAOAE
AOAAUAAEAU
44956
1461309
61414
37510
EOEOOUEUA
52188
EAEIAUIOIO
58757
UUAIUE
EUAIA
49866
1402670
1405040
UAIIUOEIE
1395264
1401651
1410661
1414755
1422454
54698
1422550
1427730
42766
42322
43311
44561
1436505
76632
I
OEIE
1406856
82106
82101
EIAUIO
1395430
AII
1378880
79010
AEAA
19245
1358814
48157
1362466
68844
1367793
1372073
1379924
1389420
16418
20669
42135
1396942
34635
58002
1398905
1406938
IUUEOIAEI
1398274
53011
1399997
46355
1400370
1409076
1418218
IUUEOIAEI
1420961
1427474
1428494
1431525
UUEEIEOIU
1429893
1436228
OAEOUEEI
1415092
83879
33598
1417002
22352
81669
56056
1421040
1425582
1430424
1432885
31148
1440315
1446111
1447443
39094
1454188
OOEUEOU
1435692
EIOIUOOOE
83767
60559
EAU
1405395
1407762
1411554
1418482
39426
1419125
51872
1419393
1421829
IOUIAOUUAE
1404165
UOAA
1387484
72879
1390569
32084
93352
EIIEU
1376368
1379446
35498
43174
39932
40156
1386662
1395838
1397622
1404652
1405843
50377
UUEEIEOIU
UUEEIEOIU
55814
46354
UUAIUE
1357979
58935
1363046
1372589
1377692
1380183
49674
55551
1385144
82102
46299
97425
46355
1391151
47501
1393655
1394458
1400289
19094
1403122
44214
76099
1403890
1408941
44445
1413611
1417440
46687
1417583
1423227
60340
1427712
UUAIUE
1427114
1435110
1439862
70291
1445095
IAE
46632
42428
OAEAAOIE
79010
1415040
1419588
59646
83879
UA
41251
38728
UA
1398433
EAAI
1386779
1386801
79004
35498
1390518
1396905
1404927
1408677
1411865
43174
1419844
1424343
1433220
1439717
32084
1448150
UAIIUOEIE
1428866
1434517
1442097
62950
1447865
1450901
49375
1455674
49126
1463853
AIAUOIAIAA
1454446
1460007
38728
59400
80237
1464360
UIIUEE
1442403
1444755
UEE
IUEEUEUOA
1399165
65451
1401257
1403135
EU
1384040
1389087
39932
55258
1394493
78312
1396396
40373
84824
1398178
1404094
1410617
57954
1411194
1413920
19245
OUAUIO
52491
57209
71604
48446
1391107
78747
EIUUIAEEUU
1388103
1390620
1394231
50752
86987
AIEEUU
83730
65451
62183
1379532
61047
1381055
1390427
1398302
EOO
1395500
49674
1397064
1399764
53632
1400463
1407903
1416683
31403
1426164
1435831
1438629
1442715
41251
23367
1447456
IIAA
1442116
16093
51074
1447835
48157
1449609
1456719
1460708
61188
88213
1461708
47403
1470219
35777
63922
37126
1472058
56229
47187
1473827
1477430
1484904
1489591
AIEE
1481570
57954
1486894
79004
95028
OUIEOAAEI
1463653
IUAIE
1439803
1441077
1448987
1454912
65083
52188
50431
1457867
1458564
1460182
31403
92181
1469887
1472633
19094
1473787
1477435
1481546
1483561
1493509
1495356
46632
1498486
31403
1508349
35529
65450
55551
78208
43267
IUAIE
1513746
65282
86987
AEUIUEEEAI
35777
OAAEOIEO
60559
1500843
1502433
1504356
1513116
57327
1520805
1521453
1529095
46632
39465
1532622
1534493
1541840
54698
1547814
70186
1548489
1557465
1562979
1565410
1567544
1571036
IAUOE
1567497
1576751
51229
1585709
31403
1594794
1595817
IAUOE
52678
22352
23367
EIU
41828
IAUOAEEU
EIEEOEAAEU
1550915
51675
1559353
42557
92181
95951
1568801
1573958
1575719
33418
67158
1579854
EIEEOEAAEU
1585120
68380
1585541
1592877
1602544
55593
1607509
1616073
EOUEOUUE
1618438
56056
EOUEOUUE
65083
35777
O
1598538
50752
1600856
51872
46355
1607131
1608946
95951
1615122
AAOAE
72624
33418
36804
55258
1614827
1624420
1631327
UUIEUEIE
1612325
101233
1613115
50565
48446
1619275
AUO
1619253
35777
AIEEUU
36804
48393
UEOEEAAOI
1588787
1593685
1599421
47501
1602690
1603178
1604049
UEOEEAAOI
48157
1604543
1610039
EIOI
IOU
1582745
1591599
1592197
1602146
87475
80079
1607390
1611368
1616104
1623972
87475
UUEEA
45408
44214
1625494
1634519
1637820
89985
31087
54709
EEOUU
34635
93352
1613455
1614428
103417
1615819
1619229
IUAOE
1615782
1617000
1619526
1623876
UUOU
1602691
1609852
1618875
100567
1627245
1633227
1638494
50377
41171
1647571
1648331
1656749
47501
1658096
61741
58358
AOAAE
1651664
45001
56717
OOAOOAE
80908
46573
IUEEUEUOA
59633
62720
62594
1634967
73565
61188
79004
93111
1639230
58637
49126
38283
1642126
1647001
94173
1651696
42631
1656850
58423
35777
1665838
87779
1668566
E
1649918
1652920
66185
48446
OUEAIAI
31348
47187
1644714
73666
AIAUOOEU
1627181
OEEIUUEEO
1621313
1625853
74699
1628396
33418
53242
1635041
1642330
1643501
61047
44561
62950
90459
46632
1644797
1645502
62950
1649870
OAOO
45726
EUUOEE
AUEUAEU
1613024
89343
IOOOUO
1595306
86971
IOEIE
1575958
1581494
1589030
1596787
1603175
1610352
34186
93111
1610759
74699
1613962
1620830
60704
94173
1630607
1636532
1642006
1645101
1655059
58226
1661052
1662322
1668317
1669737
IAIUAUO
50861
1642657
1650522
1656911
AEUIUEEEAI
1633021
1634058
1643082
1652899
1655965
47501
65451
EEOEIIOIA
1654805
EUE
86870
1638307
1645958
61318
1647575
EUIAIOEI
1626304
1636267
58935
79004
66185
1645503
103417
60367
1649931
59130
EAI
49674
71655
58226
1641308
1650523
1653622
1656072
1657593
66086
EOUEOUUE
1636574
OUIEI
1626162
EUUOEE
66897
55719
1610329
22352
55455
53913
1617552
85713
1617728
AEUIUEEEAI
76937
1609487
58358
1611095
1619127
1628476
IAUOAEEU
1627424
AUUOIOI
1606851
35834
1607631
OAEAAOIE
94173
1588030
1593443
89646
1598056
1607399
1615839
1616506
1621830
1631494
1639583
1640871
21798
1650426
1659247
1660471
1666073
1667102
54698
60704
1676142
1676957
53913
1685033
1688966
1696768
94173
1700991
56992
OUIEI
1688921
1692798
52283
1694736
IUAIE
84545
73599
AOIIOI
76937
56276
1671072
1676810
EIIEU
1665237
83730
1666933
57209
1668409
1677248
42669
OAOOOEEA
1664843
1670925
22352
98596
1674906
68746
79761
1676726
38780
1685077
1691393
60393
1693144
1696906
50742
65964
47501
50742
1700272
OAOOOEEA
43802
1703877
AII
48446
1703945
1711800
1721283
1729726
IAE
1725665
1732358
1739349
58495
1744891
1747252
53442
1754796
40242
1760995
58495
1765491
42557
1766414
61188
59578
61188
1767492
45001
1767707
1777098
1780611
1789707
IUUAAEUAII
1784695
1784802
1785521
91438
AIEEUU
1768757
57873
IEAUAAOI
101233
EUOIAEA
1737945
55551
1744563
1748422
1748669
1750348
1750969
55258
1755370
UIE
1746303
51861
60501
1752182
AIAUOOEU
1732887
OIIOIOAOOI
EIEEOEAAEU
54001
58495
IAUOAEEU
UUIEUEIE
AOIEOI
73692
1650847
1652902
47501
44561
UUOU
57104
110942
UUOU
33154
1650140
1659466
1661926
67158
57209
1668454
1675485
1676339
OOOEAUAE
95592
88049
78394
1678536
1686447
1695599
76684
1701272
1703523
49015
76684
50861
1708021
EIAUOAUUI
1701043
87475
68291
41171
AUO
65451
53913
1690496
IEOEAOI
1684456
1686124
88264
1695453
1699163
54401
1708299
1712249
UIIUEE
1693561
1700003
68746
1700021
1708786
1715196
1721622
UOIAEUU
65568
1714215
45001
1714270
1719619
40573
EIUUIAEEUU
63254
115384
57873
UAIIUOEIE
1688743
AAEUI
1676891
OOOEAUAE
35498
1671924
1681656
1686345
49015
EIAUOAUUI
UEE
1635963
EIOIUOOOE
EAI
1618175
1622531
56678
1625692
EAEOEEOO
1618162
1625895
105793
62950
1631788
46637
AUIOEUIAO
80729
OI
EEAEOO
1563006
53048
1571420
64798
1571715
71655
58088
44561
86623
OAOOOEEA
1560225
AUEUAEU
1546392
82275
1554706
73256
1561653
46354
1570973
93812
1572707
AEUIUEEEAI
1569124
EIIOIE
1554806
1563212
1571199
33418
1580173
54071
49015
83581
EOUEOUUE
1578886
UIE
1575084
1576611
47874
1583333
1588969
56276
85081
1597318
1603009
69572
1604066
1612534
OAIOA
16931
20617
1608975
70469
1617492
70113
33598
EIIEU
52351
EUE
1606488
1611349
75404
1615507
69872
1624436
1631375
1640653
43761
69632
1647814
OUEOEE
IAIUAUO
88049
54401
62991
1628373
1630457
1634046
1637613
62950
1642192
1649009
62720
66948
1658490
53816
1663336
89343
1667104
64798
1675515
1679075
AEA
UU
78925
1671344
1672962
1677003
54316
40504
UU
79730
1676691
1680184
30851
1684269
1684354
IOU
81625
89497
65451
1666724
63922
37814
1673267
IOUIAOUUAE
1667386
1675417
1675776
1679422
107618
37513
1685198
1693959
1701256
65964
1706358
1708987
52351
IUU
1706565
1714509
1717061
1720077
IAE
1701864
1708762
AUUO
1693741
1702046
68746
1711173
AOIEOI
OAOO
48446
1690265
OAOO
1691764
1696893
47800
OEUIO
49322
1677433
37111
1681277
1681399
OAEOUEEI
1681732
78250
57462
1689431
IUU
71484
46268
1671812
1679408
62720
1683506
1687378
71903
53442
62756
EUAIA
1667131
69349
33598
1669473
65964
1673298
1683093
1683756
OIEUII
92440
1675502
63133
60340
85504
1684018
1684858
79512
1690533
102012
91529
1699500
OAAEOIEO
1698646
1700137
1700916
1702582
56276
64798
98211
AIAAIOUO
1675824
1684040
1688669
1696129
74287
70280
UOIAEUU
EUAIA
1651261
62756
1657024
1664225
1673921
55175
101572
1676053
1678794
90313
AIEOAUEAA
71484
OOOEAUAE
95341
1665963
1666743
1671083
95341
1675087
65517
1675616
1678694
56992
1684910
1687693
50331
1689286
1695065
57942
111378
42669
1697865
1704026
AIAAIOUO
EIIEU
A
EIIOIE
48446
37963
1637084
1637348
1645236
EIIOIE
60034
38843
1653247
65817
A
1655201
1664048
AOUIIUUE
1660312
69349
89343
1660871
76871
EEOEIIOIA
OAUOE
100387
1626961
1628870
1634740
89343
81072
1643043
1649249
57764
1656937
1665254
63133
1671359
1679347
1683752
56992
AUIOEUIAO
49799
1678323
1680171
AII
1667160
81625
OAEOUEEI
1658498
68107
AIEEUU
37111
1645616
52459
1650639
1660625
1666259
1670234
1674607
AAIAAOI
AUO
95341
1661011
53048
1666944
1672086
52406
1679566
1686727
1688876
60375
44832
OUAEE
1668075
91529
1677646
1680574
36816
1686511
1692010
1699456
81497
1708918
1713709
70113
1717590
109990
93206
1725830
1730485
59578
1730644
1732307
82921
1737653
OUAEE
72921
53048
84635
1738611
1741077
81442
1749077
AUUO
47456
94866
1744565
53816
91529
1745032
1754832
1757696
75657
82214
56222
1758968
94271
UIIIOIIE
1759969
1766580
AII
38853
1763971
1765120
1767768
1775964
EAAU
40573
UA
OEEIUUEEO
95211
90108
UOIAEUU
1714433
1716965
53902
1726204
1726734
55442
EEEAEAO
59578
EIEAAE
AIEEUU
1701374
UAIAIAOA
1679109
1684810
108649
105985
1693988
1700688
71484
1708818
63503
60225
1711574
54481
96293
1718767
52406
68462
29072
AOIIA
1705533
1706772
71484
71770
1707497
70537
1713550
1721856
95342
OOOAAUIEIU
138569
UUEEIEOIU
OOUOAAI
37814
1650942
1656015
EIUAAAOEAA
67158
1634255
1641992
70113
102012
40242
OAEOUEEI
1627042
21776
1635509
99429
AEA
50832
72000
53902
AUIOEUIAO
1595883
1597340
43499
1600370
1605609
1612778
71091
1614522
1622866
59938
1623204
1628508
1631287
107618
1632900
1634932
UAAIEOU
1607766
1610061
96172
1619364
90313
1619697
75657
1626417
91529
1635614
UAAIEOU
1640226
1640398
49419
1640759
1640941
OOOAAUIEIU
1625859
1631533
OOOAAUIEIU
85504
EIIIAU
1630536
59578
IIAA
EEAEOO
1598811
1603505
OAOOOEEA
122500
1603473
1608229
69349
1613836
1615835
1623792
35215
1632881
69440
68462
47392
1635362
1636292
1642343
1650501
1653388
52406
1659990
106947
90313
1662173
47874
1663944
U
1650874
1654651
1663059
1666372
44611
1672941
1680117
1680743
1688509
1696773
1704503
1708180
1713627
1719379
1725925
54457
1734752
EAAI
1718372
1727228
1728420
EOUEOUUE
AIEE
1698872
1703463
AIEE
1701402
100074
1708204
41889
1711379
1713760
1719901
1720924
1728837
1738000
OEUIO
54316
1715304
1721537
1728899
1735414
1735462
OAUOE
1712095
E
1694420
EAOAIAOEIU
1690302
86896
1698789
81442
1708230
1714800
1724015
57764
EAOAIAOEIU
72000
1701669
1702701
AOUAEOIE
72667
71145
1674940
1679250
118062
1683658
96172
35215
1693131
1693479
1699748
AOEOAUI
1698876
56963
EEOEIIOIA
67033
1676712
80837
1678493
1681941
1691336
1692571
1697583
1702018
1706798
83003
118062
AOIIOI
1697743
AOIIOI
1702852
1706425
72167
OIEUII
EUOOAO
1678342
63982
1682705
1689407
67085
1693542
1697378
1700259
1705516
39886
71145
EIAAIUIEU
UIUEAAAOI
1690739
56276
1693415
UUEEIEOIU
1666646
UUAIUE
76218
1658250
IOUIAOUUAE
1638406
A
1612544
1618402
1627481
AAEUI
OEIUAUAEE
1608893
OEIUAUAEE
IUU
1598660
IUU
1602087
IUU
1607633
59182
1613487
93280
1621157
1623231
52406
1631906
1636440
IUUAAEUAII
59223
1611503
1617249
122500
1625421
1634381
1635273
1641517
59545
84214
UO
1640403
54749
67085
UUAIUE
1625216
1629818
1637184
81497
35777
II
1609154
1612543
1617304
76588
1625469
72050
1631140
1634139
OIEE
62023
1608199
90761
84664
124236
1615529
1623377
1627943
1634728
1637439
1645905
53902
1650119
100074
84491
1655517
IIUIIAOUI
72667
1636127
59731
1637232
1644817
1646485
1650608
1651591
1653621
1662262
1665289
1672917
1675326
1684175
1692977
87889
87889
1696479
EIUUIAEEUU
105985
118062
1685429
1687302
48157
1688313
1696728
100074
AOOAOA
1689160
AOOAOA
AUIOUOOOOU
1683647
38524
69647
108635
32208
EOO
1658899
1663026
79485
AOEOAUI
1639535
64798
AOIIOI
1633411
1634763
1638995
1644788
91493
1647313
1656495
1664984
98164
56276
100227
48157
1673392
101911
57846
1675595
49401
59545
1684640
1690306
1692796
1697429
76871
1697705
67158
49419
1706269
EEAEOO
1693496
OOIU
1684046
1689249
61628
40242
1699076
1700420
53816
OOAOOAE
57582
112618
48447
1694032
1699389
121861
1700175
1706916
100074
48799
108635
112618
1707772
EAUIEUAEE
1688248
1692688
1702561
99674
1707000
106982
1715090
UEI
1703849
1706254
105985
1711216
1716704
1722583
1724619
78722
EOIEEAUAUE
1722517
90923
1726877
UEE
1713164
1719603
1719741
1720837
1724488
1731382
76218
1739496
48799
80063
OU
1710709
1719388
1726057
1732141
1741197
1747918
1751803
122500
AEUIUEEEAI
EEAEOO
OU
OOUOAAI
1669484
1676701
55561
81483
1684880
1694526
EOEIEE
UAIAIAOA
120562
1682644
1689569
1692351
59223
99429
72213
1693015
33418
44162
1700301
55405
1703835
108635
1708091
42669
1709423
1714172
1716242
UAIAIAOA
1724002
1729353
1732122
89646
125703
1734665
76588
105846
94866
59223
OUIEOAAEI
1722471
102505
OUIEOAAEI
1728706
1736354
59839
1745847
1750723
1756566
AOIIA
145811
85504
70840
EAAU
1740876
UEI
1739729
1741033
1745526
1749043
57764
42512
53816
1757429
1760234
81483
1769479
1778558
1778592
1785192
OEEIUUEEO
AUIOEUIAO
1739801
1749087
AUO
EIEAAE
1706815
80155
72949
OOUOAAI
1690001
1695613
1701062
EOAUUU
1684811
106947
63825
94605
96172
62091
UAIIUOEIE
1688239
1690189
IUUEOIAEI
115968
1668690
1673273
1677956
1681919
1684892
OAEOUEEI
136118
1678333
61414
1683317
1686097
98659
58388
1693873
56276
1696337
1701953
100074
1705585
1713454
44162
1717740
1718298
1722705
1725367
44611
40242
1728079
1728875
56108
1731124
1739292
1746126
49977
1750751
1752771
131909
1753729
81497
1761345
1770092
1777427
95833
88457
1779542
IAIUOEIEU
135756
108653
OEEIUUEEO
82921
82680
88524
1762463
1763439
EOAUUU
61628
1753501
1757570
1762517
1763263
1766673
EOAUAAIOUA
98659
1756008
131909
1760921
1763149
1771541
51617
EOAUAAIOUA
1779724
1783883
47456
1792277
84994
1800652
94451
118062
1801715
1809007
91909
120241
104162
1811585
72949
113700
1821566
EIUUIAEEUU
113700
1816809
1817645
85504
66861
44611
AOEOAUI
UAAIEOU
1776931
70537
92591
1777183
1783335
76777
OOUI
81327
EOUEIIIEIU
E
E
1734010
62023
1734312
1740481
EIIIAU
1725758
107926
EIEEOEAAEU
UIAEEEIAUO
1691462
1697353
1697366
114124
50700
70093
52459
1698103
1705139
1709670
1719443
40242
OOAEAEAU
1696885
1702800
145811
1710610
1714773
70284
1719452
57151
109408
UIIEIUUU
70840
UEAAAAOE
1684505
1691767
UEAAAAOE
62023
1692690
1694556
70093
1702178
58388
110430
OI
1684688
1690749
1694412
114124
1698237
1706894
1714984
93074
1715420
1719143
EIIEU
1698256
61628
1704976
1707775
1713310
109673
1716356
90029
1718652
52459
AEEOAOOE
61424
1710663
OUEAIAI
1714847
1720723
OUEAIAI
29568
1724807
1725962
IAE
1714736
1721276
76911
AU
1720861
1725620
1727982
1731357
114797
1734444
1742570
1748149
EUUOEE
76911
1741059
51617
57764
EAOAIAOEIU
59005
88457
93747
81497
75683
1740493
1744438
1748143
54505
OOIU
EIUAAAOEAA
EIUAAAOEAA
1707884
1716077
1722012
60890
1729013
33418
IOEIE
57764
AOAAEEEIE
EAOAIAOEIU
1708501
AAIAAOI
1700400
99674
69819
1709564
85759
124649
1713810
110537
1716683
80863
105101
AAIAAOI
75683
52459
88729
1721738
29568
1724967
1734110
IIAA
74582
1724644
1730317
109673
1736204
98659
1739011
1739884
1746463
1752406
1759593
AIAUOIAIAA
UIUEAAAOI
1742568
1748285
1751324
1752184
1757261
1763088
71857
IEUEAE
1760611
1760736
61414
1767045
1774400
60655
116998
AUO
1768761
76777
EAAI
1763663
A
1759834
56276
1760986
132476
1770815
1775741
1777135
64798
106947
1784402
A
1783705
1784678
91278
1786503
61499
1793619
IU
1795288
EUIAIOEI
OAUOE
EIOIUOOOE
66036
1769565
1779478
UIE
1768046
1775143
1776399
106947
AIAAIOUO
1762579
IAUOE
1753191
1761889
1763050
1772295
1779251
1782508
1786331
1791701
1797146
OIE
1772645
74934
70093
1775515
1783719
UUEEA
92591
1779178
1787806
56276
1788538
1790515
EAUIEUAEE
EAOO
AOIIOI
AOIIOI
1737681
1739513
OEIE
1734582
1743786
69401
84803
1744205
1747287
101541
1749595
1752385
1753227
1758605
97524
74268
OOEUEOU
1752208
1761247
AAIAAOI
95874
1765717
1773646
1776087
114038
141260
56154
1782969
87994
1792013
75657
1794178
1796948
109673
EEAEOO
1788969
1792014
1795770
1797564
1804602
1805808
1813043
1816489
1820685
1822227
85336
1829062
UIIIOIIE
1814776
1819474
109673
1819941
102293
AEAUEUEUIA
92679
1817648
1819397
141350
1824122
56283
1831684
1836155
AOUAEOIE
1826522
46224
II
1816710
1826017
84803
114124
1832927
71126
EIOI
1828161
1837771
58291
OAOOOEEA
1820296
1821525
1828755
1835611
1839513
1839628
1845226
EIUUIAEEUU
1825322
1828657
1833256
EIUUIAEEUU
1831257
109408
EIOUIOOOOA
1821988
1829690
1834375
UIUEAAAOI
OEIE
107132
63282
1819264
1820786
1824514
64256
56554
108197
1834385
141260
1844002
1848846
89837
80110
1854407
OEIE
115968
1860572
62356
1869239
73505
EIUIAEEOEA
1845946
28544
116099
1849690
95833
95833
1856377
85392
EO
1844324
1852187
1860500
1865109
1870811
EAOAIAOEIU
AUAE
1838813
1846277
1849033
IIUUAEI
1831084
1831615
1838118
114038
42581
IIUUAEI
1831192
90029
1833630
1840063
1842699
1852485
105949
1861259
1870204
1874901
65969
OOOEAUAE
EEEAEAO
1863305
59005
60879
1864301
1869990
81677
83517
46224
99674
EUAEOI
1850565
1857747
1860838
101568
AIAAIOUO
41868
1834070
74268
1836994
62356
91278
AIAUOOEU
1829576
1836766
1841710
72431
EIEEOEAAEU
1836118
EIEEOEAAEU
1839343
1839738
60655
97836
EOUEIIIEIU
1820893
1822568
1828150
1834067
115968
EUUOEE
1813578
1814120
1823968
1827938
1833824
62356
IIUUAEI
105385
95427
106947
1809226
IIAA
1807068
AOUIIUUE
1785294
1793501
66053
103971
1800449
1807288
1817158
AOEOAUI
IU
1779398
76680
1780305
59005
68301
1783712
1786080
1792948
IU
95833
1796034
AOIIOI
UEI
1756870
88408
1758926
1762058
1768357
1776703
1784581
72653
49821
1787366
UUOU
1783885
1786683
73874
1792111
1793009
1802244
1809421
114038
1814879
1816876
1823181
1832252
1839875
1847334
74755
56151
62356
98098
1849560
1852927
1861141
80110
1865438
AIAUOOEU
1847112
1849431
1853969
1856324
77322
1856902
AOIIA
1836481
1842017
52536
1847502
1852635
55910
105101
1856613
1858126
1867073
74802
EIU
1843485
1851113
29568
EOAUAAIOUA
57917
1832244
OOOAAUIEIU
115968
EEUIAUU
AII
OIUAIAEEEU
1770778
1778391
132476
1787143
1792549
85759
1795326
56488
121650
1797821
112106
89874
1802132
1806362
1809860
1815786
AAO
58552
1800879
AUUO
60622
125302
1775473
1778405
1782448
80110
84987
1782771
1787632
71126
1797004
68746
1797425
IOEIE
IOEIE
1778186
1784784
1793513
51687
73701
71125
109752
1797285
86153
1803384
IAE
1795654
1797683
105691
115596
76911
1801817
OOUI
89874
1776411
1782970
1785840
1789933
67170
1790089
136392
1793408
OOUI
115658
1799534
73556
60655
1802646
1807880
115441
92975
1809848
1811817
1819852
1828328
157553
1830577
84987
98662
OOUI
1835237
1844956
108377
125302
1847018
80461
1851702
1858132
1862633
46321
1870157
52536
72848
1871674
55940
1879044
85392
41307
69620
83157
UIIIOIIE
85392
UUEEIEOIU
1853757
1861329
1861915
1871785
1880911
1883674
IUUEOIAEI
1870428
1878881
73874
97442
1882755
1883559
107680
86153
1887113
1895496
1901667
1905280
69452
1907046
OIIOEUAA
55938
121268
1894946
IIUIIAOUI
1869426
1870476
1878364
69940
1885472
97602
71683
55910
1894819
IEAUAAOI
64018
UEE
96442
125302
1866936
EAAI
1851446
97602
1859282
OIIOEUAA
1848681
105141
1857761
1862126
74802
1865913
68701
AAEUI
107831
EUAEOI
68425
1828327
1836167
1845535
91278
EAOAIAOEIU
1838607
1840376
40914
1841298
UIIUEE
1840218
67314
1843821
29568
1847638
1850374
IAIUOEIEU
1823628
1826666
1832129
1834624
1838110
AIEE
76911
1831665
UAEAIA
89646
1822174
1831141
106457
1837254
51687
1845631
1851577
67314
UEI
UIOEAU
91505
1825482
122216
IAIUAUO
1819229
106457
1824229
74268
1829402
1832929
1838274
UAEAIA
116153
1833327
1839331
1843895
111306
OAUOE
68701
59005
EIAAIUIEU
131762
1802451
90863
1808899
147289
103103
1815937
1818271
159082
1818750
1826855
46499
1836241
56283
1836499
56984
115596
1837084
1838881
105691
1841913
71258
1843345
1849736
112106
1852013
74268
1861465
1867827
1875927
58322
1885703
71258
UIOEAU
1871645
1877196
1881791
64018
1887346
AAOOU
67170
IUAOE
73887
1869040
1877279
1881047
1881880
89646
62025
EIUUIAEEUU
AAEUI
EUAEOI
1854885
1857196
1861277
EUAEOI
1860568
AUUO
81500
149810
1850875
AIAAIOUO
109062
1848979
1854195
1864151
1871111
94931
66067
1876234
1885014
1888332
1895821
1901692
EOUEOUUE
1875335
1881604
70242
74802
1882922
46499
IEAUAAOI
82035
EIAUOAUUI
48599
108197
1851656
107132
98187
123833
1854454
128277
76337
57107
109408
AOEOAUI
1845259
46499
88938
94577
OOAEAEAU
1841818
1842398
1850199
1858607
1860022
61466
1866915
IEUEAE
1859410
1863113
88311
1869099
1871792
84306
1874108
85392
48599
AOOAOA
OUIOIUUOAE
73876
EUOOAO
EUUOEE
1787898
1794086
1798360
126278
1805973
1809000
105691
AAO
109083
1804035
92167
40914
EEUIAUU
1806525
1810661
114184
1820351
OAAEOIEO
1799241
1807518
1812501
101932
74734
UIIIOIIE
94834
102172
1799650
68110
51687
AOAAUAAEAU
1785831
1788924
65548
1796247
1803570
91169
63177
57818
1809352
AAEUI
1810147
1816939
98662
1820289
61466
1829200
1837991
1840873
103103
1841616
69906
68110
IAE
1823843
IAE
89386
IOEIE
1810298
1818577
103082
66192
76459
UEOEEAAOI
1791963
116153
87998
AOOAOA
1776734
1783766
1790398
EAAI
81500
U
1753868
1756303
U
UIE
1739260
74755
86567
84587
126278
1749002
1752110
147492
89874
U
1735631
OUAUIO
84587
OAUOE
1688681
1693057
1695750
75743
1704760
114124
1707245
1713510
1717549
1724311
1726762
1732555
OAUOE
1735758
92167
1737185
1743975
1744728
1752221
1754804
1757182
1766732
113715
1771523
1776239
108288
75424
1785101
89874
72502
1792664
51687
80461
OAUOE
76363
59223
AOUAEOIE
1779907
1785919
OUIEI
1770330
1774646
65969
1779904
1780226
1787747
1790348
147492
94343
AIEOAUEAA
74802
IOAIEOU
1775367
EUIAIOEI
1775577
IUUAAEUAII
1769236
109796
AOIEOI
102013
64848
117272
1772413
1782396
1790979
73887
116318
1792491
1793899
88330
59005
EUOIAEA
98187
1784446
1791255
1800092
106457
1807883
1812969
1819129
1825049
1828572
OIIOIOAOOI
92165
1808409
1812135
1821490
122347
OIIOIOAOOI
132476
102013
1826554
82730
1834333
1838223
UIIUEE
42581
70993
1841679
88166
85759
1841813
101212
1842887
1846969
OIUAIAEEEU
114124
54667
1836587
1844175
1849764
1852046
70993
76911
1858354
IAUOAEEU
1847786
IAUOAEEU
139605
1847108
1856558
IUAIE
IUAIE
1842213
IAE
1838966
EAEIAUIOIO
1811330
1813858
115694
EUAEOI
UIIUEE
100757
89874
1788351
IOAIEOU
88166
116895
IUUEOIAEI
80319
126278
1770450
98806
1773406
76911
1781037
101212
88082
AUO
1760994
1767831
1774054
1775512
1778805
AUO
80461
EAEIAUIOIO
1765070
104136
1768835
OOOAAUIEIU
1759437
1767022
AIAAIOUO
116282
1766259
113715
1769477
1777507
1785736
80146
AIAAIOUO
54667
1790239
93660
1793347
1797424
AEAUEUEUIA
74364
132476
1801022
66033
II
69344
67276
122347
OIEE
1752268
1761780
92167
1769901
76911
1772371
UAAIAEE
1755041
1755339
1758774
OOOEAUAE
91505
116064
1754949
1761036
EIOUIOOOOA
EOAUUU
AAOOU
1737094
66252
98837
OAUOE
1732977
76459
1733427
1742540
1746313
1748295
1751476
101212
100757
98098
85530
1760856
1770471
1775395
162278
1783197
85615
65785
116895
UUEEIEOIU
IAIUOEIEU
118527
1756094
1764687
1772053
IAIUAUO
80319
98837
1764565
1772821
141149
AAEUI
117272
75913
1769966
1772743
76459
1774949
1779288
104027
91278
OE
65969
1764210
97866
60753
40914
1772638
OE
1778856
98098
IU
1769034
A
1748467
118527
OAUOE
1737594
1740900
98319
OAEOUEEI
72431
73537
UEOEEAAOI
130777
OUAEE
1720279
OUAEE
101573
1719990
1727090
73911
1735765
101573
135568
1745218
113895
37027
135568
1748437
1754116
1754985
EUIAIOEI
1742736
1748565
EUOIAEA
1731676
120579
1737813
1744429
1748369
1749938
97866
1751397
1759992
1769045
UAOAOOU
58322
EAAI
1722019
85102
IIIOIIIIA
169901
113895
1713703
79809
1718635
1725482
97218
113715
1728848
EUOOAO
50439
104027
67696
132476
1729593
1738236
104136
96939
76504
109796
IUU
115694
1719439
105798
1724805
1725169
1731560
1736353
1740849
1742575
177342
81334
1743624
1748903
59509
OE
121752
77615
64018
1728422
1730830
79962
1740071
74755
1747504
60753
1748198
70390
1750317
1757367
95819
76337
74342
1765796
1767472
1771447
1780490
1786099
IAE
1773009
98797
1780605
1790457
1796608
98098
121068
1804853
71409
121423
1812679
1819768
1824606
1833565
1842807
1846937
IU
92915
1831955
1837583
75913
1839420
UA
1832654
1834304
1843052
1850240
1855740
104893
55990
104807
EIIEU
1845698
1846647
82693
1854725
113895
UIOEAU
1840568
UIE
1816885
1817224
1827149
51514
94834
OIEE
UO
1793540
1793837
1797179
1806205
74994
96180
98460
1809603
1811526
105267
1813473
98460
OOUI
114124
67941
1801782
AAEUI
104136
1773443
1780136
1783424
1784304
1791712
80319
1794376
1802275
IEUEAE
II
1769348
1778193
1785388
140266
1793243
37027
64018
1794081
1799949
67239
UEE
1800347
1809977
1814335
1815614
1824082
68491
1826251
70993
99380
59509
1829465
143609
AOIIA
1818004
1819149
64018
UAEAIA
1815413
116064
121979
1823373
106345
1830615
IOOOUO
158609
1807049
125474
1816498
1821729
70242
1826516
OAUOE
1801136
IEUEAE
EOUEIIIEIU
97370
EOUEIIIEIU
1779581
1784300
UAIAIAOA
AIAUOOEU
EOIEEAUAUE
EAEOEEOO
1733402
1735625
1742772
IU
OUEOEE
1717639
1722864
1725392
97433
1734518
AOIIA
AOIIA
105798
1725518
106457
IOUIAOUUAE
1715541
1719465
1729080
1736900
1738062
104893
101573
63654
1741787
80461
70993
78495
1743814
1747395
1750427
1756357
1758064
1765196
132640
40914
1765382
EO
1745606
UAAIAEE
104893
1728981
77578
1731650
88987
120579
1736387
1739294
108038
114451
OE
70096
1741847
UUAIUE
1735065
1737262
1738246
1745455
97370
1745584
UU
IIUIIAOUI
74553
85739
1706288
1708548
1708619
1709762
1719268
52416
1719980
1726468
86386
IIUIIAOUI
119390
1725682
IOEIE
109703
80461
1700705
128229
1703076
1707303
104136
68746
1712302
1721255
1726679
169901
88702
91220
85759
156844
EIUIAEEOEA
96180
1712606
OOEUEOU
70993
135568
1699686
1703649
A
67696
1693384
74755
121650
1702027
124731
1704061
1713881
1717918
1726080
80319
1726959
84365
1729936
1731556
1735442
101830
1736037
1742288
116859
90159
1745301
OUAEE
1722987
97191
130384
1723193
86386
1728586
81334
61933
88702
1729464
EOUEOUUE
1717595
1726946
86386
1730735
79239
167591
I
72963
EIAAIUIEU
1722642
AEEOAOOE
1699491
121068
1701163
1709511
AOEOAUI
116142
76911
AOIIA
1672646
1673056
1681776
EIAUIO
IOU
114475
67696
1648394
79294
UIIAOII
1639091
1647924
1655318
1658272
1659654
1665469
1671308
147238
AUUOIOI
1664400
AA
84365
91103
AA
IUEEUEUOA
97433
1598036
1602759
1607945
111259
96180
1610223
1611541
1612602
IUEEUEUOA
170684
1612515
79904
1619260
1622516
1627178
1636123
1636222
1642565
73086
1645344
1653765
42221
1660462
1662991
1670354
86479
1679125
76887
1684205
1692694
97370
93667
121979
OOAOOAE
1684156
AAOOU
121068
1669260
40914
1674508
1675997
1676315
99086
UEOEEAAOI
EIAAIUIEU
127943
85530
89809
1663145
1664754
EOEIEE
1656028
100757
OIIOEUAA
1636182
1643619
146104
158609
1649176
122078
1652556
1658397
UIOOIUIO
60097
1643433
1643647
1647123
129938
1649228
OAOO
121068
AUUOIOE
1631972
103143
128784
1634380
1638951
116806
AIEEUU
67941
1628209
1637421
1639225
89677
1643006
1648447
94586
1653180
1661621
170684
1667065
1676674
1685235
128229
1689199
1693879
124731
59509
1694780
1696190
84365
1698699
1699218
1702531
1706804
1713139
59839
67239
1723077
104136
1726442
IUUEOIAEI
1699616
EUIAIOEI
149115
1671870
1679778
84428
1686399
88435
1687583
106345
130384
1690509
76274
EUAIA
UIUEAAAOI
1657863
86066
1659063
91169
81020
101830
1668171
98460
1671675
123795
1676862
1685941
1691864
88656
111210
73086
1699627
EOAUAAIOUA
125474
85615
1699496
UAOAOOU
1675492
1677422
89918
89256
AOUIIUUE
93667
UIIIOIIE
76911
80869
IOOOUO
OUIEI
99178
UA
1599341
70242
1607781
140122
1617416
119727
1619608
1623593
111259
1624348
1626801
115134
133725
1632855
1637289
1641274
1644879
AU
1636912
1642084
1645528
83486
98837
71409
1648752
108573
1657094
192689
1664226
1669141
1672751
70242
OOUOAAI
1667951
102013
63654
97814
1673374
1682808
1688045
1690882
98837
AII
OOUOAAI
111259
65226
1675112
109688
1682930
1691453
133725
97652
1698536
1702194
124731
1706287
1713322
1715830
1720833
EAUIEUAEE
170684
125299
1723604
1729235
UU
1722151
98467
1727703
1737073
OIE
97814
1730030
135568
OUEAIAI
1718337
1718924
97173
A
AAEUI
1697908
1698825
UAAIAEE
1683957
1692807
1699369
1705118
81421
1707218
127563
OAOOOEEA
86223
114230
EOIEEAUAUE
128213
99178
107950
170684
EEOEIIOIA
1640365
1645309
IIIOIIIIA
115808
OOAOOAE
1617655
121580
71030
1619871
1629833
AUIOEUIAO
74841
1626190
81421
1627188
1629037
85759
1636299
1644495
139491
1652915
AEEOAOOE
144930
61585
EIUIAEEOEA
1627237
82084
1635963
1640174
61453
1645947
1655854
1659538
104893
1660872
1661691
EE
1647768
94586
1650588
1659635
76911
1669210
109300
1672190
EEEAEAO
EIU
1648933
198518
1654941
106332
101341
85615
79204
1662748
1667935
141149
1674860
1680820
1682071
IUU
1674775
85200
71030
1676388
98583
79204
IUU
1677425
74841
1679664
103625
118552
119727
1688855
1697298
1704668
74780
98460
1713172
AIAUOIAIAA
76274
1700236
100747
1708734
1709216
89918
79476
1716951
1718983
1728194
1736971
164167
IIUUAEI
O
1704296
130937
123743
80461
1707174
109197
67797
1709517
O
1718016
174240
1721929
1728888
1732179
1732362
61746
1740555
1741317
1749327
1753655
74841
1756342
1763013
1768930
1775876
1780775
1790010
1797707
148080
91925
1802448
EIIIAU
97191
1805683
125772
1810330
1813922
61453
1815902
1818306
OOUOAAI
1806591
1815169
54667
AIAUOOEU
117919
164167
81294
II
1784698
1792133
1792240
1792307
94016
1796264
OAAEOIEO
I
83919
1767622
OOUI
97191
1758301
83919
79476
EAIEOIUUAO
87945
1758472
79576
1767965
105252
1776759
110056
I
79204
76911
1759356
103625
141149
UIAEEEIAUO
1737070
1744660
86904
1749716
1756376
114451
79476
1757180
108931
1764030
111709
1772648
1775927
EOUEIA
1750890
EOUEIA
111709
EOEIEE
81334
1735521
116859
1743018
1750919
1758994
OIUAIAEEEU
AIEEUU
57593
110640
49473
1737325
1740642
83476
1744076
1751348
1755602
1756641
126417
128229
123795
79576
95819
1759999
111709
121831
1769995
1775305
1777851
107302
187178
1780120
EAEOEEOO
1762789
1767760
UU
1759277
1759692
1767929
117899
123476
UU
1772015
1779096
94710
140122
UEI
1767358
153506
1767408
1776708
64968
1779689
1787011
172427
70544
EUIIEU
1770249
IIOUIIOE
UUAIUE
1732488
1735765
1738034
1743131
92268
128635
49473
136847
1744273
1750964
1756786
EIOUIOOOOA
1739070
EIOUIOOOOA
1740702
1745805
1745930
1750530
105002
97849
94586
1757838
1767325
148080
1771279
107302
EIUAAAOEAA
1753935
1755815
EIUAAAOEAA
EAEIAUIOIO
1731034
1739479
1745354
EIUUIAEEUU
1730237
84148
135568
1735925
1739329
EEOEIIOIA
EEOEIIOIA
1731046
97914
86928
1731122
EEOEIIOIA
85759
EEOEIIOIA
IOU
95131
1711817
1712517
113233
1717323
73284
116142
IOU
1716407
A
82084
174240
1697715
1703918
101341
A
1708551
1716529
126739
80869
1724856
109688
85615
151734
1730725
1738608
1746931
115134
EIEUAUU
80991
1726863
1731249
1733459
1738177
1746073
177039
UU
1726209
89918
1735295
79204
1743193
177039
UU
91783
AEAUEUEUIA
1738658
1739488
AEAUEUEUIA
1742882
1749486
1753598
135568
1753850
86533
1761766
76251
AUIOUOOOOU
1741811
UIOOIUIO
1735939
1741743
97191
OOIU
1723709
1733631
111401
153506
IIAA
108038
1718960
76274
1724976
90478
126739
126739
1732734
IIAA
1739593
101367
1741982
1750771
UIAIOU
OOAOOAE
1730532
111486
73632
126417
1740017
1741183
1742584
140122
1743788
125933
101367
EAI
111786
1739041
AUEUAEU
91957
101573
157175
1734352
1741605
87423
1743755
IIAA
196304
136847
1739491
1748061
108038
UUAIUE
1741385
117952
1750666
147765
101367
1752695
84148
1755059
1764530
1766694
1775725
1781247
1788925
1796876
1805394
1812043
97138
1814432
76251
1818081
EIOIUOOOE
1802773
OIEUII
117919
1803146
1811285
151734
1817879
1820578
1829829
1835767
AUOEEUOI
90247
85095
1820704
108038
1823320
1830758
1839735
81334
1843116
1843724
107691
UEE
1844899
1845398
1854104
98035
AAOOU
EIOUIOOOOA
73632
OUIEI
71820
OOUI
114300
AIEOAUEAA
1767084
1769846
66732
136847
1777683
1783405
1790563
1792894
1797919
87606
140128
1803087
119637
1809994
91156
1816651
95863
1819968
1820625
93414
1826754
1827221
91957
1832666
128887
1837161
1844965
1851536
1857664
1858701
1864905
1866225
109824
70507
1875181
102425
UEE
1858662
1863126
IOEIE
130479
EEOUU
175402
79204
92042
1842332
71030
129114
70544
1849767
71820
1850733
98035
85095
86066
AUEUAEU
1824742
116859
1830712
1837893
98035
84520
1842208
130046
1845987
94710
1853178
66732
1853665
140470
1857169
1863754
1866601
91419
1866719
1874136
1883810
114399
1893126
1895693
92042
OOOAAUIEIU
157175
1887557
88656
70784
76251
AEAA
108157
140128
87945
1881817
1882553
1892354
1902130
151734
130479
130046
129173
EEIEIA
UEE
IUAIE
EOIEEAUAUE
1839426
1842858
EUE
1825762
1835575
129114
1838432
198518
114399
119637
1845838
94710
1852012
EEOEIIOIA
1832034
86928
88503
1833332
76645
121580
76274
139967
1841848
1844201
EEOEIIOIA
1847117
1855212
97138
1860440
EUOIAEA
132598
83995
100300
1850323
AAEUI
115134
1844633
1850895
147196
74162
1859920
123743
1866514
76578
129114
89681
130602
1872779
1878260
67774
OUEAIAI
90570
87423
136847
1868921
88586
1877364
IUOAE
1881786
1884582
71030
1894232
155114
1901424
120822
1903336
86928
100544
IUUAAEUAII
1896819
UIAIOU
1878739
1887204
EOEIEE
113423
OA
1854332
144642
70544
AEEOAOOE
1837124
110640
1840463
1840546
101999
149126
1842307
AAIAAOI
1822650
1830770
1839681
IOUIAOUUAE
1830987
91925
UAAIAEE
70721
105428
74162
EIIEU
OAOOOEEA
98972
122162
1789886
76251
1791628
1800691
1800759
1801567
IEUEAE
1793098
1802211
1808184
1814280
AEAA
1785716
100079
1790540
1798940
85095
1799508
1801444
EOEIEE
100079
1791550
1801082
91419
82074
108573
AIEOAUEAA
1777317
1778761
AIEOAUEAA
1779166
1786286
AIEOAUEAA
77400
UO
98972
IAUOE
1759108
E
1738451
136526
119114
IAE
1721984
1728619
113233
1734511
AAEUI
1723142
114563
AA
121991
1700004
139984
1709191
152912
1718964
98664
1725230
1733176
76251
1733891
149126
1740368
79257
1744562
1749894
87606
1755542
138522
1758569
1761040
94586
1768735
1775663
1785156
1790195
EOAUUU
1767010
1771063
90570
1776785
1779857
93437
1785411
1794568
1796124
EIUIAEEOEA
1794331
1803355
1813036
1821092
1830706
1833428
127943
1837553
82074
EUAEOI
1825620
1828403
1836763
1846755
1851085
1860646
1868612
1878550
1883638
1886662
1887454
1889699
1890671
98198
1891906
EIAUOAUUI
1885358
105506
UAIAIAOA
140128
1889793
1896419
1896864
93437
95620
108573
1899650
125299
1900359
1910033
131916
79849
1915128
UEI
98374
98327
AOAAUAAEAU
132598
1895923
1898744
1905704
1914565
117826
100222
1921410
85906
1930664
1935619
1939058
86066
1945470
1946623
1947050
UOAA
AOIIA
1915327
1918466
72043
86066
1926505
109879
1928819
1934401
1942164
1950339
1955062
1957257
127943
47706
1957379
72877
1960440
1962776
1967101
IUUEOIAEI
92470
1961083
171327
146078
1965730
1974529
114190
IUUEOIAEI
1980556
EOAUUU
1962892
1969313
1978301
1982950
1984445
1991203
145738
89659
1994217
1999441
87606
126417
EIOUIOOOOA
123476
1975658
1982418
87945
53604
86066
1988171
1994506
2003313
2004059
UUEEIEOIU
I
84836
AUIOUOOOOU
OOAOOAE
OI
1932158
1934104
1938219
1938628
OI
1937858
119114
87207
139984
1939209
102425
114045
1944656
1946846
130479
1952386
1952533
EIUUIAEEUU
91790
AUUO
105578
1923127
123743
1926304
1934829
179818
1936391
1938383
1938623
118081
1941056
103988
84439
1943863
85952
AOAAEEEIE
1927285
AIAAIOUO
77400
1934924
1935433
1945411
65061
100079
73326
OA
84452
1927020
77626
EIAUIO
1908422
IEOEAOI
123743
IOU
1876672
103006
1879304
1879567
1882121
91718
101015
1883750
160705
91790
91879
IOU
1882359
1888923
190171
129729
1890123
1898584
122757
91718
1905696
178233
EIAUIO
EIAUIO
1883213
1890966
1898471
UO
98165
77066
UO
1888513
1897791
1898387
109706
129615
1904392
103630
1904855
1912735
1920914
79849
EOUEIIIEIU
EOUEIIIEIU
1892621
1893874
109918
176899
EUE
1889747
1890526
103006
1897893
1906026
1908949
EIU
1887770
113667
EOUEIIIEIU
1876794
97144
130374
198518
UUIEUEIE
1866410
IOEIE
94586
1863504
1867637
171327
1877310
163149
1881595
113330
1884425
136526
1891481
IOEIE
1899950
105645
1901689
1907726
1907753
1911426
1917484
154789
1920004
129173
1924871
EIEAAE
1920182
126523
153931
1922565
1923507
1929887
EEEAEAO
1908362
OOOAAUIEIU
1886877
IIIOIIIIA
1880629
103006
90679
1883536
IIIOIIIIA
EEUIAUU
AA
158611
1838166
103601
1838476
98972
IUAIE
1827645
1832123
1836767
1843066
1849452
1856744
1862710
1868488
1872924
1880742
1883987
171327
127943
IUAIE
EAEOEEOO
1860901
OEUIO
UAIIUOEIE
138543
1826302
79257
118064
53604
1832174
UAIIUOEIE
102780
1829558
104505
AOAAUAAEAU
1821889
OEEIUUEEO
1807277
122723
1809494
1818325
1824971
1832067
93487
1839177
1839888
1847310
1847968
1853108
80210
1856721
AU
114045
130806
UEOEEAAOI
1814138
103988
1823342
1823465
118728
164915
IUOAE
131725
1824067
105931
1831240
1839807
146078
118754
1845377
118728
OE
136847
1826774
1829690
IAUOAEEU
1834386
73267
IIAA
1829991
1832050
1834427
IIAA
85906
1836599
1839307
IU
124578
1831289
1834659
AAOOU
UU
102780
1805248
1805383
1810951
1820317
1823861
1825020
109918
1830048
120662
1839568
1844535
1846544
136362
A
1825865
146078
1835101
EAOAIAOEIU
81670
1826266
EUAEOI
OE
OE
1786436
1786907
146740
126226
OE
101015
OAOOOEEA
89134
1760131
EAIEOIUUAO
1741408
1748183
137026
122723
EAIEOIUUAO
98296
1752063
99479
EEIEIA
1753646
1759215
1760492
1763759
1765958
UAAIEOU
UUEEA
1730061
1732226
1735975
133217
1738070
101756
98296
117889
123545
UUEEA
1739718
100222
1748444
114074
81670
98972
UUIEUEIE
155797
1755070
1758951
130961
116226
1759832
EO
1759833
1765947
1770037
105931
EO
1770453
1777465
1781023
AIAAIOUO
103987
UIIUEE
II
1747252
1751183
112947
145124
146421
115118
AOIIA
1728874
89659
1733837
112947
159495
1741713
114045
1750780
152112
1757140
1759827
123457
1766998
1775690
1778973
1783186
1790990
1791323
1800870
1802462
1803508
73267
1803887
1804931
1807169
1812445
139288
AOIIA
144849
103630
1815580
1818498
1822834
1826662
1829113
171327
1833703
UAAIAEE
1824914
1830555
1835448
IEOEAOI
85625
AAEUI
1812464
98296
1822095
EAIEOIUUAO
1806664
1808771
164915
1812530
1817928
77626
1822865
123545
1830740
171327
154789
1835741
1845395
1854889
IUU
1848451
1856049
1865642
1874263
1879478
121247
1883749
1888690
1889889
129532
OA
1871121
1874683
1881455
133010
103601
1882471
1887553
96743
81254
1892860
102425
1893203
UIIUEE
1864540
1868844
EOAUAAIOUA
1870076
1874200
1876084
1881636
1890165
1897373
1898291
1903450
1905853
1909446
1919426
132598
EIAUIO
1903891
1912263
1912465
1915504
1918989
1927967
1935284
144849
119258
1943096
145316
1943425
1943459
1945083
1945236
142331
85135
AII
1944522
90679
145316
1951624
1956330
121858
AII
1962173
1972110
EEOEIIOIA
1970766
97138
100283
1971483
1974998
101248
OE
1957708
118819
1962181
1966410
1975827
1976972
1977358
144642
OAUOE
1962667
EO
1958704
102780
EOAUUU
1944838
1947115
129532
1955036
97689
1955397
1958387
OUEAIAI
OUEAIAI
144849
84836
1935745
1939751
81289
AUIOEUIAO
AOIEOI
116184
155797
89695
124558
AUUOIOI
1895591
1896126
86496
1904160
146078
102780
146718
1908730
158521
106516
1910987
1913323
131634
1915974
1920926
1929805
AUUOIOI
1932304
1940985
1946109
86496
1951431
1960660
1962815
1968846
1974515
102780
OAEAAOIE
1953901
105506
1963210
106943
124057
138215
EEAEOO
1943728
1953325
126226
OIIOEUAA
81254
166893
1936942
EUE
113888
155797
1931603
1935451
1942368
1947245
1954586
79892
1962797
128073
1965956
100481
1972988
1981551
1991165
73267
1991498
1997419
78445
1999437
OUIEI
1993094
1995787
104397
1997480
84439
105931
41725
OOOAAUIEIU
101999
1990118
123476
97138
107263
81254
1997137
EIAUIO
EEEAEAO
90463
EAIEOIUUAO
1951865
124558
1961074
1961343
134466
1964259
130797
1973058
1983050
1989775
AIEOAUEAA
152112
AOEOAUI
1947544
AIEE
EUAII
130961
1910683
1918333
1926487
118484
1927523
1929777
1936572
UUOU
1914859
IOAIEOU
UEOEEAAOI
1882536
114628
104567
1883071
1889947
141327
1897109
EAOO
1876078
1884703
IIAA
IIAA
1873209
1880224
102513
OIE
1867622
1871081
104160
120943
155573
OUIEI
1872434
96922
136486
123545
105652
OEEIUUEEO
138543
103103
145732
194181
1858722
129955
155573
1862553
1864614
1874419
113888
128896
1884196
1888832
109022
163447
124312
EUIIEU
1884135
1888088
1894664
1898903
1908268
115525
100481
1916089
EAUIEUAEE
112087
EAUIEUAEE
130648
1897666
137011
1907530
1911447
1916015
1918315
146718
1928082
1931190
1932896
OAEAAOIE
EOUUOAIUE
1911690
1915364
118484
113888
1922747
1927933
1930624
EUIAIOEI
113860
113100
1927150
1933196
113860
1934416
1943944
IU
199126
AIAUOOEU
EIOUIOOOOA
107997
1895772
1904864
100481
1907340
1915138
1919875
117451
1927154
144642
1928507
164789
81080
126141
1929457
1934897
121880
1941016
89884
EUIAIOEI
1939716
OIIOEUAA
EO
IAIUAUO
AOAAE
101015
1864223
86717
AII
1866189
1869066
1871412
1878602
98972
178233
1886561
130648
131193
1892733
81080
1900376
1905694
1908250
126141
1916796
UU
126969
1911854
94793
78445
1915637
1920490
1924401
1929772
1937102
122723
AOUAEOIE
1933520
106503
OAAEOIEO
OAAEOIEO
1929660
1934019
139288
186684
1941607
1949893
59124
166205
1959005
117451
UIIAOII
AOIIA
107975
1953514
II
1932522
1936024
EOAUUU
1916272
AOIIOI
1893273
EI
167834
1873852
91375
107975
143036
UAAIAEE
104160
1852168
AIAAIOUO
1833712
1841655
1845889
EOUEIA
EOIEEAUAUE
69735
119258
1832538
129955
119258
EIAAIUIEU
123476
131288
1811879
1816849
1821663
132302
1822480
1824275
103630
1829479
1838086
1841320
1848964
97149
AIEEUU
1841283
135168
118081
91388
1842789
1851005
AIEEUU
122757
107997
AIEOAUEAA
1854837
1862483
115639
98868
105931
1869363
89782
1875818
97589
1878585
158611
82473
1884496
1893331
1899889
1902116
154006
1911456
1911919
1913272
55946
1919684
1928889
116608
1938275
1944234
168283
120881
1945031
128896
1946415
1954540
AOAAUAAEAU
1944338
1948137
116608
1955126
1962418
AOAAE
AOAAE
102425
1966836
1976195
98972
1976305
84374
104160
1985679
EIUIAEEOEA
1964459
1968936
194879
1972786
1972936
1979178
114895
1982984
155573
1988101
1989272
1989597
1993856
146048
124971
2000616
2008578
2017351
138215
92377
135168
AUUOIOI
165167
EUAII
1991843
109609
126350
2001309
2009946
2015666
2024580
2024815
133981
2031855
2033670
2038357
UUEEA
110404
2024843
2032616
2033629
124304
2041421
153992
UUEEA
107596
129955
2041633
92516
2044317
2046965
2056614
2057861
UUEEA
2059674
2061456
148909
EOUUOAIUE
2061561
2064051
2070544
132598
2071989
AAOOU
2068191
EIU
145316
EAU
IIAA
2041467
2047479
AAOAE
2035643
OUIEOAAEI
2017480
UIIIOIIE
121842
199126
118376
112347
156393
AAIAAOI
1993895
OIIOIOAOOI
92516
1993215
102309
134466
1995128
2004861
2006155
123476
2006246
2013608
2017828
2027684
2031354
2033806
OIIOIOAOOI
131725
146048
139399
2034704
2036796
126350
EIIEU
2031532
2039985
102803
EEIEIA
148581
89726
114459
98296
123476
2029488
55946
111970
92377
129496
132302
2031799
2034123
2041026
2042091
AEAUEUEUIA
2040081
113860
126350
2041578
2043213
81080
2044651
2053627
2062919
90957
AEAUEUEUIA
2063391
140512
2072107
2080900
93722
2087422
2091252
2095454
2095919
2104402
140906
97589
2104404
126892
89884
124783
2111623
2115118
159495
2116917
146078
87287
2122253
2122798
AOIIOI
121551
2111239
UAOAOOU
2089593
146885
2098431
UOIAEUU
2085585
UUAIUE
2080863
117769
113860
131725
2086213
2087534
144282
2090929
133981
IIUUAEI
154006
128073
121041
2087239
2088175
122723
2095439
UOAA
2080062
2082573
2089173
2092191
119772
87287
2096288
2097206
UOAA
2096033
2097351
2099442
2108727
131725
147979
2110520
128073
138466
127422
AOAAUAAEAU
2104462
129481
OOIU
2083513
2090327
2091874
2092399
169702
94793
2093320
129496
86717
140906
155696
2093418
2100585
2107383
EAEIAUIOIO
99848
47295
IUEEUEUOA
119258
137751
2085603
2088284
122333
EUE
2078827
2080096
2080179
2088205
2094912
2100227
129496
2108658
2114816
2121953
142239
67093
2127854
2130710
UAOAOOU
2124540
AIAUOIAIAA
155696
OAAEOIEO
173670
125042
EO
AAEUI
2060132
121041
2060350
2063428
55946
2071929
AAO
2071064
99479
131725
2078017
146461
2084880
133452
67093
123141
2085489
UAOAOOU
2080035
159495
2081690
177644
140512
2091563
86717
81254
2101414
133981
116608
AUEUAEU
2088575
173670
122828
2089621
204137
EAIEOIUUAO
2086047
AAOOU
114895
2062054
2068789
2075946
2078365
183966
2084591
EUAEOI
OOE
183966
2051037
99848
OOE
178759
118376
2055760
AEAUEUEUIA
2042763
2045282
103630
2054136
157499
AEAUEUEUIA
2061101
2068504
102803
134590
122087
OAOO
2051400
137751
2060440
AUO
113129
2064188
2067185
2076107
IOOOUO
2077685
201525
2079677
120943
2088161
2090893
AOAAEEEIE
AOAAEEEIE
101048
2074587
126892
IU
2054696
2061846
2063666
2073332
2080253
2089246
2090541
OAEOUEEI
98972
2089242
UEAAAAOE
148581
2067239
2071266
O
2056544
2064221
2069195
2077781
2081184
EUOIAEA
2058558
98972
2062737
2063862
131634
2073826
2075410
2075486
2076060
2077344
EAU
2066212
2066942
99479
EIAAIUIEU
107500
2069032
93040
148581
EUOIAEA
2042835
146955
2045137
89884
94380
2050583
2053727
2061161
146955
131725
2068759
209842
OAUOE
2055344
EEAEOO
2035272
89884
UOAA
156393
141045
2033379
136584
2040935
2048026
2051050
2056111
155696
IOU
158116
2049267
115643
EIU
132598
118240
101015
167834
AUO
2003665
2009497
2012127
177644
208327
2014769
2018943
2022632
2027933
2036123
2044478
2047804
109353
2051224
2055426
89869
EIIEU
2028779
2031866
2037721
2047693
UUEEA
2021396
2029100
133012
2039055
119292
2041024
143036
EOAUUU
2041087
2045963
OOIU
2021514
2023424
2025033
145272
2027426
2030779
133633
136584
115350
2038381
2044827
2049716
2054166
2059188
IUUEOIAEI
2048634
2048978
102110
115633
128073
UEE
2046069
2047732
2050149
131725
2055422
99335
126141
2063078
2063592
2066947
2074671
UIOEAU
114079
2053675
2055198
114146
OOOEAUAE
100726
U
125478
141641
129481
126141
2014849
2017498
2026696
2036277
153931
2042840
2045607
106444
156393
92516
2054152
2059597
2066344
2075821
2077585
2087424
2095549
U
91375
131004
93722
152187
130002
99335
2101500
2109176
2115497
2123169
2132208
126353
133814
121772
132598
2135673
145272
2142293
84439
2148115
97149
152187
2152197
2158743
UUIEUEIE
2139366
95840
2142091
2147290
163323
AOAAE
2150873
2156341
147488
113378
2158931
OAIOA
2137400
AAIAAOI
AAIAAOI
2132908
2139810
2146152
114532
2152439
2159353
89884
2165230
2173764
2177594
2183780
2192836
2193681
AAIAAOI
2202097
2210783
2213684
2217155
OUIOIUUOAE
2218986
2219386
OOOAAUIEIU
2204126
165825
2208703
2216166
2225464
EIOIUOOOE
AIAAIOUO
OIUAIAEEEU
2169562
EAAI
94055
AEAUEUEUIA
122150
2150288
EIIIAU
2133584
AUOEEUOI
107975
2121821
146955
99539
2129967
95840
217655
AUOEEUOI
AII
2106407
2108854
2111025
2113224
2113478
81080
UAEAIA
2105481
100370
2111935
OUEOEE
2099598
2100169
IOUIAOUUAE
AEUIUEEEAI
2056724
145024
2061064
2061918
2071427
92516
2072232
63544
AEUIUEEEAI
94055
2072864
2073136
114545
118376
2078882
100986
2081188
131718
2088303
AAIAAOI
2067749
97149
2067788
2074116
2074446
2077813
2087374
134590
EAUIEUAEE
AEAUEUEUIA
104160
101048
150199
81080
107975
157950
2060365
106503
2068744
163323
88796
OIEUII
90705
OAAEOIEO
2035934
2037272
2043924
131725
106444
2045323
2049977
128325
2053382
99539
70934
151874
2061333
125092
142884
138374
AIAUOOEU
133699
2059638
OUEAIAI
EOUEIA
2031831
2041605
2042874
UIE
2033376
2037270
2042231
2049865
84439
2059767
135874
IIOUIIOE
2053924
2054527
2059609
AOOAOA
2049203
145024
167490
OOE
148358
2031628
99335
128608
2036341
2042546
2051539
165825
217655
IOUIAOUUAE
163323
84491
158355
2034912
2037289
136584
141983
2046312
2054817
2061365
106503
216944
2062665
2070857
148358
OIUAIAEEEU
2046542
2056384
116941
100079
2060543
122652
147488
OIUAIAEEEU
92956
204788
146461
UAIIUOEIE
138272
122150
2043947
2052600
2055739
2064148
2068345
117046
2077690
128073
147343
2080508
2087553
2087688
84439
UU
2063490
2069920
2079612
152187
131248
104664
120646
AOIEOI
112800
2054655
2054848
2059262
2062410
2066571
84491
2066603
2071968
2081795
142176
137445
IUUEOIAEI
2080842
106503
150199
2082575
E
E
OUIOIUUOAE
AEUIUEEEAI
2036608
2037028
2044928
154006
141983
2053899
2059374
113378
2067466
114201
2076613
173670
2079267
2085729
AIAAIOUO
2079636
2084833
138758
2090119
99539
164371
138826
2098785
2108086
2112426
146461
2112818
2120955
EIEUAUU
120646
UIAEEEIAUO
EIUIAEEOEA
88796
2088681
UAAIEOU
2072199
AOIEOI
2054825
2060974
2067771
2072139
2079330
2088415
140874
2095276
AOIEOI
2102382
IUOAE
2094650
2095760
134563
142176
2097212
96260
2098045
2105395
171420
2106183
103753
IOUIAOUUAE
EUOOAO
UIOOIUIO
216944
UIOOIUIO
EAUIEUAEE
2057132
2065089
122150
2074053
IU
143876
2065007
2074061
EIIOIE
2074587
111339
2080692
2084839
IOEIE
158664
217655
2076389
138221
EUAIA
2056041
116941
2057767
135154
150199
158355
152256
2061420
114532
2071129
2073657
2075992
2080288
2082577
154006
103753
IUEEUEUOA
2063398
AEA
2050613
157744
119999
99798
EUIAIOEI
IOUIAOUUAE
2038412
206526
146461
2044365
137470
EUIIEU
158664
2044992
99798
99500
117675
2047638
EUIIEU
2051894
137751
105680
233449
2058697
110991
2060136
117271
112274
128325
2066204
2072875
2079539
EI
2068922
112274
2078363
140874
EIOUIOOOOA
135154
EUAEOI
2055892
116941
2057310
119292
IAUOAEEU
OEUIO
130961
EEIEIA
151668
OEIE
1996710
84491
2005170
206526
135154
2005497
217655
IAIUOEIEU
1983929
145024
1990040
1990277
1994789
1998001
2002053
2002614
109284
156688
2006892
IAIUOEIEU
OIEE
OIEE
1988137
1989950
1992500
EIUUIAEEUU
179493
1983151
1985077
EOUUOAIUE
1976451
EOUUOAIUE
1980864
1985919
EUUOEE
1973842
1974094
1975619
138221
1982265
100959
100083
OAIOA
1978202
146461
1987453
1992381
1995180
2004186
153901
OAIOA
2003747
EAU
1979837
1988169
1992640
1994661
2001868
148293
2011092
134792
2013176
2019931
2027467
139103
2036048
2039526
OIEUII
2038497
2042023
2046096
2047562
2054163
2058925
2064684
2071706
137470
116941
130961
2073508
2073825
2074317
103753
178235
2076360
88645
2086012
204788
2093112
IUAIE
176351
2082441
217655
2090670
2095783
119976
149907
135874
2102978
107177
2112132
101320
142952
2121329
2126732
2136649
108876
2141688
153901
AOIIA
156493
156493
2133331
EAAU
2132563
2139929
2148574
EAAU
2150711
2150769
110427
88686
100079
128608
63544
122868
IEUEAE
168289
2146646
AUIOEUIAO
2148502
2150457
164069
AUIOEUIAO
2151985
92956
OUEAIAI
2150246
2152099
146667
148131
128608
2160392
169201
148293
130098
2161411
2165351
118502
2170672
2176978
EIU
2159862
2165343
AUEUAEU
2157188
128073
2159214
2165693
AEEOAOOE
2157254
2158475
2162238
2164018
2166463
2170948
113378
106915
2173740
94873
2174796
AA
IOAIEOU
2154181
2162594
84439
EOUEIIIEIU
105063
129955
2145760
2145785
137470
2146090
2154358
122868
2154781
2159449
141983
2168114
150075
2173276
149907
94710
114146
2180328
81462
168289
2180636
141676
EIOI
U
2152779
63544
164033
2154529
119732
U
2156918
153215
89884
2159072
112800
AUUOIOE
2157617
2162174
137595
AUUOIOE
IUAIE
115643
213219
2128875
124578
UIIUEE
2112361
156493
2113231
OAOOOEEA
154302
2099493
2104305
2106165
2110486
119976
2117807
2122085
2130305
2137886
168869
2143290
2144992
2152955
164749
EAUIEUAEE
132452
OUAUIO
AUIOUOOOOU
119732
2086564
152187
2094869
AUUOIOI
2091545
OIUAIAEEEU
OIE
EAAU
129955
233449
106503
2051818
2053145
119562
2056802
2063105
2066308
EAAU
2064147
130698
140874
2065518
2070995
2080935
141058
142826
2081277
2081572
2089760
2097878
2100072
EIOI
2080665
2083104
2084895
2088519
165761
156688
2097440
2099846
145777
2107048
2113331
2116440
130025
2117716
2120409
IOUIAOUUAE
2101056
164116
2108189
156493
AIAUOOEU
164017
2103914
2109861
114116
2110804
203641
198049
OUIEOAAEI
2102647
150812
114545
IIOUIIOE
OOAOOAE
2063302
139460
2067970
113378
139460
168869
138037
164033
2075392
169201
2076098
EEEAEAO
2078510
108992
2080690
140874
2088463
EIAUOAUUI
2094502
168166
147757
79150
2102739
2105063
193181
2111503
2121142
2131000
2131833
2133252
2139667
2140960
2143706
2150652
2157019
117184
2160642
114116
171724
2166844
2169368
AIAAIOUO
2167428
116313
IOAIEOU
IUUAAEUAII
2145997
150812
203641
AUOEEUOI
213219
2138333
2139123
2147199
2150649
2158776
131594
143532
140662
2163056
2168111
I
131686
2160829
164749
I
130961
142826
2161092
2169716
119762
2174780
2184688
UIIEIUUU
79150
2165128
2169301
2178103
100959
121819
EUUOEE
2168179
2173178
2177286
140935
102598
158490
2185524
2193655
2203395
123749
2206586
254753
EEOEIIOIA
217865
2207403
2211617
2221348
2229753
2230262
2236702
2240806
2247420
2251745
IUU
2248126
2250897
116148
171724
2260563
2269433
2275280
176286
2278715
156493
2285307
2286184
2287821
2288872
2289583
IAE
AA
2274438
2282115
2282635
2287562
UU
2266833
IIUIIAOUI
153588
2269836
127267
2279010
153375
EI
2259116
2262879
2265865
122570
137107
2266857
116916
AOAAE
115643
AEEOAOOE
IUEEUEUOA
2216897
168191
2225946
115643
155200
164116
2234814
2235298
2243717
2252772
2260317
2262943
142843
EEUIAUU
122570
2262711
2268057
2272203
156493
2277029
2281454
2283506
79150
2284001
2288718
131331
2293364
EEUIAUU
2294029
2296520
2302548
170965
2303608
109435
164116
168166
114710
2307312
2317005
189003
2323309
101048
2327185
2336448
168166
2340148
2342633
2346960
2355829
2355896
OUIEOAAEI
AAOAE
2336723
135526
AUOEEUOI
138037
2332098
2338492
111948
140935
2345328
2355280
152890
2365086
138037
OOOAAUIEIU
2342319
AOEOAUI
209900
EEUIAUU
118019
152633
213219
2327872
2330470
2335738
2340385
114116
105430
2344987
2350369
2355203
186482
2358793
129826
2365410
2371037
2376945
164033
2386026
2393230
OUAUIO
2384689
2387445
EOUUOAIUE
2372863
2378654
121340
2386630
113860
2390733
2390857
2396155
U
117184
141058
149295
154120
152187
EIAUIO
2364498
122570
EEUIAUU
133205
106675
2353058
2356542
EEUIAUU
152633
95994
2363090
154120
IIUIIAOUI
152890
UEI
2338886
2344601
118502
115842
2353457
2360429
2364915
2370059
2378790
EIIIAU
2375690
2384303
2387161
2389184
UAOAOOU
2367963
UA
2340086
AUIOEUIAO
115842
2341669
2345097
2348321
2351413
2351936
2361217
2362328
2362859
2368522
2376402
2376645
169201
EO
159121
191064
171292
106362
2367451
EO
2362975
AUO
140935
2362209
140269
98424
2362458
2365386
2368842
2376950
2384093
2387156
OUIEOAAEI
AIAUOIAIAA
2381084
2390520
2396116
2401135
128106
2401996
2406690
OI
2402164
IUU
105531
2386441
2387215
2392952
2393564
171724
217655
2402311
2407581
158116
168602
151255
115643
2414316
204641
138440
106675
2419662
2423202
2431940
AUIOEUIAO
AOUAEOIE
2421712
131686
2425938
2431086
142826
2435822
2439088
155792
254753
92563
2442438
2451513
2452029
106675
2455659
2461376
2462817
2464175
2468255
2475013
2480157
OIIOEUAA
93005
158692
2468039
UIIAOII
2462396
2467854
OOOEAUAE
168602
155200
111698
119049
170965
139450
2466225
2466971
2472366
IU
AEUIUEEEAI
128605
2449118
2453625
EEIEIA
2433930
2437927
172663
2440520
219673
2449876
2456399
131686
2460781
2464541
118103
UIIIOIIE
106675
183231
150524
2453858
2459271
140935
2464315
2470238
2478741
183231
2487508
2494794
2500073
OA
AAOOU
168166
2475179
2476182
119976
2482178
2489900
2491475
2497902
2499313
106675
110481
160297
2507541
2516299
AAOOU
2516189
109284
2522511
2530550
2539466
142843
2549442
197689
153868
2558655
2562396
2564580
144753
2567783
2576582
2576587
UAAIAEE
OAOO
2553077
140935
2561390
197689
UIOEAU
2550395
2553661
2560813
2562873
122542
2571084
130098
2578419
UAEAIA
2556199
2562364
2570675
2577602
UAEAIA
2576117
2585956
135526
2588745
2591835
183231
118656
131351
2601562
2602963
141546
106483
175985
2610477
IIUUAEI
142947
123622
2602729
2607904
2609556
2612670
EAAU
2611488
2618254
155845
EUIAIOEI
2603444
EOEOOUEUA
102531
117092
2589090
142937
AOIEOI
2567452
2569717
107429
2577155
IOAIEOU
AOAAEEEIE
2554496
IAIUOEIEU
168166
2539287
127035
AAIAAOI
120356
EAIEOIUUAO
2522915
OEIE
2524416
123287
149588
UAIAIAOA
176286
2515930
2523985
162296
2533083
124552
UEI
2509853
2519837
2528687
122542
160563
141546
EOUEIA
2517342
129826
164278
106362
2518294
2521158
168191
143786
EOUEIA
2529441
136536
170780
2538900
2547187
AUUOIOE
OOUOAAI
2517875
111564
2520950
2527550
2532732
AAEUI
145970
170001
UIUEAAAOI
EEOUU
159155
2489351
114759
131351
2497601
2506061
193181
122332
2515578
2523997
2525123
2527792
168191
2528910
121441
128073
113280
2535139
2542561
2549017
195955
2549625
2559514
2565808
AUEUAEU
2565884
161233
2567453
2570864
2573653
2579979
160297
186482
IIUUAEI
2570605
2574082
111698
160297
2580045
110481
131351
2580201
2589867
132979
123061
IIUUAEI
138221
2597826
2607443
2615018
2617642
2622416
2623976
OOUI
115450
2620832
2630458
OOUI
239220
149588
2629391
157961
2630468
151346
205606
193760
116872
2639629
123154
2647686
149429
UEAAAAOE
147704
160393
103753
2627014
2634085
EIIEU
2622342
IIAA
124552
239220
EOAUAAIOUA
2606710
197612
123154
EOAUAAIOUA
119976
117998
2613113
2618435
2622737
2632094
113280
2641988
138221
2651700
133479
2658548
2662322
2670428
2677725
2687706
2695128
2701193
2708217
OOUOAAI
AOEOAUI
106675
175985
2686515
2694902
180337
2698180
OOAEAEAU
OOAEAEAU
165761
AEA
148897
2665730
159155
135992
175018
125251
2671357
2679545
116744
2683580
2692092
2693770
2696936
2698591
2699713
OUIOIUUOAE
205606
2693649
170001
2702070
2704954
2710114
117698
2719996
127035
2725960
123622
132979
2732536
164749
2735324
2741235
103753
2747596
2757321
2764624
2767163
2772149
2777281
2780219
117092
2780709
145541
OIE
151584
2779999
2788612
195955
EIIEU
EOIEEAUAUE
176378
2755248
EOIEEAUAUE
142930
158490
114767
2755798
205606
2763231
2769472
AIAAIOUO
100556
OOOAAUIEIU
AIEE
165761
IAIUAUO
118412
EIEEOEAAEU
2733550
187170
162296
106402
2741795
2749227
135526
145495
129955
2755751
2761633
2769585
2774461
149744
2775256
129955
180337
145354
2775935
2782524
2783171
2790613
2800217
EEIEIA
2783619
132452
119813
187170
152231
2791075
130002
2795093
2795839
2800505
EIEUAUU
2780498
127969
2782304
2786851
2790627
2797288
2804220
2814090
AEAA
2793659
2796564
160563
141487
111698
118656
122913
119242
2803387
2805857
UIUEAAAOI
178270
2788607
EUOOAO
2772484
2777077
2780449
2784443
146176
2790760
2797076
141072
2801722
129528
UIE
2788798
UIE
135992
EAAI
2776121
2777573
2786152
118656
2789934
106675
2797202
2805274
128291
2813999
2815955
2817424
164278
102531
2819995
2822174
2823657
2824922
2832451
203326
102125
136816
199561
EIAUIO
150916
OEIE
2789011
EOEOOUEUA
2766383
2770485
EOEOOUEUA
162296
2775180
2784134
2784600
2794443
2799013
170001
A
IAE
2776126
2784764
EEUIAUU
2760978
2763762
2766520
150875
UA
2755057
2755244
2763950
IAIUAUO
2748149
119242
2749467
OU
UU
2721279
127020
193760
2721776
EOEIEE
127969
2704552
119317
2711781
2719655
146606
2725086
93479
119242
2733738
150319
196274
2740142
EUE
102125
OUIEI
2706138
2710857
IIOUIIOE
155845
2698722
132158
2699263
2707154
2711361
2718276
110716
106675
IUUAAEUAII
2698702
2703327
2710077
119976
2710147
EAOO
2686562
143258
153993
2688721
120067
172956
137957
88591
162296
118502
2689191
EUIAIOEI
2677000
2686222
136559
2690475
2691269
2701111
2702380
2703156
2703656
2709849
OAEAAOIE
2701903
132158
2703477
120356
2711610
149429
2719374
170055
250708
2726071
172956
2731815
148897
172445
UEI
2726286
2732432
2737733
UEI
2743045
AOUIIUUE
2723517
OOUI
IUUAAEUAII
2699442
2707754
2715665
2722526
100712
2728619
2734034
2734223
129955
138482
131351
2735184
2735558
2743161
2751206
2753769
OAUOE
132394
2733508
2738301
155744
101597
AU
IEOEAOI
260217
2722570
2728320
120356
166274
2734451
114597
2743302
2744215
2746199
149429
127035
151838
2748508
IUOAE
120356
145870
2743082
2750725
2752919
IAE
2742857
117978
158196
131351
138461
2743953
2745757
EOO
2725662
OUEOEE
132340
88591
209900
209900
2704460
2710098
2710754
2712864
2716518
203326
2719957
2723615
132340
IUOAE
2700606
130386
122913
2705784
2707351
2712237
2714096
183807
EAU
2708590
168520
2710320
118103
2711599
117978
164711
O
167039
160297
EIUIAEEOEA
138461
2667801
EIAUIO
2673502
2680607
2681628
2688905
177407
160158
138590
122913
125066
2694797
121085
172956
2704030
OUIEOAAEI
147340
165360
2691012
OEIE
158196
OOE
130025
2648927
2656482
2659044
199561
2665368
51386
2668001
170343
2673170
122127
2676228
2682315
2682909
2683479
2689164
149793
2695505
2705154
2710131
2715859
UUIEUEIE
UUIEUEIE
2691895
2694834
IU
151857
2685369
2686855
119836
2696294
2699020
2703373
136234
164960
2703879
AIEE
2690778
2696182
170055
EAAAII
2673909
2676614
131331
106675
2681474
2681924
2686458
163594
EAAAII
106675
147340
IIUIIAOUI
153024
EOEIEE
209328
2657125
2658853
2665048
OEIE
EEOUU
2637034
2643126
122913
131315
205027
2644280
2653531
162460
183807
119836
2658808
OAUOE
2657754
219808
173891
2664573
2668223
2674567
2680396
126618
UIOOIUIO
OAEOUEEI
177923
AUAE
AEA
EEOUU
2609841
141654
OEEIUUEEO
2616809
159224
AAEUI
2594557
143287
130025
EAIEOIUUAO
122913
2586876
130007
2591922
159914
2593188
143287
145870
EAIEOIUUAO
117092
2594326
2596805
2601087
2604158
2612217
2616261
2625726
2634258
187675
172770
186048
2634369
137957
OEIUAUAEE
2621042
2627752
2634929
2644738
AUUOIOE
2642158
2649462
146606
138728
211075
AAOAE
2634220
2638955
O
168328
154453
141654
O
198049
149938
173160
184507
82989
211075
157796
2637367
IUAOE
2622840
2623425
122086
145580
IIUUAEI
IIUUAEI
164503
207416
IIUUAEI
2602179
AEEOAOOE
219808
114752
2585846
2589633
UIIUEE
2580941
2581132
154453
174990
UIE
51386
160869
130007
176378
2579474
2588792
EUIIEU
EEIEIA
2578763
2585825
117489
131331
2589341
167332
UIAIOU
157830
167332
152858
159407
2581053
UIE
2578421
U
2572841
2574434
2577111
2586089
2592958
2593574
2599867
208903
2605163
196274
2607851
2610878
2613613
151584
2618702
175502
130007
127020
125118
145580
2626556
2627173
2635459
193473
AUOEEUOI
2631517
EAOAIAOEIU
2619688
EAOAIAOEIU
127921
2621438
2631372
146774
114752
196274
2635898
153024
2644375
AEAUEUEUIA
151054
2623918
2630788
2631262
163618
148897
2632495
2641016
2649286
2651890
176877
2661084
2670832
2674796
EAAU
131072
82989
177407
159910
2659492
160726
187675
196274
135309
127401
2659659
191334
OIIOEUAA
2661516
2668003
2676498
2684113
109446
172923
IUAIE
137957
2669618
146774
192893
2676250
2678495
2680007
2683258
125433
2687080
184507
163618
2693433
167451
IIUUAEI
IUUEOIAEI
OAEOUEEI
130007
178045
2669689
2674112
2676485
2683633
170780
140705
AEAUEUEUIA
2678182
2684931
2689956
204887
126438
2691730
2700946
2709179
154814
2710558
2715135
EUUOEE
2714709
2716710
2720281
2722506
2730467
2735202
168328
IIAA
EOAUUU
2682623
2688691
2692375
2693951
240460
2694127
AIEEUU
2693843
2695155
2695853
2696432
147959
2700094
2701983
2709821
104971
AAO
144037
2690167
UOAA
170681
186780
UO
2672772
EIAAIUIEU
AII
2657334
2661759
126438
EOUEOUUE
100525
130007
194560
2655910
2661985
AIAAIOUO
2666589
172956
2667459
137700
179656
2669391
2677397
2684264
2687080
2691307
2691328
2699056
2707473
2708947
144965
2712440
2719222
AUIOUOOOOU
121527
UEI
2685387
2686748
2690386
122478
2690874
2700073
2702991
2706279
125066
2710275
2710565
154814
AAO
187675
160181
2708304
167039
2718050
2722951
2729384
138833
2731659
2740488
131210
2744194
156497
2753400
2753659
AAO
2756822
2762349
2769268
2777005
192893
141546
127921
173160
2778181
2780389
IIAA
2752668
155133
OUAEE
AEEOAOOE
170681
2738372
156497
2739805
2746220
OA
163091
OAIOA
2736073
2738357
215374
180076
2745076
2749194
133832
2756630
2758368
2765277
2768827
199561
EIOIUOOOE
2758593
172956
2767648
2775940
2777721
130386
175502
2780932
EIOIUOOOE
OOOAAUIEIU
2756891
105066
2761782
165039
2767700
162296
155133
138833
2774287
118679
2781850
2790177
2793349
2802934
2806507
157207
122380
2816062
AIEEUU
EIIEU
AOIEOI
2764524
160181
2772148
EAOAIAOEIU
2766191
128157
165079
2774693
2783627
120417
151584
2790185
147959
2797583
EEOEIIOIA
AUEUAEU
IIAA
157830
2732385
2735595
163091
51386
2744849
OOUOAAI
2739627
2747932
2748313
OAUOE
146774
2732146
138642
2739296
2747486
AEAUEUEUIA
92181
2725631
2730975
2731445
121062
2734465
2737437
159277
133012
IAIUOEIEU
122127
2728513
168454
AUUOIOI
EE
OOE
2686953
136008
151898
UEE
151411
2662558
150660
IIOUIIOE
2650326
2659161
2668752
157796
2678212
193473
176046
129332
UIE
2660904
170172
154285
155133
120409
144601
2668287
102125
2678104
2678800
AAEUI
175502
2668171
120944
2671266
UEOEEAAOI
2646895
136288
191928
2651834
2654715
105066
150660
2664113
137700
2671177
171884
2677091
240460
UEOEEAAOI
2673113
UIUEAAAOI
160910
181409
UIUEAAAOI
2665443
102125
2668085
2674227
151411
155624
2677626
238908
2680637
2685910
2694084
AIEE
229458
100525
191928
2675084
AA
EIUAAAOEAA
2654023
2655985
2661088
2668110
2677241
2679302
2681574
154814
EIIIAU
140933
OUIEI
2665661
UIIIOIIE
2669488
2670461
184038
2675836
2682514
144512
OOE
2665887
116839
105066
2672730
2682310
144965
AUEUAEU
186505
225087
2680511
102125
121733
2685881
UAAIAEE
2677234
160297
2686755
2688090
2690687
2693718
121062
2703326
2713305
140162
148866
2721786
189077
2725724
167039
208903
209384
2728949
EIAUIO
2710963
131220
OAEAAOIE
181409
2694698
2695401
EI
2685945
2688738
2697809
OE
2702682
2711848
186505
121733
158775
146136
EOIEEAUAUE
2717475
AIAUOIAIAA
2714059
175502
EIAUIO
2698636
2707799
2714305
AOIIA
2706010
176334
191928
100525
143629
98890
2715137
2719637
2719642
2729604
229458
2730577
2740345
2743685
2751052
2758092
2762628
AAO
144427
IAUOAEEU
2751473
2754704
134056
2755837
134487
2762186
EEOEIIOIA
OUEOEE
186529
2728095
OUEOEE
158333
102125
2714934
2719479
AAOAE
2705145
EEUIAUU
2696364
170681
2703533
168454
148866
2712367
IIOUIIOE
2713294
2718216
124949
179420
2726284
142145
2732202
165039
IIOUIIOE
EEOUU
2709994
2717794
98890
163658
160806
2723465
175617
2725057
EEOUU
EAAI
2699846
206017
2709400
2714782
149077
162420
238908
2716021
152324
2722721
2723198
2727349
2729560
2730158
2737712
154139
129332
2745441
2748745
2750517
146774
2752600
152644
165039
2754773
2761461
2770483
IUOAE
143023
2761915
2767876
2771937
2773741
2777380
159683
180692
122478
2786672
157796
141198
2788077
2791722
192893
200558
EUAEOI
2783334
2793277
2798765
172206
2805446
92181
2805730
OEEIUUEEO
2794334
2798631
EOEIEE
2785791
163247
2790214
2792817
2794161
138461
122042
2800198
140162
145623
2801573
163996
IAUOAEEU
UUEEA
2760408
2762481
2763415
160191
143623
2771893
OI
2767103
2774655
2776359
162296
OI
2773920
151897
172187
148481
194015
160297
146606
238908
151584
2782912
2787957
2788640
128227
2789561
2795974
121527
2804051
2807845
