3308
EOA
EOA
3944
6241
15228
21715
24275
AIEU
16404
3308
0
OUU
12692
0
AOUOI
7877
0
6487
0
0
15639
25360
32297
0
40243
AOUOI
37095
AU
33701
UUEIUOOIUO
39046
43052
0
0
48490
0
51235
0
0
52756
AAEOU
AUI
AUI
5868
14887
17528
21639
29308
AU
AOUOI
AOUOI
6937
3946
14927
1402
AU
1452
8982
18672
20402
22724
22790
UE
16600
17957
22375
12993
23445
15323
860
9509
0
29245
EOIIIEIA
4684
16848
EOIIIEIA
15323
5373
EOA
10754
12998
8088
EOA
15323
19033
24003
24771
25315
30670
35485
44130
45417
51083
1402
16848
54700
58181
15489
64325
2745
IAIOUAA
48275
49158
12993
50267
53976
55650
6487
57570
9522
58105
15323
63581
6487
15323
70609
74508
6825
84016
85150
5278
93181
101003
AOUOI
90621
UUEIUOOIUO
AAEOU
8088
64993
69680
AAEOU
49450
53520
21160
60575
67671
76408
77590
4242
78176
14667
15585
9492
5278
UUEIUOOIUO
56584
64577
66396
UUEIUOOIUO
4242
66418
76107
17646
AIEU
65426
70324
71851
AU
20618
71077
17646
10066
73037
74338
78968
81457
10066
90126
22720
9197
5278
5278
EEUOA
47140
86114
24869
24164
AIEU
5278
17646
28727
5278
38209
85918
90576
22315
93571
98760
11286
99197
102611
11286
104861
107878
24869
117063
AAEOU
UE
17646
74685
3860
83423
AIU
62215
65335
37941
71718
60295
77874
86917
UUEIUOOIUO
71711
81451
89034
9197
4242
94870
52242
101676
103069
UE
30573
83000
21800
27504
AAEOU
37941
59103
77589
OUU
AAEOU
72958
EOIIIEIA
73744
3860
20526
9197
53758
74963
26607
81475
69480
AIU
78417
53758
34339
AAEOU
60922
AOA
20526
69480
30573
44988
30573
52916
43777
53758
43777
53758
57960
27504
AOUOI
54987
34339
60351
IOOEUUEOE
14992
AOA
11975
AOA
10720
23599
AOA
13127
14135
19483
37348
27578
31189
35309
36099
41541
42530
46060
55459
AOA
63128
14900
AUI
72229
12669
12669
50188
50231
12669
17161
12669
59829
AIEU
47771
12337
48797
51588
58854
59438
64622
UE
28208
69779
17161
40851
81421
17161
AIU
81421
67578
70547
57562
34922
28208
AIEU
AIEU
58156
65448
66814
69219
EEUOA
40851
24585
72568
42129
60907
75660
AIU
63819
66601
67591
60907
AIU
76697
12337
86381
AIEU
81045
52493
O
EOA
35989
40505
19830
52493
49068
AUI
35244
35827
43759
UE
AOA
6580
18174
AOA
22612
6302
AOA
6074
6672
84513
7635
37740
86474
60078
17111
18095
26018
EOA
60754
EOA
86474
18731
37348
28058
32430
38322
46921
47919
56846
58873
44751
65453
60754
AIU
AOA
AUI
O
13073
15962
65126
25249
AIU
85177
EOA
8378
EOA
IAIOUAA
8377
14966
33486
AAEOU
2921
9518
89484
10129
13309
20503
25547
30400
32639
37270
31260
41101
70295
57060
44942
53526
58048
59705
67134
86474
33486
72787
79614
82411
46190
AIU
57133
58552
66453
54315
OUU
63085
64461
65977
O
63315
54414
79779
34093
72960
AOA
OUU
41288
51005
86474
46065
46065
46065
62294
51856
54853
57556
UUEIUOOIUO
57642
EOA
46065
80325
42952
AIEU
64059
86474
O
38021
17009
91766
24637
85432
77418
91766
46065
75682
38021
33560
AAEOU
AAEOU
11395
15038
21921
24136
25552
AU
AU
72942
8947
O
17607
19708
28041
66762
77418
75682
UE
33038
25985
53111
26293
77418
33038
AOA
11089
16924
44904
46065
26535
68178
27325
IOOEUUEOE
15941
UUEIUOOIUO
112300
7867
85432
38864
85432
UUEIUOOIUO
O
68178
49301
2894
8042
EEUOA
38864
3415
AIU
4003
9497
10155
12354
81519
72942
18968
23151
92143
29190
34898
76514
35117
76514
42437
46207
76514
50279
AAEOU
87013
EOIIIEIA
91196
118914
118914
50552
27034
92143
39522
36421
38719
39073
93195
44697
68178
EOIIIEIA
59153
74388
44596
IAIOUAA
40156
AUI
32698
39283
93195
74388
46063
55530
91196
59372
91196
63467
55340
92143
65210
72255
68178
AAEOU
51982
87591
52673
60656
62584
68909
UE
92075
63173
64917
73836
IAIOUAA
91196
42042
EOIIIEIA
47253
48207
58162
65326
68532
66403
67040
67895
O
38873
EOA
67433
68229
91196
AU
68215
AAEOU
65462
AIU
EOIIIEIA
AOA
14778
AOA
96510
67979
21335
22457
83207
24587
66407
33235
43084
50880
AIEU
67979
44485
79331
98469
52472
57455
106422
67979
67444
72017
140039
76324
78882
81400
87410
96680
IAIOUAA
77166
IAIOUAA
IAIOUAA
IAIOUAA
78882
62334
96510
66622
101992
EOA
43797
53691
AIEU
82280
57091
66958
UUEIUOOIUO
67588
73024
49838
77749
121364
74958
82973
91021
106422
AIEU
77749
82917
88603
98052
98975
66407
82280
108607
108685
115879
98489
AIEU
125322
134756
68874
AU
66407
125499
EOA
O
83059
IOOEUUEOE
71439
71635
IOOEUUEOE
76382
79759
98489
84033
IOOEUUEOE
45301
103708
IOOEUUEOE
65334
91194
AU
91194
83619
62569
114424
66407
66407
83619
69974
114424
77667
84301
84422
88840
91178
101101
107938
114424
117181
126829
134083
139418
130656
142677
49838
46459
EOIIIEIA
120450
147181
114502
128323
129597
136565
136615
137214
146674
O
147835
100216
152518
157096
AUI
129828
109224
130353
EOA
AOUOI
106555
113115
AOUOI
113574
119829
122706
123689
126864
134109
134339
51826
86989
139112
UUEIUOOIUO
100216
94887
139925
104961
144315
144820
151347
52176
153611
156618
164940
168660
174899
130656
147181
184654
188454
86989
AUI
109224
193979
135564
AIU
86989
182821
O
86989
174312
EOA
167169
168845
174005
UE
176215
EOIIIEIA
142818
147181
114745
179829
119275
182995
192627
UE
186813
194592
202866
205167
205897
213255
220475
117941
48451
AOUOI
210112
217340
222981
226628
AU
220311
AIEU
114745
217565
224436
231317
232290
130511
241025
241695
243944
243962
248348
256600
262610
OUU
257388
258639
259336
118950
265194
UE
266107
271601
84095
146201
272874
281404
AAEOU
268925
115250
274056
102323
278584
288053
294802
AOA
118950
EEUOA
108538
259957
48451
267360
48451
267850
273968
279758
151731
90072
48451
EEUOA
AU
258158
260480
268182
143903
126052
277832
281294
285738
288309
100758
84095
289125
48451
126052
AOA
281462
283220
286830
295232
304814
124543
310267
IOOEUUEOE
286874
296223
73150
297897
299715
300060
130376
114342
301587
130376
301771
308275
142818
312965
73150
320651
323875
328756
AAEOU
56815
323018
326034
334240
343178
343194
350577
AIU
348240
351023
356058
360098
366442
108122
AOUOI
91995
AU
321014
321140
170579
324269
324522
118989
AU
114342
328310
134675
336898
339155
347069
352931
356026
363037
367459
137869
151731
108448
IOOEUUEOE
345015
353393
137869
68942
UUEIUOOIUO
150214
150214
125213
125213
153679
332309
340789
348541
114342
125213
353798
80378
UUEIUOOIUO
107538
UUEIUOOIUO
332097
108466
335913
339807
80378
347652
AAEOU
AAEOU
114342
340774
340796
143560
350331
353287
137869
125213
362622
371522
158731
IAIOUAA
180238
358585
366522
372077
377370
156811
80378
130422
384916
EOIIIEIA
369073
180238
378476
386697
393434
396496
159697
401191
402693
UE
131331
398969
406510
409456
EOA
113328
113328
AOUOI
114342
143501
IOOEUUEOE
147069
371624
375372
383479
143501
89101
391815
AUI
378916
108466
108466
AU
362786
368157
171336
373433
AU
140191
AIEU
352675
181765
171336
82862
143501
148474
358889
365402
370846
378468
387504
394671
UE
387415
AIU
383647
386283
393357
400343
EOIIIEIA
375413
381958
390604
394096
402959
409812
96500
411268
418635
425847
AOA
412854
IAIOUAA
394819
AUI
96500
380771
82862
386219
AUI
EOIIIEIA
UUEIUOOIUO
372686
158245
148397
378593
AAEOU
AAEOU
346717
AAEOU
346220
351395
361319
AIEU
360602
160426
370134
375229
380355
O
362100
368197
158267
179584
377437
143053
160426
160415
378076
378221
380336
151879
381309
381586
386117
390923
391641
AAEOU
AIEU
156789
AIEU
96500
327352
335330
337947
96500
OUU
315059
130782
322314
AOUOI
307313
314834
322371
328680
337260
213963
346793
347258
348920
154941
351640
352776
86277
164163
OUU
IOOEUUEOE
322189
187805
329334
164896
154941
154941
104836
330492
AUI
317313
326557
208181
327123
143053
AUI
155938
179523
OUU
301568
311046
313359
184396
322480
329759
331624
338524
OUU
342807
OUU
217010
92491
331618
339503
187805
184396
111929
217010
IOOEUUEOE
217010
322510
177456
184396
327743
O
315742
177456
317025
321332
177374
137327
EOIIIEIA
322835
184396
110000
201434
177456
O
208181
306721
313062
173564
186047
OUU
303652
151704
152089
307226
316233
320970
184396
327364
333011
334385
334748
344606
349321
AU
AU
330909
137327
335202
184396
AU
332583
340565
197397
154941
UUEIUOOIUO
191149
327576
337013
344889
354280
UUEIUOOIUO
202492
151704
184396
151704
217176
208181
344851
353921
173682
182011
137327
356485
208181
366467
369151
373536
OUU
351753
110000
184396
355328
183765
355569
210674
209154
210674
358455
AIEU
191149
145539
351450
UE
184396
152728
337110
346995
184483
182011
355748
358468
360097
361350
IOOEUUEOE
IOOEUUEOE
IOOEUUEOE
341462
AAEOU
184483
AAEOU
321215
124641
184396
191149
226213
184396
EEUOA
301598
AAEOU
AOA
197170
276122
284428
288075
220258
297386
305127
205212
178651
310506
IOOEUUEOE
313039
314045
226213
321314
322902
226213
330578
335940
EOA
213794
EOA
320697
329358
153250
180964
334249
341437
205212
348984
353513
124641
354830
EOA
205212
360142
369066
372530
378815
381033
386924
O
371030
371820
373789
124641
197798
375209
381378
173264
153250
384698
197798
385493
180964
153250
231038
392415
AOUOI
380736
387645
390580
398415
398582
242775
400273
151704
405240
409930
410866
420058
242775
421252
428438
438389
445803
452641
151704
459770
151704
464476
465921
468098
186448
471259
186448
475767
151704
485350
490773
494708
495397
504841
242775
125954
510962
511207
125954
213794
224565
513198
132510
132510
513551
151704
OUU
505020
170324
OUU
484761
485750
490495
EEUOA
463508
231401
132510
242775
465419
162513
233879
AOUOI
449074
452204
AOUOI
443778
447091
233879
450146
458119
459006
460721
155808
463755
UE
231401
453168
460535
463622
173897
252166
464341
198915
471148
474978
475831
480669
EEUOA
195798
470415
170309
472647
478784
484660
233879
491447
491938
196382
195798
493214
494743
497428
194615
499657
504697
511248
252166
AIEU
AU
498135
503976
511027
516321
516656
523390
198915
524005
530628
241383
537671
540549
O
534729
535876
173897
538084
540393
231623
545289
AU
546301
551350
560199
560878
216671
231623
168140
566125
215224
566677
575787
580601
EOA
567192
241383
159059
567571
572376
234120
199957
168140
582016
586160
593673
IAIOUAA
198915
574581
577603
583950
587421
594512
597269
597502
604123
604157
178954
608218
612920
617919
203402
O
234120
612180
AOUOI
162967
231623
588733
597293
252166
601037
AU
594674
599976
O
AIEU
AIEU
197299
AU
540476
542284
AU
EOIIIEIA
204294
AUI
250307
486351
254893
203388
492484
495263
OUU
493190
500255
143512
504323
505413
511552
514240
522941
527326
533709
262552
233533
537327
537588
EOA
218876
536235
174786
218876
539784
547166
551796
254893
203388
AIU
181972
530201
176114
181972
AIEU
233533
AOA
512320
222531
518286
233533
254893
176114
UE
196632
200460
269390
254893
493126
OUU
214028
466280
468147
207270
477135
269481
218876
196632
481010
490430
AAEOU
473658
482197
488461
498179
503383
506541
508904
509561
220837
515683
AIU
505795
170963
207270
197621
508877
197621
509029
237468
272520
UE
501980
506987
516826
182607
524698
IAIOUAA
504054
505563
505850
186721
510109
UUEIUOOIUO
505809
506521
260561
508517
226089
513821
OUU
512700
521187
269481
269481
527563
528263
531249
534988
543896
553289
170963
UUEIUOOIUO
189883
532634
538204
256804
EEUOA
516101
280413
520780
522311
272166
270983
150332
528924
534164
260561
539918
226089
193882
546470
150332
555346
226089
565242
572753
280413
UE
557637
561540
227168
150332
562820
567672
177100
574729
578725
AAEOU
568692
572574
576557
583886
587890
595620
272166
597993
606270
AIEU
592388
600284
600515
150332
150332
604247
605857
610494
273686
220672
257295
614284
623674
628516
257295
287036
631184
273686
IOOEUUEOE
610447
618341
177100
EOIIIEIA
596314
605745
606423
257847
177100
203620
611692
621545
AUI
617791
240248
625504
634443
641774
203620
AUI
AIU
613695
619460
O
264705
615011
260389
617374
618740
UUEIUOOIUO
614508
623389
UUEIUOOIUO
628929
630935
UUEIUOOIUO
623720
244998
625632
633750
AIU
IOOEUUEOE
AAEOU
234392
589477
289020
594560
O
253914
302380
172492
590730
234392
598094
213351
289020
599253
302380
264705
607779
253914
177100
612983
613136
O
IAIOUAA
596101
302380
605434
IOOEUUEOE
607651
EOIIIEIA
EOIIIEIA
600472
211621
179788
277875
AAEOU
579344
586604
234392
AIEU
574511
273419
576762
585423
282505
AIEU
AIEU
AIEU
255126
289020
551013
282505
558944
561179
221736
567849
309762
UUEIUOOIUO
563725
EOA
IAIOUAA
541172
550436
550897
560149
562915
268370
571098
577637
256296
580785
588117
593831
597119
604252
217735
607560
321843
610974
617162
UUEIUOOIUO
611131
234392
256296
289020
614951
308574
AIU
IOOEUUEOE
AOUOI
298315
AOA
321843
540010
272063
237379
291229
256242
277085
308574
IOOEUUEOE
518199
279155
214844
308574
UUEIUOOIUO
EOA
221784
495596
503726
513109
EOA
277085
517670
182774
522001
531019
535670
298315
256242
538286
AU
527548
528987
AU
272063
308574
533339
536703
542166
EOIIIEIA
545916
221784
551003
EOIIIEIA
554615
560997
236548
IAIOUAA
559729
560183
243937
UUEIUOOIUO
236089
557808
236548
560059
256242
566228
575306
581858
EOA
571570
573081
182774
270878
579724
213638
256242
AOA
272063
574574
583114
592449
600348
272063
249290
213638
287613
310360
270878
EOA
604342
612625
270878
286981
622129
AIEU
310360
IAIOUAA
301724
592587
595570
599130
603375
213680
311332
612274
AUI
600593
EEUOA
586885
592761
221784
602525
607965
609714
615897
UUEIUOOIUO
616296
617333
287613
286981
256242
318256
626106
EEUOA
617863
283059
624129
628374
256939
283059
256242
630720
AOA
620258
287613
190510
AOA
615684
318256
619315
624676
226416
318256
628101
330950
634907
639095
226416
645806
648515
655388
665095
671109
281715
281715
671851
681417
226416
686140
691949
262644
UE
318256
296270
286981
282393
282393
EEUOA
654739
661148
283059
662230
330950
664086
236089
672913
674560
684300
297466
AU
688546
695781
704477
704838
707094
AIEU
709193
236089
711031
714048
714323
717367
717940
721903
281618
256939
727545
730193
283059
334384
731041
301724
736350
742537
742891
221784
748076
750977
755290
334384
330950
763024
767601
256939
AUI
743909
291940
745955
298832
335177
749176
754264
266722
755374
758430
758960
768573
282527
330950
282527
775255
781758
786413
EOA
330950
238452
760019
EOA
AIU
735774
736670
746450
AUI
317689
727508
AUI
720122
726953
733567
EOA
718898
721291
728274
EOIIIEIA
271160
727052
727729
AOA
722759
AOA
721085
725124
731840
741492
745641
745897
EEUOA
737219
EEUOA
744234
283215
305143
751567
758273
767461
EOA
739391
214824
740692
325969
748500
749221
756774
762673
764033
293420
AAEOU
347593
756556
285924
326333
AAEOU
756148
IOOEUUEOE
739533
740903
749334
310422
758376
763591
770800
292646
258524
775126
AIU
758238
300769
274840
347593
766508
774863
247373
342217
778300
786192
795618
UUEIUOOIUO
258524
IOOEUUEOE
763863
310422
766245
330794
768687
250086
777561
AOA
759854
320043
AIU
764491
773651
774571
774924
775918
778734
310422
325969
784617
790181
796789
247373
IOOEUUEOE
214824
779933
297986
296261
305143
AAEOU
298109
259085
296261
758145
766944
AUI
221467
745996
347593
361203
275605
750342
754037
761378
312374
764193
298109
766450
776057
221467
221467
AIEU
760105
763660
361203
AU
737142
744224
751240
754392
EOA
740424
747259
754997
306392
UUEIUOOIUO
735020
741180
364763
IOOEUUEOE
319423
364763
740410
747766
282427
IOOEUUEOE
275605
751259
AOA
733050
OUU
704985
705918
AIU
O
275598
675086
678547
685468
687240
690889
700492
368946
707795
275598
709513
712095
714157
714357
716700
726041
728578
321431
730048
AOUOI
711276
721125
729593
326229
286109
735864
326316
745692
746473
754134
763749
771951
780450
783308
255913
785202
793337
796176
326316
802960
806918
368946
813528
820920
AIEU
376621
UUEIUOOIUO
UE
742566
748146
AAEOU
740008
750002
753093
O
744058
334399
EOIIIEIA
374992
334399
740149
741453
AUI
728286
EEUOA
IAIOUAA
704096
711147
720920
270089
384087
AAEOU
711994
AIU
713825
302680
329506
330358
715075
270089
723077
731169
329032
735715
741738
750226
384087
756434
329032
763811
329506
284468
763904
344215
769477
342133
776332
340537
783432
784564
O
254251
772478
781717
787221
340537
788590
344215
795258
803212
382703
806890
808344
815960
352861
816413
EOA
302680
793974
796267
312494
802692
805490
815068
822307
830551
837478
312494
838433
846281
854579
857210
859318
330358
860177
AOA
834805
337829
353153
AIU
339170
821476
312494
824587
352861
341926
312494
834496
254251
339170
312494
835323
838630
EOA
838964
385603
EOA
839201
302680
841662
355947
849721
344216
353153
382703
857617
864220
868771
344012
873233
272482
EEUOA
AAEOU
389752
AU
345298
389752
360194
AOA
836475
837655
EOA
362522
360194
353153
360194
837459
841197
849297
EOA
AIU
827483
835430
AIU
360194
338684
389752
362522
833498
834870
836031
837746
389752
842089
852037
360194
854740
863656
391351
EOIIIEIA
849865
312494
338684
856389
866044
866503
354466
342416
OUU
846932
855460
860958
OUU
857754
863848
868253
874946
347726
340537
875702
AU
867880
873681
AIEU
871478
254251
881216
890182
342416
314721
UE
878309
882648
889241
320849
UUEIUOOIUO
323291
884870
892239
AOUOI
881439
EEUOA
AU
840797
843121
374785
844862
264466
850240
853121
AU
850932
851178
853820
299643
862539
865763
347726
384345
867814
873534
875802
884303
889147
346575
IAIOUAA
862574
358792
405407
AAEOU
362269
350270
309319
292037
406070
846767
AIEU
840938
347726
389913
849511
AU
836149
836574
329764
408962
844027
851942
855040
UE
IAIOUAA
266973
397681
323291
810884
374296
817633
827038
836564
843025
OUU
375279
329764
329764
842588
848471
852303
854876
AAEOU
433040
836312
839257
IOOEUUEOE
403951
834274
836584
316825
840544
AUI
416623
833940
416623
843108
843915
266973
846162
397681
397681
298407
852270
266973
858765
862208
868753
361869
345351
875226
881094
345351
885183
345351
298407
364708
O
883499
891363
895155
901891
AOA
364708
IAIOUAA
872211
880279
880408
351622
364708
AIEU
EOA
363322
433606
363322
359283
842635
851920
856587
AIU
OUU
OUU
433606
363763
820123
397681
820581
828881
UUEIUOOIUO
363763
833233
305191
838115
843793
844933
845523
AU
400422
845904
356814
851235
AU
846953
338263
323282
362122
AIEU
842706
845517
O
394797
362122
829436
837033
840697
841778
433802
316812
OUU
816791
364708
407675
818482
818663
824876
825905
338263
828512
UE
383422
812262
818651
407675
370570
825147
EEUOA
825167
407675
343214
829190
433802
IAIOUAA
433802
AIEU
809517
816741
824524
AAEOU
316812
804843
390470
378388
806363
813406
362905
823057
826215
831999
407675
EOA
811176
813466
814716
819220
821556
827812
363865
392168
831331
832336
AOA
407675
810903
817282
818079
407675
820652
824486
829284
378388
833649
386674
AOA
806536
UUEIUOOIUO
786922
789240
792125
801525
395974
809003
434975
813699
822420
823243
UE
809238
814303
819313
372183
IAIOUAA
320490
791321
372183
794376
399407
800269
802976
414602
414602
809635
394972
IAIOUAA
EOIIIEIA
760024
768746
470766
EOIIIEIA
765024
772590
383875
329899
779958
788989
399407
416656
792982
794479
799321
IOOEUUEOE
EOA
761805
394937
771784
IOOEUUEOE
450829
423180
358410
333188
756660
470766
414602
423180
763065
765821
769316
774697
352701
352701
352701
470766
775628
470766
AAEOU
760886
764115
AOUOI
741294
403320
O
727170
736250
742331
744385
333188
400879
748962
EOA
723432
400725
726313
727398
731585
741434
EOA
418945
741989
368218
744657
748692
UUEIUOOIUO
744649
750277
752581
759114
427772
AU
737146
745021
746086
748504
420665
302417
757751
757917
302417
765640
769731
438282
777170
438282
787131
787781
395434
796032
800873
470766
IOOEUUEOE
O
755517
762448
394175
463953
403949
764403
772249
779155
O
436007
784814
AOUOI
AOA
763978
771886
384044
363365
413872
AOA
773990
417942
UUEIUOOIUO
772157
772781
AOA
773221
OUU
773057
782184
786765
788837
791288
IOOEUUEOE
O
772156
778476
779442
783156
783464
789031
790468
797607
UUEIUOOIUO
792648
801100
AOUOI
795185
795546
475199
798513
460786
404718
460655
AIEU
789148
392886
793086
AOA
460786
O
AAEOU
734369
IOOEUUEOE
OUU
407891
427623
723020
314730
UUEIUOOIUO
319612
699640
AU
686743
689487
697572
OUU
696290
481694
AIEU
698539
O
UUEIUOOIUO
668032
678027
413101
683826
693803
442411
EEUOA
688672
690925
478591
696473
705546
AIU
692125
696709
UE
679232
443931
686751
381256
AIU
IAIOUAA
662141
338055
662328
666459
423145
434842
672466
675576
682694
685120
495163
324116
687221
695365
696171
IOOEUUEOE
682001
690670
478591
AOUOI
668628
444046
669135
389784
451697
416620
669802
433962
338055
675182
684394
690621
690634
441900
698741
481813
483187
435302
IAIOUAA
UE
656864
661317
661632
662525
668517
429524
452767
675129
EEUOA
647685
654163
492731
452767
EEUOA
331499
655020
495163
656636
OUU
AUI
613570
615898
624404
459065
629664
639566
647316
347455
411965
647463
653761
482151
663123
429524
EEUOA
444406
658047
661476
426289
UE
637882
646128
649476
651814
EOA
497061
471144
IOOEUUEOE
627297
464694
OUU
495487
605133
352760
506009
OUU
602796
448369
449900
UE
499156
EOIIIEIA
EEUOA
448369
568359
575831
578506
578764
445735
586448
593276
500221
484819
EEUOA
575165
AOA
AOUOI
550089
AOUOI
EEUOA
490423
509641
526268
518543
526268
525105
526268
525743
UE
523433
442933
523912
O
516050
519393
526268
484819
523848
484819
490423
UE
528914
464694
535472
542124
355178
545398
442933
449228
550204
AIEU
490423
490423
UUEIUOOIUO
512950
466464
514144
466464
518691
506267
525760
484819
530448
466464
531408
526268
541042
EOIIIEIA
538857
EOIIIEIA
OUU
483994
514694
516153
457672
525889
534913
538952
542217
366063
547426
552409
AOUOI
544336
366063
551924
559762
476195
568124
531118
483994
490423
AAEOU
543321
550655
560226
456232
565412
572202
466464
574112
AIEU
568213
508771
577958
464694
AOUOI
566686
466464
AAEOU
AAEOU
549125
551225
555074
503603
555328
565089
565370
565550
465007
569931
570818
503603
579963
464287
483994
AAEOU
577273
583253
586177
589772
596301
IOOEUUEOE
AAEOU
567575
464287
456232
535705
577356
AAEOU
O
569356
AOUOI
360312
567341
577301
579090
366063
AUI
569950
461339
490423
574436
577263
584899
366063
UUEIUOOIUO
568223
572078
461339
491672
572525
491672
AOUOI
573729
AU
456899
564380
574151
AAEOU
EOA
549695
549977
451080
491672
553785
558904
493106
539787
491672
567600
573317
579789
582833
587600
491672
597471
604377
609548
491672
490738
614571
480226
615385
484762
618644
622782
629025
AIU
AIU
592840
AIU
369269
600378
AOUOI
480899
496740
575383
576221
583090
585608
539787
539787
490738
498093
586525
594544
602464
480899
AIU
598656
494124
608064
474834
375567
499622
613947
534378
372844
620417
628315
490738
635348
480899
639628
644987
539787
496740
480899
EOIIIEIA
639407
499622
AIU
619408
381253
494124
626810
633708
635507
641342
649369
381090
658613
659646
660530
666025
675210
494124
AIU
499622
OUU
EOIIIEIA
AIEU
622858
OUU
613291
481537
494124
620269
AOUOI
621938
388370
IAIOUAA
602149
603452
559194
490738
AAEOU
AOA
581691
559194
AIEU
500776
562769
AAEOU
556352
563819
518222
512979
542890
555981
512979
570702
496386
AU
567824
570091
573632
O
549194
471473
555921
O
560709
540262
565406
555981
500776
EOA
562021
565596
568403
AU
AU
IOOEUUEOE
525758
526189
535836
545517
548517
577488
557458
566934
570460
575848
580916
525556
588257
AIEU
571239
549833
EOIIIEIA
EOIIIEIA
EOIIIEIA
511538
513905
500776
515885
408060
518346
525216
492830
496224
545250
496224
532807
496224
537427
542784
482652
AOA
529734
530969
540174
537903
540343
546856
AIEU
532362
534411
545250
541162
544042
549179
475068
557962
OUU
549552
541375
482704
544799
514285
549222
552343
482652
546856
482704
552810
556107
546856
565294
568572
569396
573556
580469
IAIOUAA
500710
518429
IAIOUAA
AOA
546856
514285
569187
504518
539043
541989
551299
560959
565183
482704
569184
578435
583920
497678
586843
587974
552859
EEUOA
489136
520757
OUU
550563
554011
560034
504518
569187
569187
520757
EOA
549211
491329
550354
557026
562134
566562
AAEOU
AAEOU
527536
504518
589528
530689
EOIIIEIA
517877
521828
528149
505075
498979
AOUOI
502606
507384
AOUOI
512928
589528
488820
433595
EEUOA
483485
433595
487094
571516
495740
503828
510769
527651
IOOEUUEOE
485935
492848
500548
502748
506687
508154
AAEOU
430291
589528
AIU
EEUOA
520757
473797
478293
478895
566144
479199
UUEIUOOIUO
527986
EOIIIEIA
588321
EEUOA
434557
520757
435349
444075
453805
533177
592111
453479
463587
469707
UUEIUOOIUO
UUEIUOOIUO
462847
464856
587673
470846
471598
479234
484335
430291
O
475036
505050
543873
AAEOU
598686
EOA
518008
IAIOUAA
453479
AIU
417829
424811
537134
UUEIUOOIUO
AUI
543873
608457
569887
384517
514738
439972
538699
UE
379180
608457
379787
384693
390279
399735
407558
410982
419443
UUEIUOOIUO
418118
514738
453479
428113
538699
566702
437436
441737
514738
446251
542491
446831
453479
608457
456480
453479
457677
459582
527286
527508
467787
489336
472782
476747
478858
UUEIUOOIUO
485450
543873
453479
494120
453479
AIU
543873
542491
600228
453479
453479
490998
495687
527286
504914
538699
620854
511980
513207
AIU
514364
494261
518998
AIEU
AOA
537117
AOA
501147
501345
608457
509537
513496
620854
517590
522888
530268
537319
544222
AU
UE
AOA
518440
607912
528229
EEUOA
607912
504101
AAEOU
O
460028
469578
466653
471872
AAEOU
559554
AIU
UUEIUOOIUO
417314
421542
427202
429073
AIEU
542588
420004
551929
427814
428630
619218
435311
AOUOI
OUU
406413
413560
579074
OUU
388608
558842
389270
EEUOA
370717
380552
566702
535718
381825
559554
566702
UUEIUOOIUO
570497
626130
361375
371111
644348
EOIIIEIA
371506
OUU
355637
363800
371633
508379
O
566702
570497
356017
508379
OUU
335255
340086
IOOEUUEOE
320404
585075
649033
326097
328774
330823
649033
586663
335737
338519
340684
348039
670586
EOA
649033
343659
347486
UUEIUOOIUO
635901
560581
474593
EEUOA
319121
553080
635901
319237
329232
332565
333283
587860
587860
AIU
474593
589971
560581
306092
474593
474593
AOUOI
288236
295587
298985
IOOEUUEOE
279263
551375
284571
290771
517049
299289
639468
IOOEUUEOE
AAEOU
580326
564271
277487
277977
AAEOU
477899
259060
260002
UE
244455
251074
258165
661181
259485
263548
553080
AOA
235128
235693
236898
564883
244026
AOUOI
240279
242028
OUU
222083
225213
566235
229671
231585
231934
234699
240561
571007
647033
593930
553080
249766
254820
UUEIUOOIUO
594389
242803
249002
249084
250644
586944
673923
AOUOI
661997
661997
240426
AOUOI
219546
470856
220025
594389
224087
729140
228218
647033
593930
594389
647033
235256
241972
673965
244101
565335
250319
252849
256604
IAIOUAA
673965
247209
251213
OUU
594014
241630
250932
256988
262717
661997
264231
594014
OUU
EOIIIEIA
647033
O
225484
235097
235137
501840
238718
246000
252512
522137
262414
594389
AUI
238812
245268
254419
262541
264765
270212
EOA
587929
257584
263267
OUU
684714
254332
647033
AAEOU
244476
570365
570365
253360
481939
678327
254930
262647
272452
282174
285852
287789
685279
570365
296872
299060
AIU
769637
EOIIIEIA
502629
AUI
250029
572564
UE
AIEU
686112
568149
AIEU
568149
202786
212667
219920
225468
228964
238464
570365
IOOEUUEOE
EOIIIEIA
579914
223840
536453
778842
615429
518482
228909
229223
234329
518482
615429
UUEIUOOIUO
211468
217945
AAEOU
199040
208756
211769
780356
526418
610195
220252
226532
570365
691417
227750
536453
234827
621504
242333
780356
242774
249516
258968
260784
261060
265136
272070
274969
276772
526418
OUU
589816
251008
260426
OUU
249396
252736
IOOEUUEOE
AU
196926
205109
800637
EEUOA
610195
AIU
179356
186905
626696
191307
196685
202730
209366
EOIIIEIA
572606
211146
572606
AOA
572606
209665
EOIIIEIA
626696
199749
207528
555969
214862
224415
UUEIUOOIUO
208078
EOIIIEIA
207809
OUU
206104
211021
211459
517095
218249
626696
219137
223210
O
217035
218039
224569
231302
235279
610195
241393
241692
576446
OUU
227019
229383
576446
239124
246426
EOIIIEIA
544460
591647
630356
UE
235397
549427
525578
576446
237882
246468
256226
576446
261407
576446
262798
270002
817124
626696
817124
UE
270713
O
626696
587971
525578
265400
555969
626696
274006
641930
281533
290476
817124
613208
727321
291391
AOA
279116
637098
286933
650326
667030
287142
287198
AIU
276137
280982
282080
EEUOA
613208
EOIIIEIA
527381
253098
AAEOU
253106
257866
266385
555085
275609
284176
AAEOU
291291
293425
295296
297539
597322
825307
597322
305623
EOA
AIEU
527381
296002
299001
304452
307735
UUEIUOOIUO
717358
299047
593407
618779
301430
309599
673211
IOOEUUEOE
641042
310887
673211
IOOEUUEOE
316365
736200
AUI
309992
AOUOI
296552
305110
314727
EOA
659150
299082
644877
306044
717358
AU
292312
580082
717358
293654
629966
IAIOUAA
IOOEUUEOE
284049
286592
295289
304046
313919
315239
631190
596450
315344
322657
AUI
831834
303346
EEUOA
EEUOA
AAEOU
302037
307781
AAEOU
311849
630949
666452
314459
317492
319976
327775
333250
EEUOA
322901
332506
EOA
727116
580082
321883
EEUOA
315283
O
O
294391
O
636156
597841
298541
302005
309473
597322
315730
AUI
747121
298651
305767
636156
846325
308468
313401
315320
316292
727172
595732
562366
IOOEUUEOE
639796
O
291159
300831
302074
AU
IOOEUUEOE
261758
846325
597322
747121
271474
276048
283901
291167
AAEOU
283218
288660
696531
297342
AIEU
640610
AU
AIU
641667
AOA
257598
266202
275960
284742
293062
300091
304348
307870
UE
641667
607346
282563
283411
544438
287609
296619
591933
299480
304122
UE
711989
590774
OUU
847405
609143
276374
278699
711989
OUU
AIU
256543
609143
260031
266798
273974
274860
276674
276924
544438
285933
286655
755878
609143
296334
304480
313652
315702
AAEOU
300864
305448
UE
294407
O
684829
O
283284
292595
295736
300111
643928
UUEIUOOIUO
649022
UUEIUOOIUO
866693
O
644368
273990
274440
280614
284520
285769
AUI
277518
277722
667971
593477
283205
291419
AUI
667971
615721
593477
AUI
269605
276174
281617
632914
287161
294708
294722
295686
298113
700219
789210
667971
299632
700219
300179
723759
300391
789210
301410
304724
314472
EOIIIEIA
297786
300258
303189
737019
304112
306417
312863
632914
314687
644368
318644
318816
AIEU
EOA
284792
289503
658780
291067
295453
667971
300005
AU
273131
AUI
802268
266540
267292
652688
277261
EOA
251551
251938
627767
AU
AIEU
225489
228572
601649
IOOEUUEOE
213450
220563
595802
229809
IOOEUUEOE
232267
AAEOU
230102
UE
209933
AAEOU
872579
AIU
162251
700403
167398
AUI
700403
700403
145114
592089
146161
764286
154292
AIU
146877
154279
EOIIIEIA
131442
133301
616518
140628
144962
671248
149178
150290
643433
155454
592754
162470
164006
795486
557999
716643
700403
671809
168136
592754
592754
631493
AOA
650565
154930
157160
164588
618082
716643
AU
151242
707123
707123
160700
162104
169289
172671
177880
182667
620070
185150
186735
795486
654136
187982
AIU
185470
764286
188861
764286
196190
205493
207621
624211
208973
AAEOU
716643
195787
823006
204384
213892
823006
215980
220513
AAEOU
696199
220560
618082
223767
AUI
603204
222963
224511
228220
OUU
215423
654523
225401
767369
228482
228954
234277
643999
643999
OUU
654523
767369
AAEOU
209150
213492
219522
223257
710372
230543
233315
242085
244728
250496
254512
258610
263109
795486
894980
716643
268848
624276
894980
272778
566387
275289
281057
284078
288038
AIEU
283650
655297
287662
296215
AIEU
272715
566387
IAIOUAA
254446
626148
798828
845989
717421
256766
262301
263652
643999
700329
273256
UUEIUOOIUO
800877
845989
607629
256084
261774
700329
270472
AUI
572578
845989
656882
EEUOA
231901
235424
235755
EEUOA
236887
610112
UUEIUOOIUO
IAIOUAA
209693
219561
229073
229294
EOA
688297
225204
228949
230880
UE
706589
807195
688297
221364
230365
EOA
EOA
216971
688297
706589
220955
223735
OUU
197049
206247
688297
710372
214373
712353
610112
223442
627500
EOIIIEIA
712353
201386
205078
207850
215294
223766
233447
816024
655806
241658
656059
816024
UE
656059
681320
614128
233870
816024
242497
250848
255139
712353
260940
265865
580610
580610
580610
274737
283511
290942
293701
297758
631999
304594
614128
311335
316686
322513
322876
655806
327036
655806
816024
661183
UE
EOA
304781
308438
665113
314595
688297
688297
323622
AAEOU
312595
580610
317774
324285
324396
327155
580610
691449
IOOEUUEOE
310979
873339
318865
710372
IOOEUUEOE
297168
AIU
280908
288790
580610
UUEIUOOIUO
268950
AUI
658676
259632
907000
691449
651115
264354
623996
AU
741291
244562
249961
258149
672670
260911
264715
271968
272148
907000
280717
280767
AUI
275078
O
251830
670096
257990
265525
751629
267362
269388
272356
691449
632468
277609
IAIOUAA
265987
272829
875151
670096
277500
730747
278655
IAIOUAA
UE
265411
EOIIIEIA
241500
247625
251811
252949
253885
261391
685946
267531
271633
274056
AU
EOIIIEIA
224091
875151
AIEU
714861
675599
691297
210013
603420
875151
217983
221193
227757
675599
768055
875151
UUEIUOOIUO
UUEIUOOIUO
209683
215995
643556
225483
833617
830819
232650
731785
232695
IOOEUUEOE
231212
232985
UUEIUOOIUO
221546
OUU
875151
211568
216637
219882
O
214162
214291
830819
220573
659352
O
225073
230186
745982
670096
689344
O
735897
EEUOA
208144
209187
212069
214025
717623
875151
220214
222722
610723
226376
233185
735897
240193
243709
250850
659352
659352
735897
670096
732924
251609
717623
691297
OUU
222470
230860
693323
659352
234783
235743
830819
244919
245288
254641
AIU
EEUOA
649761
783317
622153
668285
215816
622153
693323
218206
853400
224981
693323
713382
670096
EEUOA
693323
783317
233559
742993
242376
245109
AAEOU
875446
236319
EOA
220255
226644
653863
226927
227979
693323
228995
229595
238084
631332
241958
242638
243495
668285
AU
693323
939139
AOA
227091
228555
IAIOUAA
219191
668285
224642
233205
653863
631332
631332
234540
752726
716961
749305
AAEOU
AOA
215329
EOIIIEIA
886089
EOA
660145
192897
202716
757514
210080
213591
221452
EOIIIEIA
209177
664199
735124
209642
762067
631332
675172
865241
214844
224721
631332
230069
631332
716961
664199
230161
886089
231522
238840
716961
240682
246846
251710
255290
256532
260747
746104
673354
263399
718856
271140
280794
281736
286915
291007
296627
302109
308217
309106
315506
324444
EOIIIEIA
762067
735124
EEUOA
762067
886089
830819
306911
EOIIIEIA
282593
285102
292800
890012
EOIIIEIA
865241
709751
738778
286253
746104
293621
296523
EOIIIEIA
762067
281803
287424
675931
718856
295705
303744
691404
313677
315778
746104
319314
327162
865241
718856
830819
631359
330719
338078
801607
343061
OUU
675931
EOA
309945
767529
314317
749305
741511
322468
679243
322772
332500
746104
AOUOI
720477
329226
679243
UE
306619
310564
UE
AIU
306122
AAEOU
AIU
788395
637748
262683
906122
271259
788395
274856
843634
278867
AU
OUU
977906
866381
718240
260049
261337
718240
270041
OUU
O
264891
270612
271624
279264
AOA
675931
AOUOI
243500
758527
718240
247285
AIEU
232685
IOOEUUEOE
211186
214001
AIU
853910
191546
198979
722999
866381
UUEIUOOIUO
184491
694099
189450
199078
AAEOU
183949
753276
762166
AUI
181827
182535
187993
722999
194793
196525
202560
211848
216818
706186
AOA
753276
216148
219291
224578
EOIIIEIA
202856
210460
990713
928149
803479
863859
219060
225669
AIU
205770
723496
213192
746147
216297
218067
723496
746147
876221
863859
876221
803479
223436
EOA
723496
829564
198582
199112
UE
196246
196452
203430
209857
AIU
AIU
AIU
649434
192174
196160
205131
211587
219892
702783
1001767
225421
230620
236806
701007
702783
OUU
223992
230595
O
232340
239748
723496
EOA
EOIIIEIA
205957
210337
IOOEUUEOE
726840
192797
194132
198629
778638
198804
AUI
EEUOA
935652
173646
724161
754017
176590
723564
724161
649434
896961
896961
179752
188878
188900
724161
OUU
179116
723564
832379
184903
189132
192518
896961
193990
796605
195528
832379
778638
202831
IOOEUUEOE
187168
190916
191575
754017
863859
832379
AAEOU
IAIOUAA
1012676
863859
169368
803214
896961
171138
178436
732503
708979
182108
UUEIUOOIUO
AOA
152691
157823
157950
AOA
743165
161296
167748
952665
170929
174080
AIEU
147932
151405
650987
O
139794
952665
760473
650987
147570
870395
151602
158419
159834
1012676
165313
167140
EEUOA
144849
152347
154183
746974
158328
715957
167055
829470
176698
768554
177958
768554
180882
715957
185718
186777
195339
195364
879335
196166
853613
UE
UUEIUOOIUO
171031
650987
747837
171936
783049
715957
179429
EEUOA
879335
158265
167738
784521
715957
172015
174190
879335
AOUOI
853613
OUU
138421
739109
138577
OUU
888851
AIU
131173
132707
134042
AU
106426
107315
109413
IOOEUUEOE
91381
99389
108915
112970
662470
892002
119092
122446
752840
1030482
855449
662470
126829
130986
791953
AIU
101906
110546
839073
120504
125313
132962
839073
137632
730974
140731
OUU
791953
128559
730974
129819
135252
865365
140700
AIEU
962887
135925
140204
746607
145967
924720
746607
896902
147121
147831
AOUOI
839073
144912
150460
IOOEUUEOE
AIU
962887
AIU
748045
1046537
110156
AUI
747642
AUI
88073
90086
97984
107887
112024
924720
767044
760616
113980
751955
120792
EOA
760616
122681
131343
138512
143096
149809
155945
159360
767044
767044
166237
171256
175886
925100
962887
EOA
182440
183526
AIEU
159787
767044
163314
170571
179949
IOOEUUEOE
160659
161193
925100
794357
166956
169013
752986
918829
169995
176617
UE
177349
1051970
UUEIUOOIUO
176650
181981
849247
182013
752840
186535
EOIIIEIA
758388
748374
170588
177387
EEUOA
EEUOA
169207
767044
173739
182898
189417
EEUOA
192494
752986
198597
201671
AUI
938969
812960
178861
179444
188519
776163
195047
198257
198721
208597
925641
UE
188209
962887
193699
832789
196827
849247
200524
206772
208880
IOOEUUEOE
938969
O
164583
170332
856124
868690
837808
753457
172703
762763
868690
176326
179871
180993
188314
196853
762763
UE
185019
UE
IAIOUAA
180626
966302
OUU
181757
838790
185306
190489
192895
198685
202113
OUU
AAEOU
201099
838790
202558
206895
776163
207832
838790
762763
753457
214782
765010
812598
221901
227361
233502
241945
812598
242017
812598
243360
245588
245958
938490
774213
250638
774213
252236
259354
268308
765062
275003
762763
278500
856124
281300
774213
286977
290280
292944
302730
303832
310952
317072
684506
AOA
856124
317304
324145
330729
333450
AAEOU
336179
944609
336372
340381
344598
345110
350016
352561
356676
364072
765062
UUEIUOOIUO
821622
684506
346680
UUEIUOOIUO
971840
352782
360059
765062
364728
368226
369361
817120
379316
IOOEUUEOE
IAIOUAA
350476
353061
361506
943022
362869
364569
370492
UUEIUOOIUO
369734
1069252
376426
774085
AAEOU
817120
943022
377855
821622
377984
EEUOA
EEUOA
365569
368978
376012
382574
390685
396329
399205
EEUOA
403327
405638
412603
417874
426337
428209
859115
762763
432640
AIU
821622
AIU
417283
421312
777213
421769
UUEIUOOIUO
407132
1069252
EOIIIEIA
397615
1069252
785198
EOIIIEIA
785198
779584
392252
975050
AIU
373113
378568
385070
385498
388480
395442
825245
IAIOUAA
866436
385278
1081905
777502
OUU
EEUOA
330628
846352
783932
337364
777502
341457
342974
955323
347567
955323
789608
351436
359223
363920
704701
783921
EEUOA
364576
366575
AOUOI
346223
353236
IAIOUAA
355473
889649
359957
368862
372911
866436
825377
376729
982169
982169
385217
389878
396985
786871
400452
889649
IAIOUAA
398516
400137
405447
AOA
716226
797649
396479
401620
AOUOI
IOOEUUEOE
AIEU
357153
361649
368682
371171
971677
AAEOU
366263
971677
960229
368137
IAIOUAA
798681
350096
352414
357018
363473
AUI
358150
986796
361373
723067
808852
723067
368332
900227
372546
382371
385614
723067
835674
864927
864927
387102
978954
1088046
960229
867571
986796
867571
387896
864927
391349
392543
900227
401222
792614
1088046
407203
800194
792614
416444
777502
864927
UE
405620
412021
418942
835674
981539
426795
IOOEUUEOE
865575
419897
420225
425352
432520
723067
835674
434404
800194
EOIIIEIA
907850
792614
420215
427235
431164
833822
812134
792614
965824
UE
1088046
429062
835674
433792
439431
723067
AU
994306
803727
434962
EOA
436714
965824
EOA
424733
IAIOUAA
UUEIUOOIUO
382436
810692
798039
842772
388817
393901
398636
405434
797045
410684
797045
417416
421258
866290
723067
421464
425130
997474
IOOEUUEOE
399674
404897
406393
406654
724860
409345
414852
418864
805649
425495
999633
788436
812134
871943
999633
788436
430173
431865
IOOEUUEOE
924798
994306
429344
430851
434790
788436
441340
445583
994306
453090
453525
461113
724860
467048
AIEU
877249
451983
AIEU
845719
455723
458591
842772
463753
465079
997288
467841
EOIIIEIA
1088046
EOA
O
986812
401571
AUI
399836
986812
997288
1018588
932363
407809
AOA
400603
403283
408749
414829
797045
797045
417888
815040
UE
AOUOI
AOA
373457
377868
986812
379135
AIU
1096534
825716
367072
OUU
822436
354146
357961
AIU
1023467
939885
335409
337960
345439
347632
829395
800186
354312
358603
AOUOI
857404
336029
AIU
AAEOU
313427
319398
320858
325729
334992
342841
346780
354568
359049
AUI
334216
337686
758612
340838
349153
AIEU
338580
344784
EEUOA
317248
325351
IOOEUUEOE
318394
857404
759121
327371
AIU
UE
283301
291845
AIEU
279337
818947
279416
860921
860921
281124
288428
290710
EEUOA
869803
292430
298224
305041
EEUOA
302241
307755
311588
316119
318169
322771
854567
869803
331534
1103210
339049
341489
AOA
857579
328534
336868
869803
909152
1027710
341783
346579
356540
360647
365422
AIEU
860921
AOA
UE
332828
332832
EEUOA
312810
316445
323064
331372
337906
826750
344112
345651
1018110
354898
364044
365441
1013301
959219
366615
366944
370943
378428
378772
384978
388768
392252
813748
872565
395159
846967
397585
403338
AAEOU
872565
1027710
1027710
391089
392196
UE
1019381
OUU
363433
AAEOU
341325
346733
763799
1116984
349972
358948
360549
878416
862677
362439
AAEOU
366196
367184
AIU
AAEOU
343175
963197
352177
361596
365103
878416
868648
370145
1026645
832852
379792
868648
389105
395152
763799
1027710
832852
403649
1116984
823818
412464
412695
415359
926859
832852
926859
OUU
854595
EOA
821536
1120923
OUU
O
335121
830513
340403
342950
UE
345785
349958
880571
AUI
333188
830513
342475
351719
355546
358355
358719
363763
1129026
912884
912884
880571
769116
982702
O
353645
356171
356729
359733
366396
AUI
353893
987247
1133557
361506
880571
837333
368534
371399
854595
379200
383114
EOIIIEIA
AUI
769116
355668
359379
769116
360864
365784
883675
1032935
941768
842364
375367
880571
912884
941768
383287
390478
829332
O
377328
386887
O
393418
395450
769116
990236
399451
408813
413282
418103
427222
430384
1135997
431667
1032935
438282
990236
AIU
411096
414929
1037450
831711
422737
432087
880571
435261
436140
912884
902775
441334
447311
831711
448253
451878
854595
880571
AIEU
1027710
1036570
442471
AOA
421774
854595
424569
AUI
1001976
409129
1036570
418047
426381
427973
427998
428951
434418
IOOEUUEOE
OUU
417781
425948
427664
429257
430969
436654
441499
884570
1053652
444733
452306
455088
461397
1137091
468743
884570
884570
893190
476968
955330
921544
486322
1036570
IOOEUUEOE
1055253
467460
1005560
UE
EOIIIEIA
464913
1005560
465028
AAEOU
903763
439330
AU
421537
423293
429171
433237
872573
1014979
1143295
AIU
1041612
937415
418512
421190
884570
422505
430282
845992
437886
964145
441979
1014979
875237
448881
456256
456399
465555
854023
964145
1064566
474913
477556
899237
1143526
EOIIIEIA
468849
937415
1020261
UUEIUOOIUO
783628
460628
1041612
1041612
EEUOA
EEUOA
448131
451635
899237
UUEIUOOIUO
451758
456316
964145
1041612
460644
469311
474105
480695
480884
487301
496260
1037877
891926
504546
511779
521497
937415
855896
526579
899237
783628
IAIOUAA
502496
IOOEUUEOE
OUU
855896
497139
1157181
OUU
494637
897595
1159985
1048275
1048275
EEUOA
AIEU
855896
475570
853605
480271
487698
488729
855896
495661
498993
944443
499177
AIEU
884570
498631
505617
884570
908785
1072808
512517
783628
514217
1053471
EOIIIEIA
1020261
497082
UUEIUOOIUO
EOIIIEIA
481668
488854
495888
498871
AOUOI
486071
AOA
1164811
903763
792098
944443
471620
903763
477321
481511
487952
493934
IAIOUAA
489526
497390
792098
502238
510557
1020261
899237
903763
908785
1062590
1020261
IOOEUUEOE
506795
510740
UE
496025
502228
509189
511375
908479
511414
516739
864695
908785
UE
519719
887732
527885
533338
533823
542329
976354
542448
547242
792098
550135
557987
558600
1020261
568558
908479
569709
UE
908785
578762
1020261
UE
558869
560390
862259
566028
567688
577494
891751
AOUOI
575831
1053457
583964
593074
595898
AIEU
1053457
798030
798030
577284
577508
579122
EOA
573208
1070924
577109
586671
595669
597307
1023886
604195
AOUOI
UE
O
1084976
1070924
864695
573308
888674
580637
O
O
552864
893344
809625
1033074
554704
556517
560068
560430
938329
921913
568924
876862
O
888674
572561
809625
1070924
573948
AIEU
557116
893344
IAIOUAA
534432
1175619
543605
983188
1059881
893344
1070924
AIEU
888674
539446
EOIIIEIA
528633
532804
533700
537446
879540
990792
542711
888674
965183
AAEOU
526502
529713
537186
IAIOUAA
523084
531821
534474
534761
536359
EOIIIEIA
535592
915854
543051
AOUOI
915854
1037337
522246
AOUOI
903705
1084840
903705
888150
524714
524792
1037337
1084840
929463
530052
538697
AOA
EEUOA
524808
EEUOA
499718
506879
888150
513528
IAIOUAA
AIEU
AU
469593
474507
UE
902518
AOUOI
OUU
432941
439443
445636
AIEU
443547
446309
446895
1042995
933823
1085142
455520
457185
465815
915854
O
455672
460888
895886
OUU
AU
OUU
915854
399342
AIU
942142
AOA
915854
372218
375500
942142
1071059
383227
385591
388927
391836
393336
398731
402738
409939
1125465
1071059
416485
1051940
980933
1088729
1051940
915854
907092
420014
422559
429218
438351
440596
447429
1125465
450817
AU
429671
439633
EEUOA
830038
AIU
404372
AUI
379307
931773
385851
386266
387856
393715
400906
403505
409782
415545
420212
425204
428938
430842
EEUOA
1020656
423043
428833
438278
439605
441491
1076697
447478
1020656
452796
1224673
460261
465358
IAIOUAA
918797
441777
EOA
421176
423373
AOA
AOA
395523
916230
960652
924510
404187
409742
411394
414370
1031642
1078697
417015
1078697
419387
428317
1106797
434816
1062770
990938
924510
830262
1106797
438988
1078697
441675
1129501
444343
452732
948101
462030
464647
467187
1129501
473898
948101
478081
483677
490260
495574
496306
500993
506398
925690
506641
515760
1031642
942107
525075
526838
948101
916230
916230
1106797
529982
1235058
533794
535400
538802
544285
960652
549519
942107
554931
558787
561448
565127
EEUOA
542959
545170
548680
925690
552959
1031642
916230
990938
IOOEUUEOE
960652
540205
943554
960652
AAEOU
943841
537247
UE
918883
981948
525142
529570
1031642
908344
536591
542922
544387
547927
1088055
556090
1129501
IAIOUAA
AIU
514987
925690
516902
O
UUEIUOOIUO
490504
963159
927194
492538
AIU
465762
932012
1136150
468761
476197
AU
467880
472877
474059
475644
476027
483325
488460
498009
500776
EOA
O
453402
459340
1101896
EOIIIEIA
1253114
1089891
O
425346
936019
426531
435326
442454
1090470
452275
453044
459184
936019
462768
469700
989321
AIU
458190
UE
443373
445715
1253114
947311
1099034
448975
946796
1013340
449758
452637
AU
970567
970567
1253114
445499
455348
UE
951045
450926
AIU
431974
433135
AOUOI
407573
1253114
AOA
408971
956142
415239
417203
420633
430276
1140329
AOUOI
409216
1126589
977513
AAEOU
858114
977513
937151
992485
416761
424606
1046153
OUU
1120212
AOUOI
391274
O
373793
378027
AAEOU
997172
378764
387850
397072
959118
397354
401368
405602
408934
997172
AOUOI
394824
1046153
403107
997172
1106888
1129257
965498
406587
414470
424440
1106888
432328
435933
443060
OUU
432418
434074
442881
449340
959361
451323
1151211
452650
454752
455000
457702
465087
470455
479511
483428
491701
EEUOA
IOOEUUEOE
472495
1265676
478141
AIU
457521
461698
464168
969008
468786
473387
480443
1045405
1125617
871612
1049832
484195
949688
490044
494985
AIEU
AIEU
AUI
EOIIIEIA
458295
461505
466597
991343
475733
484814
487901
489581
991343
1157542
1014039
494636
503272
510478
518431
1125617
522105
EOIIIEIA
510419
516067
1115773
518215
524177
1115773
1053332
944172
529094
977250
871612
AOUOI
525578
872568
EOA
506298
506546
1265676
507534
1116955
EOA
AIU
1064631
486029
494079
1125617
950110
499973
AIU
501250
507267
514996
518210
992469
959864
999435
1265676
518443
992469
525002
876992
530432
533074
533772
959864
1129257
540046
AIU
876992
537877
UUEIUOOIUO
1001451
525083
530439
UE
1002239
524677
529056
950110
535695
542859
544333
545679
551193
881345
993173
553869
559109
AIU
535728
960647
AOUOI
509446
1145218
513535
1175893
1002239
950110
AOA
513127
517588
519166
523232
527444
534828
EOIIIEIA
512968
515008
1010627
AOUOI
999435
501946
509486
AAEOU
900289
1015759
1064631
973417
IOOEUUEOE
AU
OUU
1135715
444258
1025839
445998
451157
452183
1079547
950110
455714
1148550
462947
472109
476931
483579
AIU
1282834
463300
473013
482516
489890
497727
502073
1069547
964661
507942
511342
IAIOUAA
1017469
495893
IOOEUUEOE
IOOEUUEOE
985062
492174
498337
506055
506862
1088963
510366
AIEU
486313
486771
1076674
496471
500944
510651
1158520
516069
518493
526625
531054
536409
541030
958705
1023349
545761
546348
551096
557207
562448
572343
575950
580288
EEUOA
1183225
EEUOA
555620
556599
562781
1166793
565674
575249
581085
584892
AOUOI
1029036
564291
571149
578072
1029036
587245
594639
598960
604180
1285304
607096
613249
1134649
1183225
622564
626878
629719
635674
642877
645148
653278
662433
AIEU
EEUOA
1029036
UE
1288514
592061
O
568702
573896
1176154
1142921
581229
590888
593835
601931
963306
607664
613431
UUEIUOOIUO
1148136
587377
589901
590434
1032710
1050377
592108
1107121
1148136
592997
1288514
1027432
1032710
1008657
916718
O
590664
597440
1149266
597737
1203899
599066
1024337
602957
603419
612990
1027432
1107121
614573
615815
1203899
624793
631087
AOA
AOUOI
596332
603032
608289
615464
1153119
622586
IOOEUUEOE
615115
1035924
616617
1288747
IOOEUUEOE
IOOEUUEOE
612527
620790
622189
630498
632290
1083233
1153119
1083233
633652
1153119
633858
637305
641432
1001226
647205
651936
AAEOU
647991
655371
658040
661034
EEUOA
1158475
1182463
AOUOI
1014092
645818
1182463
649895
655228
658624
663203
1208976
668867
677304
1151394
678224
685690
980171
694668
1027432
704237
1070700
1208976
973065
706880
713506
1070700
719525
EOA
1014092
1039599
704245
711872
714354
1027432
1027432
1027432
OUU
717704
718874
1208976
AIU
EEUOA
695987
699265
704163
708276
717243
1310220
719605
729486
731910
1213188
741313
1027432
IAIOUAA
717253
720077
727509
1167700
AOA
1182463
1151394
717103
1213188
726266
729390
737797
985193
745555
AU
1041163
985193
729255
737513
992136
AUI
711791
937567
718276
723892
991706
730072
734947
740657
EOA
735859
O
1216588
734300
738842
740271
1157439
1167700
749475
1102253
758814
993030
1216588
762911
770517
AIU
OUU
AUI
732329
1059232
1167700
AUI
994914
EOA
AIU
1059232
703840
IOOEUUEOE
687651
1001025
694191
1010298
700536
1227085
1110385
710116
715651
937567
718112
725104
1001025
1028941
1167700
1063980
1078240
UUEIUOOIUO
721508
EEUOA
707194
1058665
713565
720311
721893
726713
733938
735287
743337
748701
1028941
937567
1139309
750996
754567
755012
757070
760018
1063980
1324651
763551
770186
1028941
1139309
1167700
775376
779566
EOIIIEIA
EOIIIEIA
AOUOI
1074645
1164537
718014
AUI
1148384
1332045
699456
701023
704705
1021531
1021531
1028941
714026
1050004
1167700
O
AIEU
668962
1075163
1166808
AIEU
1148384
670763
680763
1231052
685608
1021531
692274
1074645
694221
1020029
698258
AIEU
687237
1203458
689036
693220
EOA
963840
1167700
EOA
676005
685606
AU
689384
1075163
693591
EOIIIEIA
665709
1166808
AOUOI
646936
EOIIIEIA
1021271
1082003
AU
1127605
615115
624897
970134
1008258
1050314
970134
627974
637186
641881
1148384
1082003
650221
1065560
1021271
660092
UUEIUOOIUO
640050
645370
UUEIUOOIUO
AOA
638707
640043
641996
650782
655972
665309
674476
1075163
AIU
1014031
1014031
EEUOA
1254376
649206
1021271
1021271
652371
UUEIUOOIUO
627244
636916
646416
647140
654698
664491
673588
972803
1101399
683512
1068554
1026604
691463
694158
703738
1014031
709789
718365
1098201
726529
732833
1101399
738908
739672
739987
742147
1026604
746505
AUI
1263397
1101399
723046
1036036
1036036
731556
972803
732903
742199
746591
754099
1167700
1045272
972803
1263397
754327
1045272
762356
763661
972803
767642
1068554
1068554
773781
1068554
782189
1098201
AOUOI
758699
AOUOI
IAIOUAA
IAIOUAA
1263397
742062
746140
EEUOA
725356
728877
729586
735153
742359
744750
750284
1153699
755755
1078510
1127605
1176678
1101399
1079894
IOOEUUEOE
1101479
AOUOI
738497
746529
1167728
EOA
1084792
1272800
726512
733747
1129800
741043
EOA
746674
756368
1052304
765777
1101479
1030159
770385
773167
775103
783359
789814
1343159
794430
801070
1343159
1052304
805021
805967
809176
810709
1167728
810980
O
1101479
806766
815673
820433
830369
1179502
1171083
839714
1101479
842428
851396
1272800
860227
863371
872778
880532
885253
1171083
1179502
1080934
1101399
891693
1052805
O
890180
896874
905967
912054
1052805
919761
921862
922452
1133262
AOA
UE
889965
891152
1101479
896016
1172547
1272800
901613
AU
877374
1063808
1063808
884126
884785
888166
894372
898866
899332
906297
914517
915057
917919
1101399
1272800
925046
932964
934083
939167
942258
947515
AIEU
945847
953512
1064359
1086381
958411
961541
1101479
1045051
IOOEUUEOE
1086644
957912
960786
966957
968733
971837
975628
979749
EOIIIEIA
962820
968928
EOIIIEIA
1192684
1091096
975276
978411
1064359
1086381
982405
O
AAEOU
968026
1064359
975116
1185329
1101479
982705
1185329
1063808
AUI
1133262
1110603
982197
991999
992135
997576
1283086
UE
981602
985488
989423
990814
EOIIIEIA
1000293
1237095
984736
990868
1192684
998422
1003641
1012656
1018047
1093184
1025394
EOA
1022320
1025125
1101479
1034756
1043652
1050102
1095187
AUI
1042087
AIEU
1241952
1021270
AU
1000293
1344741
1016520
1025756
1034502
1120183
1035949
1045051
1096631
O
1000293
AU
AUI
1104197
1110963
1001097
1005799
1013074
1299120
1017017
1110963
1022394
1110963
1023491
1030985
1035585
1098926
1044163
1114744
1147906
1044367
1051470
AIEU
1065555
1104197
1083885
1036181
1044280
1047340
1065555
1053528
1187220
AU
1102608
1030896
1031376
1038066
AU
1024887
1031681
1038622
1047658
1048079
1001860
1056297
1064114
1067523
AAEOU
1047918
AU
1023953
1050592
1310240
1026163
1116731
1031431
1102608
1111457
1039657
1050592
1041790
1048959
1051789
1241952
AOUOI
1111457
1050584
1056220
IOOEUUEOE
1037315
IOOEUUEOE
1032510
1205533
1036015
1043195
1205533
1116731
1052253
1241952
1052730
AU
1205719
1107928
1050592
1047488
AU
1120183
1056722
1310240
EOIIIEIA
1044506
1047798
1049636
1105029
1122582
1065555
1049740
1058039
1061135
1122582
EEUOA
1060139
1067038
1071939
1079564
1375045
1119311
1119311
1138998
1081828
1084408
1112964
1090463
1100286
1109229
1109847
1119792
EEUOA
EOA
1093961
1096640
1104214
AU
UUEIUOOIUO
1205719
1250982
1125898
1379772
1250982
1068461
1070089
1015767
1379772
1209873
1079279
1060264
AOUOI
1060985
AU
1122061
1122061
1126297
1205719
1040482
1046788
1129520
AIEU
AIEU
997402
1001071
1007980
1013551
1027507
1018526
1028039
1035739
EOIIIEIA
1011220
1019271
1125898
1060264
1020280
1026617
1209873
1181760
1149625
1209873
EEUOA
EEUOA
1027507
1018401
1021552
1205719
1027507
UUEIUOOIUO
UE
1002033
1007314
AIEU
1005540
IOOEUUEOE
995983
1265212
999263
1009228
1015394
1018525
UUEIUOOIUO
AOA
1027507
990486
991596
999157
1157415
1001799
1070687
AOUOI
1002394
1157415
1009132
1158363
1009858
1012290
1015734
1022149
1022495
1028789
1032907
1035935
1042505
1050096
1157415
1206936
1052226
1057098
1060458
1157415
UUEIUOOIUO
1136144
1157415
1181760
AAEOU
1020692
1136144
1026800
1035998
1044973
1045641
1046736
1047723
1055558
1136144
1136144
1061445
1181760
1341135
1067519
1068430
1073610
1141321
1081134
1088516
1088747
1096247
1103916
1141321
1110485
1141321
1133824
1157415
1157415
1118745
1123511
1037201
1131624
OUU
1133278
1133824
1134512
1134527
1413146
1282525
1341135
1141289
1142395
1037201
1148145
1282525
1149185
1153504
1163006
1136144
1169727
AOUOI
1157809
1070687
1158853
EEUOA
1149812
1070687
1137337
1149812
1138584
1145299
1147875
1157415
1145659
1414367
1148984
1156189
1145659
1138584
1341135
1157251
1166318
EOA
1282796
1131657
1082311
1160104
1163543
1164973
IAIOUAA
1131657
1131657
1144699
1229129
UUEIUOOIUO
1137126
EOA
1131517
1289236
1136148
1082311
1139970
1153380
1148761
1229129
AIEU
1351118
1144671
1181760
1135584
1158363
1143102
1149419
1152814
1159379
1161888
1166323
UE
1146421
1146926
1156131
1156612
1161475
1078441
1163918
1168102
1136521
1174056
1183244
1353563
1289236
1192560
UE
1289236
1194478
1159379
1203021
1158977
1082311
1210765
1219541
AOA
OUU
1289236
1200504
1204904
1136521
1207834
IAIOUAA
1364809
1187958
1364809
1194740
1201724
1209367
1209588
1364809
1214775
1159517
1220426
1225917
1227327
1136521
1159517
1235396
1235888
1240558
1241920
1250503
1159517
1198248
1364809
1258748
1049560
1268388
AIEU
1049560
1164774
1249159
1252279
1289236
1259366
AIEU
IAIOUAA
AOA
1163170
1218078
1225932
O
1220003
1186994
1201339
1222235
1164774
1223371
1224438
EEUOA
1209589
1216140
1222517
1231210
EEUOA
1235670
1237618
1383213
EEUOA
1238058
1289236
1238770
1245730
1201339
1173823
1383213
1250019
1229788
1255166
1222883
EOIIIEIA
1245689
1383213
1253226
AIEU
1231942
1136521
1172363
1425453
1234543
1236018
1237029
1163170
1289236
AOUOI
1235992
1289236
1240484
1249974
1256816
AOUOI
1261956
1270458
AOUOI
1269328
1275403
1154095
1278134
1154095
1136521
1163170
1278173
1194803
1285227
1292904
1298885
1301517
1301560
1311151
1223019
1318664
1323138
1325419
1330594
1154095
1334896
1201339
1387099
1336766
1110613
1194803
1337333
1110613
1341675
1351401
1352196
1361139
1369730
1371228
1375308
1379544
1386763
1110613
1395710
AIEU
1136521
1154095
1194987
1374030
1374259
1201339
1375937
1383926
1385685
1105153
1387684
1392421
1201339
1400976
1406741
1289236
1194803
1414377
1417327
1105153
1422190
1172363
1431313
AIEU
1431640
1435065
1194987
1442911
1177758
1229788
1443252
1447104
1136521
1387953
1064100
UE
1432424
1182692
1442268
1448424
1457774
1466704
1112500
1163170
1194987
1136521
1136521
1163170
1154095
AAEOU
O
1154095
1440260
1442591
1181259
1444103
1447423
IOOEUUEOE
1425482
1194803
AIEU
1401807
AU
AU
1374519
1154095
1379010
1194803
1381056
AIEU
1181259
1364206
1368759
O
EOIIIEIA
EEUOA
1188176
1322874
1119774
1330902
1337434
1345291
1345350
1469746
EOIIIEIA
1343509
1136521
1469746
1260931
1343703
1352021
1358209
1361498
1369569
1213067
1260931
1373444
1383059
1393059
IAIOUAA
1373436
1373869
1136521
EOA
1222742
1374938
1260931
1119043
AUI
1064100
1351006
1352626
1119043
1248632
1220836
1359745
1367046
1369260
1260931
1189477
1376908
1189477
1154095
UUEIUOOIUO
1356505
1365107
1371077
1377355
1302412
1383576
1222742
1220836
O
1119043
1261408
1355961
1416166
1363990
1373850
1315387
1315387
1374829
1380231
1388497
1394927
1230765
EOA
IAIOUAA
1355540
1358854
1368459
1154095
1371176
1373593
1374905
IAIOUAA
1376503
1475905
1384387
AUI
1376169
1154095
1378248
1257575
1379889
1388386
EOIIIEIA
1188176
1368976
1378167
1386090
1394253
1395901
1076414
1402614
1409391
1419339
1425688
1435495
UE
1421384
EEUOA
EEUOA
1397281
1202508
IAIOUAA
AOUOI
1165815
1375971
1381647
1389948
1394118
1395975
1264484
1210505
1399386
1231041
1405494
1409414
1410771
AIU
1406196
1408981
1410198
EOA
1390984
1222554
1400781
AAEOU
EOA
1168966
1350509
1191221
1354259
1354827
1479184
1141968
1358771
1222554
1088032
1360680
1360788
1276168
1239870
1370505
1373336
1374726
1374976
1479184
1377932
1222554
1386092
1330880
1141968
1394344
1403082
1268747
1408057
1409790
1413440
1422292
1422652
1429434
1431120
1431362
1436232
1442800
1239870
1452481
1168966
UUEIUOOIUO
1485599
1141968
1168966
1222554
1446703
UUEIUOOIUO
1268747
1240858
1451852
1454188
1457266
1210505
1466635
IAIOUAA
IAIOUAA
1425873
1222554
1209030
1447689
1449568
1452669
1088032
1198059
1453993
1456182
1088032
1457945
1463240
1214623
1088032
1136641
1465903
1088032
1468237
1152050
1471811
EOIIIEIA
1168966
1445616
AIU
1420554
1178263
1430067
1279612
1431171
1279612
1158259
1207527
AOUOI
1136641
UE
1278633
1214623
1424440
1279612
1430719
EOIIIEIA
1405706
1415039
1424716
1433336
EOIIIEIA
OUU
AIU
1239421
AIU
1136641
1393464
1158259
1286015
1395210
1198149
1196093
EEUOA
1391278
1400148
1406025
1199968
1408393
1413978
1420463
1422449
1426535
1433304
1433939
1440487
1446304
1450490
1158259
1337174
1455999
1196093
1212722
EEUOA
1450802
1459864
1109128
1462650
1471036
1479441
AIU
1241398
1136641
OUU
1158259
1337174
1286015
1440707
1196093
1196093
1439024
1446716
1279843
1241398
1286015
AOUOI
1219534
1426601
1427013
1436018
AOUOI
1215192
1279843
1502330
1427040
1143846
1428653
1433830
AUI
1431443
AIU
1219534
1428021
1436932
OUU
1427470
1440707
1432908
1434662
IOOEUUEOE
1225860
1417355
1235343
UE
1220732
1143846
1404494
1404890
1408397
1166444
1416410
1421270
1429517
AUI
1230044
1413687
AIU
1440707
IOOEUUEOE
1368772
1376507
1339324
1379867
1385985
EOIIIEIA
1371657
1375121
1376052
EOIIIEIA
1230044
1378647
1143329
1384929
1524348
1440707
1385808
1225488
IOOEUUEOE
1379815
1440707
1384035
1230454
1390504
1235343
1280348
1235343
AOUOI
1388592
1397138
1156789
1397147
1524348
1398291
1408206
1418040
1156789
1427011
1145465
1431256
IAIOUAA
1406906
IOOEUUEOE
1411644
1281710
1413439
1241596
1419527
1423784
1432870
1435063
1156789
O
O
1422317
AOA
1422805
AOA
UUEIUOOIUO
1406319
1408009
1331365
1417450
1421276
1225488
1425634
UUEIUOOIUO
1430515
1437939
IAIOUAA
1440707
1235835
AOA
1418981
1422268
1148516
1238568
1255000
1148516
1430974
1438852
1238568
1331365
AUI
1428258
1430959
AUI
1148516
1225488
1174131
1279244
1436800
AAEOU
1341556
1225488
1240516
1440735
1443200
1225488
EOA
AOA
UE
1290276
OUU
1390687
1192729
1279244
1548751
AOA
1380130
1241991
1290276
1250289
1440707
1382614
1279244
1389915
1398141
IAIOUAA
1399794
AUI
1234978
1250289
1194773
1250289
1333906
1372947
1382183
1279244
1234978
1387523
1249141
1440707
O
1380969
1386468
1387578
1201535
1396163
1404036
1410289
1413118
O
1440707
1416755
1155609
EOIIIEIA
1407346
1445181
1565521
1416503
1416899
1423570
1344188
1426780
1234333
1430291
UE
1234333
1414425
1416301
1267813
IOOEUUEOE
1234333
1410184
1244337
1211261
1420162
1194773
1156176
1253863
1267813
1425852
AIEU
1421047
1422118
1450091
IOOEUUEOE
1194773
1403539
1407109
1409297
1417803
1255327
1451287
1218480
1427306
1435607
1441800
1450043
1253863
EOIIIEIA
1439876
1441039
AAEOU
1348530
1295704
1244337
1446729
1455976
1463644
1470007
1156176
1292672
AIEU
1452856
O
1461850
1471761
1479542
1480270
1487972
1497170
1500381
1269812
1501568
1503873
OUU
EOA
1499306
O
1459842
AU
1306332
1470018
1244337
1352382
1476712
1194773
1485612
1492901
1496641
1506346
1511265
1236710
1515900
1520602
AIEU
1501695
1511577
1516454
1520639
1525504
1531102
1260019
1531174
1535197
1156176
EOIIIEIA
1518614
1520399
1527203
AIU
1506557
1352382
1263339
AU
1296511
1272475
1492321
1296511
1356935
1478096
1495391
AOA
1487242
1490581
1272475
1296511
1601416
1495054
1242423
1503138
1512938
1514004
1523389
1532930
1533735
1263339
1538623
1545620
1164204
1552755
1560637
1564469
1566067
1568884
AOA
1164204
1568234
