1221
0
0
0
0
O
1679
7352
12283
14355
20856
0
0
23648
23743
O
28276
32480
OOOIAOUA
11387
0
11394
17536
25660
32239
37540
0
0
0
37678
UIEIOOAEIU
34201
35350
36793
0
40334
48371
49863
54088
63019
OEIU
0
42942
45669
0
0
48104
57598
0
63830
0
70855
76917
78622
0
AUAI
57424
60468
0
69977
0
75962
OAO
UAAEUU
30753
0
0
35823
45419
51259
56597
UEOIEAIUU
43093
50308
0
50449
58121
66929
72994
81980
88160
89138
0
6232
89674
0
UEOIEAIUU
90503
96526
103833
104369
0
105133
111912
0
118494
0
0
121705
0
0
0
122095
0
UIAUEAUA
0
UIAUEAUA
107669
OAOII
2727
AOIEUIU
76435
0
0
78866
UEAIIOOI
60099
68961
71047
77727
EI
58886
64261
69391
0
72026
77524
79727
89340
0
EUIIAE
0
92377
95626
0
104707
107891
0
OAU
83962
91780
0
96340
UEEU
70392
OAEAEIE
69641
75129
0
0
0
78401
81393
88778
0
96290
100958
0
0
107092
109734
117841
119959
0
125370
134338
0
134531
EAAUEUIUIU
132759
140354
EAAUI
5301
0
0
133616
EUAOOAOOUA
OOIEUIUAU
9081
1443
0
99131
102997
110881
0
UIOAEII
725
0
88179
90636
93965
0
101367
107457
3902
0
8862
116733
UIOAEII
EAOEAAA
9230
96380
0
AAIEE
0
74641
79757
87900
95668
IAEAIUUIA
89106
0
13400
94204
98003
0
105588
4604
IAEAIUUIA
7307
0
9416
AAEE
O
0
0
70038
74424
0
OAAAAAUUAO
51956
52545
60967
63940
71758
73351
OAUEAOOIO
57120
5985
57881
65886
0
AOOOAUUO
38880
40185
OEUEO
32887
41294
48838
0
11870
UIAUEAUA
5321
32009
10524
5787
2435
38576
43059
1962
51235
53653
8932
7884
53861
OUUOEI
52643
UEUOOEUO
0
45996
54768
58357
65065
5098
73969
76960
82002
89240
98111
102056
102643
0
2457
110779
115031
0
UOEOII
EOEAOII
89509
96243
101684
111369
113218
114615
6184
120293
0
0
129073
132178
0
4225
136217
145460
148685
154111
158672
167749
0
EOEAOII
7585
169903
173980
0
0
180368
8986
186985
187948
14737
191937
UOIUOUUA
188388
189079
192155
193642
194020
203283
UOIUOUUA
9416
13400
0
199609
204714
OOA
8808
OOA
0
0
EIUIUAO
185911
4908
7556
5985
190341
EAUAEEEOOA
UOIOAIAE
5301
7324
5098
164606
0
170802
177293
11693
8986
178880
0
3668
184451
185962
195291
201419
0
8124
0
204102
207768
212583
0
219319
220704
8932
222014
227109
233990
241091
246876
0
254863
1583
255162
UOIOAIAE
EIOUEI
0
0
251440
10602
260945
7818
264150
264951
269334
277415
286062
AEUOEAIE
0
IEOEO
0
6579
242788
248930
0
252757
259904
266996
271512
276871
7884
285814
291329
299005
305994
0
306022
OUIE
297281
305061
306999
316022
323402
AOEEEIEOOA
0
309465
7385
310514
313084
EIUIUAO
0
303677
307447
3044
9494
0
314121
IUIIUOEOE
314495
UEIUUEI
309729
10524
2435
314078
0
UOUIIIO
AIEUAAEAO
274105
280608
287300
EUEOEUO
265891
OIOEAEUEEO
266117
OIOEAEUEEO
0
268504
7544
2850
275711
283481
288560
0
297208
303323
UIUOOOEUEO
0
0
288881
8968
17710
0
0
292451
299561
IEOUEEE
300629
0
0
5882
305996
5038
309749
314453
0
UOUUA
302786
15007
312476
321200
0
322434
0
UOUUA
324990
329228
UOUUA
OAU
327568
333182
13693
339772
345617
0
0
2435
AAOIE
338611
A
317775
319072
319173
0
0
322621
13023
0
331456
5242
335707
338905
347341
355457
7324
AOOOOOAUAI
8862
AIA
311743
316647
326444
336321
339065
8986
AIA
AEIIUAOEU
327385
6986
3276
333924
3343
338146
UEOIEAIUU
315324
320745
UEOIEAIUU
320707
UAIOAA
299200
305237
0
315220
323106
9417
15828
0
0
325093
326054
EAAUEUIUIU
323713
3225
325130
OEOIAIEAIO
307154
193
315495
322294
3128
0
8986
0
325977
0
326406
333011
7884
0
334388
339947
12696
342016
345690
0
OUUAUOEOAU
7324
332665
EOIOAU
EAUOEE
292162
301251
310657
0
13262
1938
317785
0
321516
UOEOII
8648
5353
17932
9483
UAAAUEOII
287616
0
290268
UAAAUEOII
7884
5242
294223
301689
8081
303596
306443
307254
312192
312406
1310
12350
9179
314617
OEIIOO
AEEAEU
275035
280559
285643
288703
292140
292501
0
295130
15007
297143
307101
AEUOEAIE
5098
21734
7851
303198
312364
AEUOEAIE
0
EUEEUUAEEE
0
9179
EIUEEE
3589
5321
OAOII
0
276434
10314
278719
3967
10314
284117
OAOII
7838
293633
9230
10524
301847
8835
303941
3589
313098
8911
316562
9179
318276
318712
321793
322588
0
0
329836
333216
4212
335767
5882
8911
AUAAEEAIIU
4212
8911
IIAOIOIAU
322629
4609
978
EAAUEUIUIU
322247
323237
331109
15136
331853
335511
342584
350659
AIIAIUI
351052
359339
366080
367235
369525
371431
OAO
347335
OAI
328273
AAIEE
1247
303419
306111
311786
313552
322762
11578
324760
15136
UIAUEAUA
13023
OAU
297783
0
14285
300343
305535
IAIO
306681
312190
312526
IEOEO
294524
303903
309091
12696
317720
EOEAOII
25059
UIAUEAUA
11482
292735
301273
21066
307513
307642
313945
4212
9983
0
0
6340
321597
21066
330910
24628
UAUA
312243
321875
13022
329558
4072
329565
21072
22257
OIOOOE
3044
310784
9626
11578
4939
26966
315441
OOUOUUUEO
9626
AAEIOU
24066
8648
291043
298947
300119
3967
6311
9983
304319
310956
OEIIOO
EUEEUUAEEE
OUUAE
0
EAOOEA
7024
252874
AEOUEEOO
15040
0
AOUIOAI
221448
6090
221676
228570
OIO
205313
214557
EUAOOAOOUA
9179
194152
199186
1247
3977
795
5675
204018
UUEE
205261
211639
218059
7590
221755
223842
6340
9243
IA
OUIE
IA
15040
8835
174554
184315
0
3977
9230
7556
186149
UEAIIOOI
172660
21066
178077
5038
179949
7780
19464
9626
IEOUEEE
157345
18626
158519
1041
162838
AAOEE
1310
0
160520
0
16275
1310
10773
0
11152
AAOEE
IUOO
11914
0
5923
8911
151358
990
5321
19381
0
155726
162415
11739
166550
167985
172014
15007
178600
187791
8199
190334
199896
UUAIEIAI
OIAEEA
176283
177163
4251
6986
UOEOII
176911
180943
182015
182342
14101
18435
5471
185228
186728
191982
196491
198972
587
EOEAOII
198823
19001
208266
4604
12350
214428
EOI
213481
213562
220342
221318
AOUIOAI
OII
198904
UA
188360
193128
195625
196111
13613
24220
OIAEEA
587
EU
152328
0
15136
EOAOIAUOA
134679
16275
143716
153571
9675
4319
OOOAE
141063
145534
EOAOIAUOA
116818
5321
117170
3977
21654
118595
10085
121226
OEIIOO
103862
112418
4634
6374
24220
118673
126033
126616
18201
214
133782
134269
142872
149259
15438
149780
18951
149828
6911
18201
153356
9675
5873
159652
163269
170429
OAI
33088
35751
12350
20253
21941
158087
30634
OUUOEI
11152
990
AUUEAAOUOI
129894
OII
914
115581
118286
9632
27750
990
11350
17524
EIEU
111223
114238
29386
116161
119191
128608
137607
OEOIE
126742
127560
136585
9053
OOUOUUUEO
UAUA
100040
7985
EU
76759
12696
79837
16275
85833
94456
23876
98409
102408
11602
103491
106991
112953
26851
121844
3867
122918
130304
132628
136746
33284
27998
26101
143602
146439
152877
1310
153571
9230
160357
5471
801
164397
20547
166974
171778
179264
181300
187903
195982
203112
206247
214057
221750
222371
EIUEEE
216154
224680
225946
228004
9850
232466
4634
238374
7308
35751
24011
239544
244474
23876
4251
8858
UAIOAA
30634
235504
241690
248962
11854
801
251282
EAOEAAA
17603
246390
251716
256316
263545
EAAUI
257393
IOEIIIUEE
246134
246766
1377
254217
OIOOOE
241284
AO
1718
227321
231713
5833
OUIAUUU
233518
5321
EAUOEE
224715
229773
AAEIAIUOO
OEOUI
205948
214871
21066
OEIIOAEEAE
195590
11602
197359
11065
30634
202413
203153
AOIIOAEU
193090
200930
11533
205131
207488
213195
7904
18626
EOAOIAUOA
3714
14486
6911
EAOEIIO
AEIIUAOEU
143115
147889
21544
9053
29386
17527
155693
165107
169536
170643
OUIAUUU
EIEU
5034
135111
EIEU
8553
15825
142950
12922
151236
154050
157385
161035
168184
168520
32090
10773
5034
12922
40059
174440
EAUAEEEOOA
167956
26101
174625
183974
UEAIIOOI
182960
187337
11482
24066
6692
194354
IIE
11350
214
UOIOAIAE
31216
164119
19662
9413
6090
165961
OEOIE
153823
27750
17122
23762
161077
EAAUI
160566
EOAA
23876
143942
144782
29775
19234
AI
IIA
UEAIIOOI
93705
99677
6579
102075
8858
16531
108371
12219
108830
112598
31848
EIO
98556
31838
AOIIOAEU
6603
40630
77994
UEEIIEUIIO
20011
60220
1491
AEUOEAIE
EAUAEEEOOA
37122
O
26170
30710
6911
40059
UEAIIOOI
15562
978
24350
29071
EEOUOEI
22085
4028
8623
I
IEAIEOO
16531
21941
6949
26160
31391
3967
18876
12887
17537
12111
27079
9622
10753
11622
26101
12874
19200
12887
OAOII
17603
19589
15456
20717
28339
26571
IA
34506
21706
IUOO
5800
6090
12690
7877
IUOO
IUOO
4768
23876
13188
15246
20250
15223
8553
UEUEIEEA
10590
15731
13977
AAIEE
17603
20920
24628
EIUIUAO
EIUIUAO
43934
11905
IEOUEEE
IEOUEEE
9594
19176
OAI
11828
24850
AUAAEEAIIU
30332
22288
4960
10379
15738
22375
24667
26809
36388
44603
49852
9838
AOIIOAEU
45166
52124
14489
52922
214
59983
60970
16874
7767
68524
77853
78327
AOIIOAEU
10383
83014
88581
IOEIIIUEE
93555
94348
EUEAAIUII
83673
90629
5873
99895
11602
109651
22008
116362
122245
EUEAAIUII
AO
OUUAUOEOAU
91167
91304
8862
38108
97072
102320
108322
1385
112982
22288
120073
121779
27829
7904
122570
123345
124899
132986
OUUAUOEOAU
1491
136390
27057
143872
31484
9053
144790
146849
UII
6128
26541
0
145224
152237
18435
154282
156570
9053
160562
164919
20113
172881
13587
26857
IO
169353
EAOEAAA
3246
156471
18435
156861
161575
163194
IUOO
35412
138105
14489
12350
138143
141449
20011
143948
31391
151675
20072
156321
161015
169607
IUOO
19089
176478
177248
EU
9632
UEOIEAIUU
19234
140539
17762
149820
1310
UII
135656
OAOUIUAO
110912
117776
123324
33229
24628
22154
128122
15438
136979
20113
UEO
9610
OUAUI
96777
OUAUI
100340
25918
AUAI
96243
41973
100656
101361
15000
104393
30332
107023
8202
115656
7767
123944
OAAAAAUUAO
125841
132534
16515
137339
141217
149569
7877
157668
163130
EIUEEE
14183
168391
169436
15000
16103
24947
31484
171256
9610
171532
178418
181819
182949
191194
198715
201216
24704
205942
215915
219161
22288
5873
228691
233716
234917
242016
4604
248513
5321
249301
254985
17847
19822
35136
EIUEEE
258843
264956
266646
11602
26018
271478
277837
31848
280146
288363
290051
299216
302117
40706
12111
304160
312391
AO
E
E
296696
24867
1385
1385
303631
EAOOEA
OAI
3967
269185
7877
11304
269678
271136
274731
20113
38108
22616
275745
14836
280980
283827
287045
288236
288511
288552
291782
26101
292726
9669
296694
301899
EUEOEUO
9610
1310
22008
291192
17537
IOAUO
277527
UOUIIIO
283871
285524
22616
AAOIE
259420
26018
9632
8858
262737
264162
29916
265884
270420
277215
283752
288150
24704
297833
11602
24101
300195
7877
300377
AOAOAUUA
35412
3967
0
28377
282188
34641
EIO
EAIAIUIE
EOAOIAUOA
24584
250972
16103
259114
265923
269964
11065
274433
EOAOIAUOA
17603
26673
276612
IO
260460
269361
26541
10523
273452
279209
286919
291163
294861
9669
OIU
26906
287716
297686
304595
48791
305728
19822
306802
309430
40684
312819
OUA
30640
OUA
43934
300655
UAAEUU
38108
3246
26018
21706
284751
UOEOII
265375
266918
272781
277054
27079
284796
287712
288115
5873
290046
297853
UUEE
UEEU
OUIAUUU
22811
256203
258965
264432
UEEIIEUIIO
254538
255879
I
235298
242425
OOOAE
31391
242211
250410
250812
254553
256064
21392
264529
269440
16850
17337
276852
OOOAE
EAUOEE
3714
24250
260165
266901
267781
9193
269191
AEU
15578
EIUIUAO
239811
UUIIOOEU
15578
227865
230048
231864
1855
235562
244145
UUUOOEE
237237
12709
242182
U
EIAU
17847
12696
204423
OUIAUUU
17258
183300
184383
185102
188181
189795
195995
16515
19662
22360
204615
E
AAOIE
AAOIE
169548
25644
179377
184218
184354
185053
188409
IAUAUAE
24850
UAUA
OAO
145480
35006
148277
157173
157758
161088
167469
170675
26452
16513
171646
15763
9669
180015
IIAOIOIAU
16103
16515
22631
25738
170231
172282
14079
181614
183137
17100
32196
192759
198545
198674
204179
211832
21831
216749
218419
226146
233502
234607
237217
EIEU
227651
16729
235497
12227
240181
249978
255730
20396
264179
5873
266961
271519
UIOAEII
274328
281036
20396
285843
32520
294070
303426
313083
316926
319301
324130
7490
AOIIOAEU
308234
29128
310214
313101
OUAUI
11854
OUAUI
302611
26906
311755
319594
17847
18747
320474
320690
6832
5873
AOIUAEEEO
315067
OAUEAOOIO
20396
33076
18804
OEOUI
29916
12696
15112
310152
316253
UIEIOOAEIU
309931
4768
22811
OIOEAEUEEO
298432
U
AAUUE
283689
291137
15411
48771
40559
295601
14187
34307
299283
41480
AAUUE
11602
299541
304858
314814
37177
322675
UIOAEII
324371
330474
11602
338031
341394
343145
33992
344673
OOUOUUUEO
36282
334849
340785
UOUUA
323242
332252
38171
333715
70257
OAUEAOOIO
OIOOOE
41389
43934
16344
282468
31977
41480
9632
287854
296432
301425
309460
316824
14079
27334
37176
AOIUAEEEO
AOIUAEEEO
303302
306300
312136
OOOIAOUA
295266
25080
296158
296900
305181
309721
319267
11602
323285
331389
334001
31224
12111
16729
340906
18611
22684
14187
OAAAAAUUAO
EIAU
18435
318551
323877
6692
327335
334627
19253
13384
43071
343252
349986
OEIIOO
341121
EIUEEE
40559
14836
330196
29153
14872
26170
32692
331571
19144
32570
332468
24674
28377
UEOIEAIUU
35006
38805
319231
328927
337265
II
EII
313820
UAUEI
28377
290666
UIOAEII
9193
16103
274119
277321
278194
281163
19133
32570
284708
293905
294014
12499
294469
298922
EII
274394
6868
OUA
255001
255564
263728
270801
32177
279192
33192
37355
19013
11854
287728
294775
AOOOAUUO
290366
15411
214
37734
26452
294524
32099
300679
307098
AOIUAEEEO
306417
16729
309282
26541
OUA
292524
294300
26015
301318
39944
303216
EIEU
292300
24850
22290
295479
26873
30810
41841
16515
19013
296907
42676
14232
1385
302476
29905
17100
309028
317976
325032
333587
334339
26015
OEIIOAEEAE
14079
18711
318867
OEIIOAEEAE
325604
328606
335024
7255
340931
348904
355563
364435
365851
OOOAE
356291
46620
29905
357530
366488
374604
377403
OAAAAAUUAO
18754
OAUEAOOIO
331700
336947
341409
347732
347873
37734
353580
354410
AAOIE
15656
7160
20999
39168
334008
7160
20040
30142
AAOIE
312881
319962
328888
329070
337359
337709
48771
UUEE
345941
214
22360
32177
AEU
39871
351778
360058
OUIE
335972
19253
337180
19893
343505
29991
344011
12499
AUAI
339809
342763
351357
357975
7160
362033
366351
11602
39871
14232
369447
374535
57124
29153
380493
40559
381519
32177
382976
22290
17670
38018
383655
391166
392430
397429
13588
0
28229
400721
27189
32177
37495
408489
EEOUOEI
37734
394721
25644
395726
EAOOIEAU
400968
29638
407674
42329
408891
418242
418317
426344
41973
24143
429846
435731
435947
16103
38007
439340
25904
AAUUE
442376
444488
OEIU
29905
21305
34853
434959
444801
IO
19893
30142
17053
42275
439028
445527
25782
453128
456783
32099
18394
44386
460044
15059
460329
41973
463337
214
20113
83533
UEUOAUAUE
AAUUE
OIAEEA
409544
43071
OAO
391066
OAO
389479
34641
390039
391143
EAUAEEEOOA
12899
28229
381416
OAIUOOO
16103
379092
OIOEAEUEEO
352800
9527
357746
365863
26018
371733
20644
372443
378219
17267
12499
19893
27189
32229
IUIIUOEOE
356441
EOAA
IAEO
338904
IAEO
337774
16344
OOEOOE
336031
38108
343489
343901
352555
361112
21554
368242
378194
OOEOOE
15411
19893
30810
383404
393275
AUAI
9527
41973
397704
17267
37734
47706
34641
404635
409488
419219
419703
32177
423130
432388
439242
32177
16344
443479
452824
461204
462335
465456
21305
466294
EEIIUIII
465831
EEIIUIII
470744
472611
481888
487942
496202
21063
15059
OOEOOE
23662
20091
42275
485653
489629
494582
32545
497063
AIEUAAEAO
491076
493070
83533
501825
501925
22290
508160
509527
8120
46879
UEEIIEUIIO
487968
IAEO
460803
55566
469343
IAEO
467927
13600
IA
25904
462335
14872
EII
OEOUI
34853
IUOO
30810
19893
83533
429339
431208
UOIUOUUA
13600
54901
EAUOEE
378632
38018
24066
38859
387669
32188
394895
EAUOEE
400491
UEAIIOOI
15151
49444
375225
382714
389426
42676
OOIEUIUAU
376143
14483
383436
389590
OEOIAIEAIO
387244
392059
41863
24143
AAOIE
373342
382689
34587
392041
393936
11853
397691
402345
407422
415850
416687
20999
417788
17267
420139
425916
214
14810
EIOUUU
UIEIOOAEIU
47050
421290
31176
426796
26709
429447
11861
431860
437541
39536
35286
444846
445892
62414
448167
53454
455957
21252
461783
12819
464496
466531
AOIIOAEU
38831
14232
458205
AOUIOAI
448136
452362
454441
455802
AOIIOAEU
18804
UEUOAUAUE
AEEAEU
14810
393432
36882
396065
33905
397401
AEEAEU
403872
410711
0
414640
419283
UOUUA
41973
EUIE
36225
23843
47059
OOOAE
35286
384994
26293
OOOAE
35006
390204
36823
396826
0
404270
405307
AEEAEU
399719
407698
408380
25832
411668
411854
418121
420503
430064
430493
49819
435822
443026
26479
UIAUEAUA
26018
26770
46565
438792
23662
16850
55942
48292
EUEAAIUII
44089
AOIIOAEU
416001
421634
427798
430745
41614
440132
44298
440718
16319
AEUOEAIE
34416
431681
25904
47929
435769
42329
26639
444066
451792
EAUOEE
EIOUEI
OUUAE
OAAAAAUUAO
393357
47929
393478
397362
32188
14872
UEEIIEUIIO
381707
383005
OA
365745
374810
378085
379706
384298
44386
40212
AOAOAUUA
390088
399978
404186
405420
41973
36227
406783
415577
22365
422012
7160
428372
41250
29799
66503
428417
16319
429507
38859
432778
45950
UOEOII
432256
IEOUEEE
EIO
403116
406452
407263
36602
IOEIOEI
AOUIOAI
380100
383469
29638
55566
386169
62145
EEIIUIII
366324
371899
AIEUAAEAO
351196
361184
366319
373614
380271
44089
386157
26770
36389
394137
404135
406515
66503
415000
422057
31968
OEIIOAEEAE
41441
20999
408359
409710
51142
OEIU
27330
404330
411382
419513
424490
24285
13600
22365
427764
436272
441595
IEOUEEE
8195
442427
27511
447087
447604
452434
455739
461205
16319
467377
477338
487016
495302
51142
57168
501815
509061
34853
509378
AOUOII
24066
505024
509446
512095
OEIIOAEEAE
40543
490464
493253
5989
22365
AIEUAAEAO
27511
51579
16850
UAUA
467871
472813
UOIOAIAE
29799
36602
460486
55566
OUIAUUU
446772
448123
8195
26770
457224
UIEIOOAEIU
434954
438903
445707
454813
456102
458357
462288
55942
464325
69999
471699
477754
8195
11861
32493
482580
489380
494507
42924
498563
OUA
489728
29638
33883
38831
498725
44386
505855
8195
512132
520417
526766
AA
501222
4989
42077
AA
EUOOAIOO
485742
29905
486815
5989
21252
5989
489311
28465
19221
12819
490335
59940
9527
OAUEAOOIO
21252
44755
488877
EUEAAIUII
465426
33993
12111
472448
474401
476916
480414
490366
495678
OOUOUUUEO
480580
20012
487802
32493
491936
OII
482247
UAAEUU
466939
17982
470281
32228
480271
31974
8195
487606
EAAUEUIUIU
UAAAUAUUEO
AOOOOOAUAI
467214
59940
UEIUUEI
457732
459659
466449
OEOUI
26350
464790
467303
476875
482860
489090
493461
UOIOAIAE
12899
480729
36681
485712
32747
17218
490245
490713
20482
35116
UUEE
489881
494915
497040
51386
504502
14539
506833
513446
32493
35886
517619
OAIUOOO
506579
45677
EUUOAOUUO
500683
509285
69719
44889
EUEEUUAEEE
492412
500154
506224
IUIAIAOAE
492889
27143
502613
42924
509947
19533
35006
510970
514887
519462
IOEIOEI
493250
EUAOOAOOUA
55024
475122
44889
477053
AEIIUAOEU
458615
9389
464349
OIU
440179
443572
47929
9389
452295
35476
UOIUOUUA
454301
45677
455467
69719
45677
31974
456266
45677
IAEAIUUIA
440408
52787
EUAOOAOOUA
90032
OIOOOE
418171
422014
OAUEAOOIO
420509
422141
426743
29905
41250
AAUOUOIUUU
412799
422377
OAUEAOOIO
406862
UEEIIEUIIO
44577
1500
388131
44386
35462
22365
395389
22071
59428
OEOUI
44577
66388
44889
374732
377557
383879
391988
51313
48799
400505
59428
41973
408233
409761
24628
38669
411903
34853
UUEE
389178
EUEAUAAE
EUEAUAAE
379976
383393
57702
387081
OAOII
380431
387646
AUAAEEAIIU
379363
AIA
OA
371962
34911
379470
19598
388942
389656
398103
54645
AUAI
OIOEAEUEEO
363169
48719
372432
377837
35462
57493
383967
OUIAUUU
59064
OUIAUUU
380472
26018
25832
388715
390336
397565
400695
406271
32747
407502
30224
411131
33883
420372
423143
432987
EUEEUUAEEE
46510
431609
47929
21252
27330
433574
26489
26018
47266
437385
26527
444086
448714
456884
464353
466699
21723
42485
12819
476276
478483
486885
494845
499115
44755
IIAOIOIAU
494956
499822
22670
36251
507221
510339
517831
27802
525017
529075
74482
534728
537010
538944
548096
555647
EI
537502
541500
31974
546172
AAUUE
536133
AA
18968
523437
531294
539943
547857
555895
UOEOII
25247
9389
539990
546960
EOUIOAUE
UIUOOOEUEO
529835
34500
UA
31272
517218
526491
33851
48818
43579
21687
530536
532187
538088
546246
555570
560890
10122
563563
572179
578505
13151
OII
572729
31808
576566
OAIUOOO
28863
36251
570167
575328
27824
37520
576262
577376
581762
16850
584651
592876
58178
601242
604810
613221
OAIUOOO
94205
22137
615389
IOAUO
604298
609054
50198
615247
OEIIOO
605592
42275
14483
OUIE
602517
603735
27053
49984
612003
618888
72315
621725
626826
44577
35886
OAI
EUOOAIOO
604851
79291
607675
42564
612171
50198
621217
626671
EUEAAIUII
31974
57539
11861
27552
613806
621373
41127
630340
EU
31462
615398
EUEOEUO
605578
612574
612612
47266
618368
621116
30224
27421
624252
36823
627000
27802
56927
A
18394
607121
59800
57539
46191
610393
615484
617929
626718
27421
627869
AEOUEEOO
23915
29955
OUAIUEEI
612006
I
606621
611839
II
614115
616862
625299
26489
19472
IAEAIUUIA
622618
631923
UAUA
615767
32747
OAAUEUAAEI
597911
598505
52617
29955
21821
602252
610099
42632
615275
34911
618392
OAAUEUAAEI
OAAUEUAAEI
617237
617491
622043
UAAEUU
25461
69203
OUUAUOEOAU
43037
EAOEAAA
43579
64901
564371
AOUOII
554134
555587
564214
26170
570121
34911
49984
578741
62475
587853
64901
594357
602295
55606
608344
615763
615775
16286
52813
24500
616252
69748
617128
620938
32524
IEOEO
62788
610933
OUIAUUU
57539
602795
610780
618602
66388
625117
II
620383
19598
622515
632008
11077
II
49984
59900
56743
32630
31272
638571
17965
643868
44755
652226
35406
16286
EIAU
50385
653534
660363
663176
69748
IEOUEEE
642370
651393
IAUAUAE
49288
28894
31974
652393
658051
27421
666007
673844
24548
677538
12819
AEUOEAIE
41616
658497
OEOIAIEAIO
655516
657581
664113
672693
678283
679772
57110
682031
55606
49288
691598
IA
30261
UOIIE
664676
45677
664911
26018
667332
667876
676958
677700
686237
58178
693587
34858
79679
AEOUEEOO
685508
694715
74482
49984
U
42608
OIOEAEUEEO
19221
AIIAIUI
IO
OIAEEA
27421
629643
29931
24500
632230
41349
641655
646283
648334
AA
34911
628547
637472
46702
642481
31527
645674
652762
50198
37158
31272
EAAUEUIUIU
630452
631141
IOEIOEI
60834
69748
635961
640329
647118
OEUEO
AI
39520
631036
48125
635342
638998
26170
47929
25461
33851
UOIIE
632985
637567
31974
645099
52813
EAAUI
632498
637005
EUOOAIOO
625044
633674
635720
640321
46193
19893
23388
AOUIOAI
45210
637897
641506
648304
657613
661327
669202
33851
45950
669864
13600
671141
26489
678816
680977
689144
696221
696272
32142
699155
OAOUIUAO
18068
687120
695636
35918
64967
17965
34599
705493
706710
710398
714556
718313
722323
732209
EUEAUAAE
38859
735005
AOUIOAI
AOUEAI
698386
707950
711017
719007
721832
57539
UAIOAA
719432
726259
33535
730840
738104
743259
51281
OIAEEA
38859
736850
48130
50230
738445
9389
744418
747203
44789
OUIAUUU
68909
743911
752867
758296
47706
764437
UAAAUAUUEO
62788
30169
IIAOIOIAU
73473
735462
IIAOIOIAU
47709
35918
19955
738696
41349
744906
746504
755537
760592
766791
770371
11861
775997
26170
781903
39285
783429
784339
50230
794002
796662
IIAOIOIAU
796221
24500
800305
805018
32630
13600
806517
EAAUI
42249
32524
49984
786131
794336
38859
EEOUOEI
27758
788754
797047
799997
803956
45971
811704
OIO
OAO
783904
27552
51800
792069
31847
801259
48125
32776
806354
34858
32326
806442
807460
816973
42249
EAOEAAA
814981
815020
29931
821000
827383
41616
829494
52813
838751
845200
AAUUE
EUEEUUAEEE
27758
11077
23299
820972
829387
47640
EOIOAU
809990
UEUEIEEA
801512
24388
EIUEEE
801189
801670
IIAOIOIAU
788797
789378
48956
791122
UII
789663
UAAAUEOII
20644
41616
781279
44490
71314
EAOOEA
764741
34955
773545
774669
778090
62475
780950
24548
UUAIEIAI
763239
75387
24548
48125
772417
774995
35918
778414
24945
17965
IEAIEOO
60834
EUAUUUAOU
754327
AUUEAAOUOI
63475
733533
28539
24500
12819
741617
745856
66852
27053
AUUEAAOUOI
747265
753647
58133
33521
43884
756920
759824
768424
II
O
11077
727605
EUEAUAAE
29905
20366
724629
730453
75669
32576
27758
737648
738941
742128
71586
12819
745137
745956
EUEAUAAE
748481
63122
EUEAUAAE
749539
63661
758860
762630
EUEAUAAE
EEOUOEI
753187
760537
765858
770353
774615
52639
778432
OOA
24713
72530
32576
13600
763914
52753
63475
771270
777271
781258
52753
48130
791020
797292
802567
810061
811815
813492
822354
830380
39520
835414
56490
835803
843121
26637
847939
856997
AEIIUAOEU
841960
UEEU
825484
833291
837097
839647
848226
51948
49984
51993
857422
51854
26170
39158
862004
867934
870624
871628
880582
886136
26489
890638
OIU
97618
61733
17926
879643
52166
882892
67827
891022
899110
48125
66852
OEIIOO
883970
26489
AUAAEEAIIU
879722
885979
31543
61363
889849
61733
EIOUEI
864931
874542
883351
OEUEO
886788
EIO
875234
57649
883897
885277
893935
896446
905391
913020
EIO
AO
44789
30261
18394
44490
890926
894381
EAAUEUIUIU
877129
883805
891772
40487
64967
896148
899727
EOOIEAIEUU
888842
893740
AOOOAUUO
875872
877671
879687
33535
39158
OUA
863631
869578
877673
880368
21333
AAEO
853477
39811
69912
862702
102305
871590
49195
49465
878797
AOUIOAI
871361
13600
32224
871371
881070
886795
895209
OIU
893202
EIUIUAO
878923
881125
887505
UAIOAA
79679
44096
40542
876634
AAEIAIUOO
26637
849247
856464
78073
UAI
832554
EOIOAU
817627
EUEAUAAE
816164
822513
59064
60716
81514
33165
EUAOOAOOUA
OOOAE
791934
41050
56124
799743
808991
815564
41545
823560
OEIIOO
37421
AOIIOAEU
786599
788984
793640
69009
799970
AA
787332
27552
792466
796039
805275
61733
806063
812244
812594
73573
32998
UAAAUAUUEO
819621
820766
824382
UAAAUAUUEO
49929
41874
EUOOAIOO
EOUIOAUE
81514
801439
37421
10093
55715
802005
808701
814799
817521
AOIUAEEEO
805283
809966
93229
812792
54400
57002
56664
UAIOAA
26170
800118
IEOEO
49465
790265
792514
798327
801748
802637
811586
812263
69009
61031
61846
51345
820354
826780
108992
EOEAOII
804443
806221
21287
UIUOOOEUEO
52753
51345
793385
801534
EOIOAU
AUUEAAOUOI
44096
19955
776845
59064
780314
33535
789148
793998
79679
OOOAE
67750
771372
781318
789297
798596
807290
47709
24593
815602
41050
11077
823522
OAOII
51737
O
813889
EUIIAE
797816
803978
76049
47640
809094
76049
813556
AUAI
785280
72317
791586
800483
801136
47014
29388
55611
47424
808359
103900
812341
33890
EUUOAOUUO
51812
786678
UAI
49648
48820
763464
78286
25877
20366
28539
764790
35505
769764
29388
63384
778699
UAI
47424
779903
783073
788340
OOOIAOUA
771931
39641
53438
779376
786944
795733
62018
48820
IUIAIAOAE
797508
25877
54400
61733
54245
802913
29920
803988
OOUOUUUEO
73571
779885
32998
781536
61846
32224
790636
47424
800266
803939
807558
22351
57539
36694
812072
817032
817876
827548
59428
836825
48820
AAUOUOIUUU
79193
831531
OIOOOE
809889
73571
35685
814465
55715
58589
820681
88494
829469
832515
19955
27053
30261
840354
IUIAIAOAE
43122
840122
AUUEAAOUOI
35685
823634
73571
58348
51386
830620
84665
EI
EI
830266
833971
58589
842839
66852
44096
59428
73149
849755
853187
49929
857730
17926
857761
73149
56529
862467
869339
872375
IOAUO
874696
883675
890267
899886
87586
901037
IUIIUOEOE
882725
885172
28539
890366
44787
52871
896340
904362
38296
913857
20366
66372
915071
IUIIUOEOE
IUIIUOEOE
UAAEUU
65967
912412
918523
UAAEUU
919775
52753
28539
51345
920784
AAOIE
43122
AAOIE
80345
913266
EUUOAOUUO
85628
903474
69586
911426
920987
57366
41050
44084
UII
910585
911952
916427
916853
46680
926312
934912
AOUIOAI
936471
23966
49465
34507
946459
951765
AOOOAUUO
AOOOAUUO
937384
945377
UIAUEAUA
50343
20366
951217
31543
952323
65967
959744
966575
976021
985314
83838
46283
993061
35353
IUIIUOEOE
31175
48303
IAAAAUU
42520
961156
53461
963501
971071
66852
44084
978931
61031
85628
983852
54400
985641
991673
995382
47448
997551
1005137
1009278
1015486
38296
55715
1024142
75669
1033269
75669
UIOAEII
1017276
IOAUO
1009365
48699
73149
36237
53312
1009929
51345
1012358
1019852
1019936
1028227
1035096
1041295
69009
1044073
1050527
126526
IUIIUOEOE
1030996
1039376
UEEIIEUIIO
66852
25877
UEEIIEUIIO
IOEIOEI
41349
AEOUEEOO
56326
1001753
1008796
IAAAAUU
79679
1007586
1010930
1014009
1023333
52753
1027595
81514
1029043
26623
41349
1031249
1034344
47014
1037400
1046567
1055019
47014
1059605
1069150
26623
1078250
AO
1050703
1055618
1056275
59352
77215
1056676
UOUIIIO
1038857
1042043
1045207
UIEIOOAEIU
1043194
1049724
67179
1055272
66871
UEEIIEUIIO
1026643
1029335
1037097
1043747
59428
47045
1044172
1046137
53529
UEEIIEUIIO
AUAAEEAIIU
86293
1012377
1016453
43122
16286
36237
67179
1017193
1018660
41100
27954
1027099
OIO
1017137
1021540
AEUOEAIE
UUUOOEE
EAUOEE
973287
79679
EAOOEA
975350
978517
982273
988876
995996
AUAAEEAIIU
979091
988926
989714
55775
993552
57703
999174
1000242
54400
1009876
AUAAEEAIIU
45298
66852
80366
1009386
1014871
56447
73571
1022141
1025417
1026098
1033900
OOOAE
1018548
1018624
1028109
48303
UAAAUAUUEO
56490
54754
134617
1028632
81784
86293
51728
1033058
AIIAIUI
1010170
33788
36141
1014361
20366
49288
1017873
36180
1018188
57342
AIIAIUI
61733
58355
1025297
1031924
1035806
53801
1038462
1043780
71970
1050148
1058335
1061223
54445
AIIAIUI
OEIIOO
1057694
1061680
80339
1067955
46283
OEIIOO
68599
77215
1075344
1084814
1093050
1099512
OUIAUUU
46623
58301
1086600
134617
EIUEEE
1073349
60732
1082712
69419
1089398
34858
1092209
47424
1092699
68213
EOEAOII
59768
1083571
48820
61031
1092184
1093914
41050
1094441
1099087
36180
1107870
36582
1114107
1123361
AAUOUOIUUU
53312
1109461
22351
1116601
1120413
59155
1121964
1130476
46680
44787
1134329
44787
66372
1136754
EOAA
88494
1127585
IAUAUAE
1126304
IAUAUAE
53801
1129207
49832
50775
1139177
46283
1140919
1147291
70050
1156532
1166179
60887
54400
76396
OAOUIUAO
1147770
OOEOOE
54445
1133823
1133877
81784
EI
UAAEUU
59352
1095263
UAAEUU
110716
52639
1096912
49832
1099766
26623
1108610
78286
71970
UUIIOOEU
51728
EUEOEUO
UIU
81743
AEU
EII
89247
54087
1013405
1022300
36237
1029297
87050
1035651
76396
1037571
45519
1042793
OOIEUIUAU
16883
36141
1036644
24183
AEIIUAOEU
59768
1029527
55036
1039077
38506
1042778
50990
1050213
1059952
OUIE
1049032
OUIE
1054522
1054581
AEIIUAOEU
1031699
AEU
1018766
1025075
OEIIOO
1021694
1031252
62887
1034615
49832
50990
1034618
26777
1044217
57997
84639
1054154
EAOEIIO
1033324
1041192
81784
27801
1045364
1047322
IIAOIOIAU
1036565
60732
36582
55452
1044770
1050469
1051856
33788
27053
1060320
OEIIOAEEAE
1044524
1047832
1055800
36198
1058580
44787
1064935
55036
48361
84639
36118
OEIIOAEEAE
1059822
16286
1062996
1065610
80490
86001
16883
1067274
UUIIOOEU
1049419
EU
1033973
1038814
105320
1045843
1046705
AEIIUAOEU
58301
1045006
37935
1053266
1062795
1065381
1068811
1074183
51345
1080924
1085752
1086533
AUAI
1071363
1078278
1084804
AUAI
76020
OOE
1078879
1079114
73142
OOEOOE
IOAUO
56664
51735
1072225
51386
1073483
1077162
1077878
1082660
UEUEIEEA
1078387
1084177
76020
48303
UOEOII
OAU
49015
60732
1048831
1053179
1055416
87050
1057605
1062388
73566
1071128
1078223
40223
1084085
1092741
1092837
48303
68970
41050
1095766
1099771
1109024
16883
80345
72621
1115903
1123988
II
80339
79193
1109761
1116404
26777
OAO
1114357
AEU
36509
1092263
1095209
1104860
IIUAOEII
OUAIUEEI
47448
OUIAUUU
1057798
1060673
1061160
1061398
1071368
E
53801
1071691
134617
34583
1081607
1082660
49832
1092300
1092341
1092942
EOIOAU
36582
AI
1064068
1066986
1069767
1071401
1075520
AI
1075737
53801
51219
1077094
1080478
1088176
1095694
59352
1100871
1102946
EAUAEEEOOA
54791
OOEOOE
1085505
69623
1086684
1091107
AOUEAI
1089616
1096614
AEU
37935
OOE
1071781
IAAAAUU
1054117
1061748
1064654
1070070
1076512
1079850
46680
1089673
1097079
64819
56494
46623
64819
1101519
24214
1103250
66852
UIEIOOAEIU
1090167
35762
87050
UIEIOOAEIU
1089700
57997
EOOIEAIEUU
1080020
1086524
1089759
67797
70725
76049
1094855
1104232
1114216
27053
54087
1117657
1119402
1127743
1135125
78064
57366
70679
33788
1138620
56367
1146503
70115
1146859
46018
1155928
1156346
81514
41926
1158092
80490
1167975
EOOIEAIEUU
1173566
51739
38324
1176839
54233
21060
24214
1183088
AAEO
UUIIOOEU
48076
48076
1156120
51735
47412
1156806
1159824
1162397
1168960
1171095
1172592
1182459
57997
1184978
1188586
1193192
1197605
61774
26777
1205875
64370
30003
1206677
62887
1210888
1220262
OOA
9632
72861
64819
1201258
88494
AOAOAUUA
114655
1185351
53801
1187138
27053
1195711
1199718
1205102
1210696
80345
1219491
117357
UIOAEII
1214843
1223420
1229443
48076
47486
1230820
1236351
1242521
1250783
81201
1257074
AOIEUIU
1240313
45935
53801
1247966
74036
1257325
1261386
1271101
1272793
1282190
41050
IOEIOEI
47434
IOEIOEI
1253349
114655
1259683
43924
OAAAAAUUAO
AAOIE
1225820
1233653
1240565
1241585
1245581
1253278
1254404
1261231
54087
40223
1269906
66852
1278605
1283654
1288187
38939
56664
40223
1290347
1295866
1299459
1304271
35440
117501
1311409
IEOEO
1301945
63475
EAUOEE
1296586
1301669
1310633
62887
1313937
77215
1317146
37852
1319484
70305
1319641
1326632
1331502
61774
AUUEAAOUOI
OOA
1288660
96281
70050
1291367
141244
1292351
76020
54087
1295531
1298587
IIAOIOIAU
1289863
23034
87050
1292005
1297624
73003
1305633
34583
1313600
1315100
1318295
69623
58859
39811
53886
1322490
52318
IIAOIOIAU
55775
88494
63063
1324176
1330307
1335522
71543
OUIE
1323824
76855
OEUEO
IEOEO
1295081
65363
48984
62887
88494
28096
50814
1301030
79830
1303054
43544
65363
32736
1306671
OEIIOO
1299670
1304930
OEIU
1281887
1289440
EAOEIIO
1286825
14609
1294606
1296982
1297370
1299340
41926
AOOOOOAUAI
1272592
27801
29929
1281282
1284562
75428
1290614
70679
1296814
1300597
1306221
OUAIUEEI
55036
1294555
AOOOOOAUAI
1285466
49015
OIOEAEUEEO
41649
9632
1271320
1276974
1279669
1285784
1295542
1297633
1306976
UEUOAUAUE
1302749
AAEO
1297156
1301374
1302300
1304722
1311764
54791
1318918
1323903
1328328
AAEO
AAEE
84769
57179
1313441
1313925
110188
114655
1322873
1326326
1329879
52699
62498
1334683
58850
EUEEUUAEEE
AEOUEEOO
EOAA
48984
AOOEUAU
AAEIOU
1285828
30611
1293355
1296285
61636
AAEIOU
1304814
1304929
51253
1313227
88494
1321973
28096
1331567
1338846
1345856
1348174
1350353
37883
38829
97847
UII
59352
69663
46018
1327317
1332659
48167
117357
EIO
45759
EAIAIUIE
1291585
80831
70173
O
1284748
48875
1288435
1290462
1298353
1306764
1308021
53165
1311180
1311315
1316261
1322498
1329802
28608
114655
II
55239
IAEO
1309395
1312694
1322471
51932
OAUEAOOIO
62498
1306950
1309748
99589
1312789
1322548
1329409
1332360
57366
EUIIAE
70173
1305838
1311953
1315630
28608
EAUOEE
43122
OAU
1306118
1308795
99322
148384
1312417
AEIIUAOEU
1293612
1299144
1304091
1308978
1315479
1323087
AEIIUAOEU
53612
67252
1303030
41926
53886
IEOUEEE
1288063
1290520
1296809
1305450
88494
IEOUEEE
1312958
OOIEUIUAU
1299456
30611
OEIU
1271606
1277157
1281927
67252
76396
EIUIUAO
102949
1277207
1281164
1285562
1291112
48167
1297735
AEIIUAOEU
62887
1295706
1298645
1304657
1307913
1309160
1309639
70159
1315164
1321822
1323071
EUAOOAOOUA
UEO
1297328
1298687
1306986
90351
IUOO
1287784
1292446
67252
78245
1297596
1304265
86044
1313709
1314271
40400
EOUIOAUE
62280
1289341
AOUIOAI
37935
OUUAE
1269791
75600
1278289
49490
1287710
40821
OUUAE
63549
1286369
56367
1295165
U
55629
1287452
1294281
79747
1302125
24234
1302268
1306975
1310325
1314250
43342
AAEIAIUOO
1297474
55141
AOAOAUUA
49015
48875
1276785
1286062
1291748
1293452
1297280
1299029
53886
1300782
OOOIAOUA
1302620
30003
IAIO
1279894
1282016
OEIIOO
56326
63549
1261217
1268101
1273901
1281804
89421
OAIUOOO
1270041
1277635
1285606
OEIIOO
1272124
1274148
1279087
1282930
1285593
1288606
UEA
63549
1274015
1279161
AAUOUOIUUU
UOIIE
70363
50856
1254649
97847
55653
40223
1264580
EIEU
1258382
1266917
1273593
57480
99589
1278768
73605
77684
61526
1279662
1283012
1289294
EOAA
1267094
1273874
1274543
54087
1278035
86259
1280559
48361
1283555
EUIIAE
55036
1284267
1284682
1288956
1292755
1301038
1303859
1309032
1313657
1319656
1324922
55653
57997
OUUOEI
84532
1316019
57788
1324293
38324
1328244
1334660
38829
OAEAEIE
1325631
72209
77748
1335071
1340722
1341438
OUUAE
35526
1336803
1340955
1345302
30003
1355203
EEIIUIII
49764
75428
56664
1348702
57179
1352006
38829
1361870
1364340
1366907
59846
35788
1372562
82126
EEIIUIII
OAO
1337983
AOUIOAI
64869
1332456
110188
1341917
1345498
1355314
73792
1363951
EUEOEUO
49764
1367855
1375827
1383650
55239
1388746
UOEOII
1379484
UAAEUU
55036
90721
1379532
UAAEUU
1381152
1390419
55036
86829
1397641
77748
55194
86259
1400518
U
1379745
1387396
55239
1392107
IA
79747
56670
61407
1370122
49015
53612
1371127
1374256
IOAUO
79830
1358926
90721
UIAUEAUA
1331053
1336985
1341823
1344833
1347340
1351320
113922
UIAUEAUA
64819
1356565
1363955
30003
1365045
1365468
41926
1370816
1373561
1379062
1387506
1393033
50856
1393647
37935
UEIUUEI
72146
1379327
OA
OAU
1347849
1356097
94020
AOIUAEEEO
AOIEUIU
1332300
39811
74716
89255
84532
82126
OUUAE
1329918
65363
1338259
1343088
UAAEUU
OAU
1294130
OAO
1289056
74372
1297877
48875
1300207
1304573
1306015
43179
1311627
64159
1315723
1317704
IAAAAUU
19428
IAAAAUU
AAEIOU
1281162
53093
27801
1288526
EOEAOII
IAEO
1255074
95322
35425
IAEO
108444
1258858
1260950
75788
76858
1266546
96182
73792
94718
1267972
57480
90721
1270971
UEEU
A
1226010
49015
1232055
90721
1232825
1237367
1243012
UEUOAUAUE
AEU
1240853
AEIIUAOEU
AEIIUAOEU
1233579
1238695
IOEIOEI
75788
AAIEE
55629
AAEIAIUOO
1177517
EIUEEE
1166479
1172978
1176911
63822
85654
1178726
OAU
53886
1166433
1175946
78716
1178448
19428
OAU
1157513
120913
76858
1164522
1172456
110266
1179433
1179925
UEUEIEEA
90351
1184478
1185948
1194693
151330
56201
1196733
1204776
1213742
1223317
79830
OUUOEI
1208052
53886
72378
1214570
1223155
1225321
1231743
56851
1233725
79061
76986
1240809
1244201
1250270
1251520
47434
1255199
47434
39907
OAO
1242474
1251752
1255093
1265032
1270161
1274108
AAUUE
56664
75581
1278282
1281078
1285994
1292571
1302476
1304220
1308996
1316837
1319822
1328972
82613
1335696
1338853
1345500
53434
AIA
72378
1327539
1332907
91684
76986
120913
45075
72670
95322
72645
1338687
OOA
103966
AOOOAUUO
1326408
1329340
91467
1331002
1335320
46965
69505
84532
AAUOUOIUUU
1328626
1330014
63549
EAUOEE
EAUOEE
IIE
1316400
1325791
79828
1327286
1330218
151330
1334412
48875
49764
1337726
64577
44826
OIOOOE
EOUIOAUE
1328760
1329550
1336077
1344312
84532
46965
1348651
1358333
76858
1367926
1376029
70305
1385613
34778
72670
70502
UAUEI
57997
1366674
68274
1373694
79526
UAUEI
91257
UAUEI
65154
UEA
75632
40733
1350181
58965
1357407
64869
1358135
1364450
UEA
81469
79828
95089
1367963
UEA
72378
1375742
1381053
56670
1385331
1394470
1397032
63822
72670
43342
1404857
79974
1409388
92839
UEA
55726
AOOEUAU
63549
1388174
1395743
OUAIUEEI
75632
IAUAUAE
1378157
58755
1385117
IAUAUAE
EOUIOAUE
EOUIOAUE
88962
1378868
1383879
1386880
9632
74372
1394620
1400194
68982
1406636
1413523
104663
1418269
1422144
1423182
1429144
70173
1433108
EUAUUUAOU
1430412
1434333
1438886
1445393
1455383
AEIIUAOEU
60488
96182
1428692
1434144
1437368
1439925
AOIUAEEEO
1422094
47434
1422792
AOIUAEEEO
1423893
113352
1433777
86044
OAAAAAUUAO
AAEIAIUOO
68274
1414282
1419472
79061
1427157
1435143
108444
1444055
1448957
27501
1449715
47838
63088
IU
78716
1429365
1430415
1438264
EUEAAIUII
44865
71499
1442666
44120
72378
1447229
1449784
1458579
108444
1459889
1463426
EIAU
1462096
1466452
51253
63126
1472530
EIAU
IA
70615
1446713
1449759
1458839
1465625
1471168
70735
91257
1478715
98120
109974
1480749
39397
1489488
90135
60488
63595
1496120
1497913
1503062
92839
1507637
26257
1510310
OEOUI
1494967
88002
36033
76986
1497229
OEOUI
1491934
42645
AOIEUIU
1477423
1478173
1480140
1481520
1481539
1489961
1499539
1506100
1511515
1515662
EUOOAIOO
1499182
115416
53911
80873
1504617
70615
79828
1508920
64869
78716
1517994
1527269
1531055
83563
88456
1540535
70502
1543629
1544432
49015
1545483
1549992
1557595
55194
70502
57480
1559493
1559504
1563007
46779
AI
39397
AI
1550185
1556816
1559126
UUIIOOEU
1547927
1551563
88609
1558055
34778
1567513
80490
1573262
108444
1581221
53886
1591042
76654
1596542
IOEIOEI
130560
1582572
44865
1583623
EAIAIUIE
1576374
79830
53886
1577307
1584576
74297
63475
71499
1592899
EOI
1566237
AOIUAEEEO
47838
79672
1555709
57095
63595
1560617
1568506
IAEO
1553699
1556358
E
83563
1538254
1540081
84223
1547291
E
78709
1529239
94384
62730
1535102
1538345
1538759
1545317
75344
OII
1529947
AOIUAEEEO
151330
1521460
70844
1528910
1529022
1531911
72548
1537266
71749
85811
65154
1540841
EIOUUU
1517105
100886
135240
EIOUEI
60665
1510306
1510396
74372
129587
1511179
1513877
57374
26133
1520247
1528253
89172
1537765
1547104
1550214
83590
1554444
1561836
9632
135733
1571787
1578680
1582647
85811
83854
1592624
1594775
88609
64577
AEEAEU
62887
OUIE
1581662
1584748
1590234
1591929
81469
1592933
65154
129587
EAAUI
1589226
49209
1590466
117357
90415
1595403
53886
30182
1600351
1608161
48923
1609916
1611479
113004
97799
1612588
1616280
86044
98847
OUAUI
OUAUI
1598384
72548
1606804
1608617
1615696
60013
OUAUI
AEIIUAOEU
79974
35987
1599008
AEIIUAOEU
1603824
1611194
98120
IIA
1602128
92590
1602189
1603628
1604421
1606368
1615988
73222
1617028
1617464
1617647
1625288
124501
79974
84909
70844
1632178
1638392
1645520
1650622
1654903
1662279
115416
EEOUOEI
EEOUOEI
EAOEAAA
95915
73772
1630714
86561
83590
UEAIIOOI
IUIAIAOAE
1603794
1611129
1616395
OUUAE
60665
1599891
83590
1607869
1609379
1611257
UEEU
68982
1591048
1591958
1601493
1611050
1621037
1625794
1626513
EUUOAOUUO
1603456
1606458
94084
64704
1615503
1618234
1620021
1625369
1634391
66886
1634897
1644840
94988
1653848
68242
78709
1662244
1666799
64159
54047
1676655
58296
89823
76654
IIUAOEII
124501
84909
EOUIOAUE
1638804
1645683
1645857
1646844
1650386
1655211
1662591
36484
76842
1664197
EOAA
IIUAOEII
1642437
53911
1646363
AIEUAAEAO
1653523
92218
OEOIE
1648325
92893
1656752
1662379
AEOUEEOO
EEIIUIII
1633684
1634262
OEUEO
1634926
1642445
1646205
EUOOAIOO
EUOOAIOO
110744
63595
32486
86687
1638240
99325
57374
1647823
100081
110744
1648310
50613
51054
1654412
1657753
OIOEAEUEEO
AAEIOU
UII
79672
97799
47911
1630210
64159
1634437
1636833
61507
84223
1641868
67766
1647372
1655724
1659071
1659244
42779
1661715
OOUOUUUEO
74297
1659092
1660424
1661542
1671427
85811
1678524
EAUOEE
1656866
1659142
EAUOEE
51253
1659054
94718
1661844
44734
48721
1668498
1669454
1678718
86829
71825
86207
1686607
1689361
UEUEIEEA
IOAUO
98120
71624
EOOIEAIEUU
1637009
1642178
1650083
1656748
80470
67766
1666142
1671759
1674189
1683838
1687271
83590
34778
1693175
IIAOIOIAU
1683899
UOEOII
1673495
75219
1683117
67774
87312
1691362
1691452
1696636
1701518
1705458
AOIIOAEU
1690028
1693201
1699664
1709617
56846
IUOO
90149
1700652
1706588
77769
68982
1712231
80470
95487
1717023
1719504
AEUOEAIE
1719663
1728873
104663
135240
1732460
108444
1739392
90135
OUIAUUU
1712331
1713899
OIOOOE
1692299
98847
1696324
1706075
135240
102227
1712360
112913
1720170
1728728
OAUEAOOIO
1721578
75344
75427
1726150
UIOAEII
1708428
58849
1711931
68982
1721620
1723162
1723804
71716
1725796
UOEOII
47838
97799
1717292
1722572
86207
88003
1729949
65124
AAIEE
AOAOAUUA
1703503
1709733
49015
1716692
1722279
86044
1722975
82434
49209
41141
1725291
49209
1735189
1738031
OOEOOE
1731299
EUEEUUAEEE
1718581
91791
91699
1726076
90907
96981
1728921
1737225
1741413
90991
49209
1744770
90135
1753454
79974
1757933
80470
43701
68982
1767826
1776209
68633
97452
1780251
1788136
1790324
1795497
1803065
1805130
AAEE
1783705
1784232
44734
47911
94988
1788147
1796409
113004
1804790
1805270
1810529
1819111
1827764
1832715
79554
96981
9632
1833999
9632
65124
EUAUUUAOU
1830009
AA
1829455
UIOAEII
1817729
44865
1820560
135240
1823666
1826693
1827397
61891
1836577
75219
90907
1839983
1845573
80470
83590
1848693
1855613
94012
81469
1863971
1869922
UEEU
1864238
42779
1868645
68527
1872819
34778
1874245
68982
AEU
AAUUE
1849856
71716
51054
1851538
65124
1856051
EUUOAOUUO
OOOAE
1829743
1835855
1845105
OUUAE
1832703
1836399
1841469
1849910
140862
1855267
63126
140862
EAOOEA
1856329
1865347
1875080
IEAIEOO
UEA
1847743
1851306
35630
9632
120024
83854
90741
1854374
74525
86829
1861381
1864065
71525
80667
66328
154262
UEA
1864431
1874106
1878943
UUIIOOEU
1860368
75524
1866161
1869315
1875119
UUIIOOEU
1878036
OUAIUEEI
95040
1873277
79426
OEIIOO
105953
OEUEO
87933
100616
91363
1833809
82434
1841611
1846914
1848044
73222
1849087
EIE
65444
1833782
1835311
1843959
47729
1852822
51054
1854564
60837
1859943
EIE
69430
1865886
75427
94012
1873249
61291
1876241
1884728
106396
AOUOII
1866771
1869734
1871306
69994
1872764
1876880
58011
1886485
43701
1892003
76396
57448
1898205
1905935
1907326
1917314
44734
51054
1924271
OAAUEUAAEI
65444
1919992
154262
1921858
1930911
64140
1936785
1941628
1944675
1945330
63126
1951222
II
51054
1929203
113072
69505
1935725
1943836
1948237
63126
79974
1949638
77769
54661
1950382
1953308
1956025
EEOUOEI
1933146
1934278
1936715
70913
43701
1937345
63353
95040
90907
1937875
120024
EEOUOEI
46604
1939500
OOOIAOUA
11929
AAOIE
1907762
AOUIOAI
98947
1900525
1910289
AEIIUAOEU
1914413
IIUAOEII
98407
1891506
1894407
1903748
1911528
UEUOAUAUE
1890079
111586
1896903
1898772
1907891
1908349
83590
79061
90991
76009
1908821
1914829
1920328
1927772
98730
49709
1937444
1937484
1938932
AOOEUAU
AOIIOAEU
1916235
58011
1921762
AOIIOAEU
94988
OIO
1914756
1922991
93486
1929109
1938288
1944636
49709
1951535
OIO
1953212
82538
1955066
1963903
1973492
117564
1980996
1986896
1992864
EOOIEAIEUU
1992959
2001962
2010235
UAUEI
OOOAE
1972209
IUOO
128205
61891
1966286
1972197
1977319
120243
93146
96981
98947
120024
1985669
67075
91791
79271
1989910
1990808
80470
1997720
80796
2002025
103312
IUOO
1997902
99501
2007121
2008865
2013117
93146
83590
2022005
58011
IEAIEOO
2002102
89956
2009490
2016392
EOOIEAIEUU
2012995
80470
2016019
2019162
90907
97799
61282
2027374
2036472
2040326
83854
2041992
98407
2042172
2050116
2059195
2061318
99135
105953
46005
EEOUOEI
2055606
2062924
2068664
33199
2072190
OIOOOE
100886
83854
79051
2050531
2051325
2057152
2060514
2066495
86829
2067304
67766
2075421
2082967
144773
2083270
58011
60549
2090270
2094844
2101160
2105298
71527
2108428
2116476
EUEEUUAEEE
63595
80959
2100893
90741
67766
EOEAOII
UAAAUEOII
66531
2044460
2050484
2058481
2063954
2064254
2067240
2067846
AUAI
2056960
UUAIEIAI
2043891
75344
2052341
UOIUOUUA
79796
2041579
AEEAEU
71749
75344
39755
2033147
85822
2037839
63595
89803
2041420
AOUOII
70891
2025398
2025697
2028083
UUUOOEE
2028059
60619
2029159
2035737
2042519
2052480
2057675
2061185
2062009
94549
2065988
2075610
100683
2075977
2082920
UOIOAIAE
2075974
90741
54813
2085413
2089189
62296
71525
IAEO
2081911
2087679
EIUEEE
61282
2074418
71527
2076005
2082781
2085649
2095367
2099025
2099711
2108449
2110859
59765
128205
2112308
2114619
2121666
2130033
2135089
2141208
2143367
2150179
74297
2151024
2154553
2159542
2165408
II
76737
2141511
2150067
98407
2157308
2163069
EAUAEEEOOA
UAUEI
66328
78012
79783
AOEEEIEOOA
156940
33199
79796
OEIIOO
AAEE
2070055
2079902
71292
62798
2079933
2088952
2091621
2099467
OEOIE
2083893
75241
2084410
2093407
OEOIE
90741
2092827
2101401
2106722
85811
2111612
76924
131724
AOUEAI
2115093
2124537
2125957
77769
2126888
77782
2134212
144773
OAU
2134594
78012
2138250
2141639
2149020
OAU
2155497
2157319
2162625
2163362
99135
2166898
2176873
2181283
2190145
2191377
AOIUAEEEO
100683
2179913
2186832
2187747
2196455
2200039
112537
2200634
AA
UOIUOUUA
98407
90125
63414
2173668
2177092
2177796
2182730
AOIIOAEU
98120
2176221
73980
2177049
71292
2183624
54813
2184791
2190081
100683
2192218
EIOUUU
2189722
2198503
97799
2199076
90125
AUAAEEAIIU
38315
51060
2174611
UIAUEAUA
2158775
2161251
2162689
OOOIAOUA
2155130
93147
2159356
2161727
78080
2164100
UAUEI
103775
2137706
2144733
2147134
2156801
2157460
2158404
2158655
101123
OIOEAEUEEO
OOOAE
82463
119187
2120036
122356
63126
OOOAE
2116575
86207
2120756
73980
2121483
143268
IOEIOEI
AEU
81469
67421
2092555
97718
2096743
AEU
101123
81100
EEIIUIII
21263
2092130
107941
2094384
109741
2096159
2103721
2113393
47911
61149
2117758
93147
EOOIEAIEUU
2110262
OOIEUIUAU
UOUUA
2064115
2069316
AOEEEIEOOA
94731
51060
76924
2067753
2071015
2077526
2086388
IU
2079037
108327
2087087
104663
80063
2092362
93486
2094814
38489
79473
2100185
74756
74306
2107982
84234
156940
2110847
IUIAIAOAE
2101720
63802
156940
2107794
120243
2111708
OEOIAIEAIO
99072
2097738
103775
77822
86310
2106646
UUIIOOEU
86207
2082216
2089323
2096999
101851
2099803
2108390
2108826
UUIIOOEU
2107497
2114420
UUIIOOEU
2116544
50343
EIEU
AOAOAUUA
2103487
2104096
99135
2108459
83242
80470
138686
2116205
2121608
72680
OEOIE
81831
58011
2117877
2125643
OEOIE
2110650
2116950
OEOIE
2115580
2117829
2125646
2125867
2128271
96017
80535
2132587
UII
2135607
2137315
2143621
2143735
2149542
2150842
2154233
EEOUOEI
2134642
EEOUOEI
2143186
94387
93486
67766
2145640
2146657
2155404
EEIIUIII
2164338
2168342
2173734
54217
97812
2181907
EEIIUIII
120347
2179468
2180335
2189340
2195667
67251
91438
2202816
2212753
UIAUEAUA
EOEAOII
108327
63802
EOEAOII
2174592
80063
OOIEUIUAU
92590
EIUEEE
66441
2161212
2163307
2171507
54217
2178071
97718
UEOIEAIUU
2161380
102905
89138
2164548
103927
OAI
UAAAUEOII
111760
110989
2130850
2137755
68117
2141878
102955
2147582
2151921
86310
2159912
2162392
UA
2156065
96826
2164553
100884
2164632
100844
2174472
2175101
2179535
2188454
2194102
100683
AAOEE
77614
2185459
97718
2189757
2197626
2203789
77614
2209570
2210736
80602
60619
2215509
2219454
2225465
2229257
AO
2219776
77614
98407
UIU
75538
2206347
2211454
2217468
2217722
138686
81831
2220716
2226920
73076
2230243
OUUAE
2208882
94757
IOEIOEI
2187474
IOAUO
92280
72830
119311
2185602
2194915
2197794
38489
2205095
IUIAIAOAE
107488
EAOEIIO
110989
131455
2161806
86952
86829
2167121
OUUOEI
65655
2156745
2161139
74306
2167168
EIUEEE
73402
2144477
UAIOAA
2133543
109535
83434
UUEE
107654
2122218
2123404
101332
2127519
2134462
UUEE
100683
2133895
2138139
81792
93560
2144449
2152368
100884
2160638
62585
2161200
2162156
100926
2168064
33199
109100
2170030
2170440
2179806
2188010
92850
73076
2192029
OUIE
87430
2184302
UUIIOOEU
EAOOIEAU
2170780
85017
2177845
A
2167557
2174558
UIUOOOEUEO
2146758
UIEIOOAEIU
2143249
2148556
UAIOAA
2143406
2149437
71127
2155576
2158084
62730
2160463
UEAIIOOI
90741
2164023
71749
2171920
2173921
50827
92850
130826
72830
2179602
2187416
2197134
77319
2199150
2205805
50343
125748
105404
2206290
2208324
2208430
2213377
EIO
2204029
2212752
EAUAEEEOOA
2192007
EOI
2191204
2192906
2196512
93560
2200015
78080
96826
2201743
2205456
2212334
153457
EAAUI
2199208
2206866
88168
2207960
131455
2215001
2217093
2224069
107488
EAUAEEEOOA
105404
79974
OOUOUUUEO
79974
124661
UAIOAA
2173164
2180688
UAIOAA
2185270
59699
EII
72830
64488
83854
87947
2177479
2179066
2180070
2184875
2193363
2198809
2204214
116394
2213584
114219
2219093
71224
EIOUUU
163967
60016
2208021
2210712
2219472
2225146
136649
2228123
116394
77637
OII
AOOOAUUO
2220363
53131
AOOOAUUO
103748
123711
2220463
93560
116313
52881
2222449
OAOII
2204471
2207616
76924
2216518
79796
2216724
83557
2224741
2233468
2233669
52353
89591
2235145
2235730
2245615
125748
2255275
93147
131455
2258282
2263185
117186
2269675
AOOOOOAUAI
UOUUA
124371
82538
91699
2246457
122356
2251937
95646
2259782
2269552
AOEEEIEOOA
2251932
63820
60619
2258277
2263916
73076
2267141
2274256
88965
2280671
2283372
2283375
2289434
OAO
2284198
2284915
136649
EUIE
2278443
2283952
UUIIOOEU
OIOEAEUEEO
2257912
2265831
2266251
2267430
EOEAOII
128205
67341
93560
2245722
2248621
122356
2255654
AAEE
IAUAUAE
2228153
71687
109620
2234545
2235918
2243039
109640
58011
EUAOOAOOUA
2246209
2249069
OIU
2235946
2239617
2247095
87242
2253256
UEUOAUAUE
2247407
EUIIAE
2246457
2249339
73076
147936
OOEOOE
2233364
2237929
2242149
AAEO
2237053
IU
AOOEUAU
82458
47911
112537
118965
66441
96017
96826
64461
109640
UAAEUU
2195766
2205388
79904
106064
UOIIE
118965
2201609
72940
2208498
2218270
U
50827
119522
2201109
OIU
OIU
UUAIEIAI
2169216
2175011
2182104
2186132
2196097
2201346
2207969
2216926
2218206
104032
82535
2227793
56503
2228480
2234499
2237069
EOEAOII
2235672
2239381
2239432
2247947
OIO
IUIAIAOAE
53522
2235653
93560
73351
64461
79974
77822
2244308
2246655
OEOIAIEAIO
108946
111208
2243177
2246689
OEIIOO
71224
2244777
111489
93103
93704
2246564
2254579
2258888
2262046
2267409
OOA
2260742
EIOUEI
101817
105448
2258971
OAOII
2256556
2262114
77614
85145
OEIIOAEEAE
AEU
2259238
2261193
60016
90741
2269872
2275550
2280493
2286301
2292445
36068
84308
116394
OAO
103847
OUAIUEEI
2253383
80846
OEOIAIEAIO
2256669
OEOIAIEAIO
UUUOOEE
OEOUI
2209391
2212137
89591
2215269
61891
73442
2220534
132371
EOIOAU
2211504
2219858
87178
77614
95646
2225362
2225574
EIUIUAO
UA
64453
2207349
2211007
2219664
2224911
59699
59699
2231556
2232457
OOE
101817
83704
100418
2208706
IA
2194770
UEAIIOOI
96826
78771
36068
2186083
57146
2189175
128205
2197294
UEOIEAIUU
53994
OUAUI
2173658
2173852
2176907
2182601
2184459
2191797
2193313
88965
73191
2199679
2204437
OUAUI
74750
2206582
122673
IEAIEOO
AIIAIUI
2175647
87910
2178486
2180035
75448
2180087
79051
EUEAAIUII
98613
IOEIOEI
104767
2159716
102331
2161247
2168982
UEUOOEUO
94498
2161710
2170309
2170907
2175854
58011
2177884
AIEUAAEAO
2165898
82535
2166840
2175842
2185738
79238
2191854
102905
2196380
76708
85145
112188
79287
2201353
58887
UUUOOEE
53994
2188472
2189178
2190831
80495
2197155
166562
119258
2202553
2203425
2205867
2207028
156680
108104
2216815
71542
64461
2222361
2222704
63820
2224927
2226141
2233472
50343
EUAUUUAOU
2208754
64453
OEOIAIEAIO
I
2169311
2170953
94369
2174256
AAEIAIUOO
2157790
2162038
2162119
2169637
2172587
2177422
EAOOEA
90504
104589
69556
2184999
91699
EOIOAU
108415
2163601
2164880
2174029
147936
2175924
2180191
102331
2183759
108565
AOUEAI
2163399
90034
OOOIAOUA
2167062
AOOOAUUO
87910
2143754
2149459
EEIIUIII
2130705
EIO
134569
69556
2128384
2130299
79202
2132341
UUIIOOEU
2116115
IUOO
78451
UUIIOOEU
OAOUIUAO
119229
120050
120347
122503
2060515
2062262
2068107
2075637
2081511
147908
2089797
59699
85017
2094745
IAEAIUUIA
2100765
2110377
122673
79929
128205
2118964
79929
2124692
2130276
2134885
2139910
111489
2148060
50827
EOEAOII
108415
79051
2148172
IAAAAUU
120571
EUAUUUAOU
2118876
2119555
78451
IAAAAUU
2122645
OOIEUIUAU
114347
2107923
118965
2116366
UEOIEAIUU
105953
2106376
AAOIE
104468
U
EIUIUAO
122503
2056463
2063524
2064174
71500
76311
2065336
77765
2065976
2074756
70051
2075334
2084971
AEUOEAIE
2071621
130943
125224
105254
2074871
2075247
2077782
2080292
123446
2084757
56944
2089250
2098699
IAAAAUU
2085868
71567
59699
70473
IOEIIIUEE
2076761
89372
109380
2079960
2084055
2085636
2093663
92546
2095037
IOEIIIUEE
2098362
I
70051
89591
2078032
87481
96826
AUAI
105729
EOAOIAUOA
90906
2048570
90428
104719
103862
64367
OAOUIUAO
2027814
2034118
2043761
2044949
2045401
2051089
90906
80846
2051517
91699
2053962
166562
2057079
OIOOOE
2037098
153457
2046951
114506
EOAOIAUOA
111850
EUEEUUAEEE
I
2003036
2011648
132371
OUAIUEEI
2002949
OOE
2003804
2004882
UAAAUEOII
173634
1999429
2000859
124955
2009051
2009875
2009966
2017860
2026263
2034932
2040687
2045137
2051251
66334
2058789
99169
63820
2061452
2068755
OOEOOE
2051521
2056014
AAEIAIUOO
AEIIUAOEU
2023579
79202
2024411
128205
109109
146756
71542
UAAAUAUUEO
88934
EI
1995110
2004428
2009065
2017724
76959
2023165
2024043
2025218
2029575
79929
2032145
2035875
2038905
2043718
2050368
2054822
2055922
2062523
AUUEAAOUOI
OOOIAOUA
2036896
2039789
2049174
2058734
2067157
143277
2070401
56944
OAAAAAUUAO
2070455
2078831
UAUEI
2062027
173634
2070675
2075273
2082812
156680
2090808
2097782
A
139777
139224
78193
2078535
2084990
2091532
2098426
111762
103774
2107394
2116622
EAOEIIO
2108937
2112611
2118282
2127250
70051
AAEIOU
2118021
2121481
AOIEUIU
2116539
100919
2124302
2124999
94024
2125669
2126544
2129548
2138186
2138785
78193
E
UOUIIIO
2096767
36068
71500
2098724
2105298
2111561
2120227
83548
89591
EOAA
2120753
2130138
2139829
109380
2147376
77478
2155403
2165226
2171757
2175609
2182389
2182650
111894
173634
79929
2189630
2197521
81199
94024
104468
126677
70472
AOUIOAI
2188096
2190315
2197930
2207070
UIEIOOAEIU
2204144
UIU
70473
150078
2195131
2196660
AOAOAUUA
2190332
2192229
2197767
80495
2199496
UAUEI
89421
165567
2170973
71515
2173664
84323
123823
2174511
83212
114762
2174781
105953
2183046
2187297
88065
66334
91672
2190099
115065
OUA
85752
70472
73115
103774
88012
2169568
2175268
2178040
100919
84207
OUUOEI
113034
95759
IIUAOEII
OIAEEA
2154972
2159717
2169351
2171309
AAEIAIUOO
2162294
2170016
2170230
2172223
2175116
2176025
2181167
2186540
2193777
2203725
2204152
98795
AIIAIUI
2182018
IOEIIIUEE
IOEIIIUEE
81110
128809
2184193
2194158
2201832
2209135
2213896
2221072
68741
2230926
74770
73843
2232959
IOEIIIUEE
156216
2233750
157433
AOIIOAEU
2216038
2223980
165567
AOIIOAEU
2221060
U
96937
2197719
85752
2200466
2203794
UEIUUEI
53131
73351
2185216
2185645
2193615
81990
2197631
2199805
2201730
2202461
97781
2210417
EUOOAIOO
94081
2214859
2216010
UEUOAUAUE
2192565
56754
2195070
142927
111471
UOEOII
158356
AAEO
2162865
112025
2171382
2173141
76933
56951
2178586
EEIIUIII
2173534
EEIIUIII
EEIIUIII
2178621
76959
91208
2185387
2186104
113034
116394
2192204
100919
2193356
IIE
76708
2178898
IIE
2180384
OUAIUEEI
2161976
96017
2162207
73351
OUA
2137658
2147074
2155660
OEIIOO
2142274
100793
130723
2149416
2156473
OIAEEA
UEO
2128424
2137132
2142640
2143808
2146194
116021
2150906
81199
100793
OOOAE
85393
104719
112025
II
2104876
2108136
2109868
2115265
UIOAEII
2090186
125258
100919
79796
2098554
56951
2099532
IEOUEEE
2091475
92068
69068
36068
114790
124595
IUIIUOEOE
2086382
2095342
2098905
OEOUI
2088358
EOUIOAUE
85493
123606
79796
116880
EOUIOAUE
120571
79356
109673
104719
UAIOAA
2035130
75844
2043151
OAOUIUAO
163684
80495
2042425
2047522
2056750
UEUOAUAUE
112025
117898
118905
70472
2047951
109673
64813
2051245
168427
2057960
2058183
2061262
EIE
2043868
2051730
UEUOOEUO
166774
104491
2037532
2042380
63820
2048415
2051739
OEIU
36068
2049407
2051577
74761
AA
2053393
131777
111699
2062058
2062456
83744
AAUOUOIUUU
AOUEAI
2049947
2051971
101526
2059067
2065590
2074319
121602
104491
127162
129500
2082231
2084794
2087947
2090137
2099472
179683
98678
119897
2105432
118049
120571
104719
2108948
2111677
2112711
129269
64673
2114065
2117649
2121704
2125376
98657
AOUEAI
154176
OOOAE
2105854
2115772
2120785
2123629
2131153
81110
2133196
2137085
2142442
170370
111894
2151224
64593
2160974
OOE
2144660
2150279
2152590
2158188
2167309
129269
2169468
2177551
EUAOOAOOUA
113652
2156622
124595
84725
2160989
2168612
128854
2176963
UAIOAA
2157076
OIO
103573
2148146
2156529
137772
OIO
UAIOAA
UII
UII
83921
136216
124595
101655
AAEIAIUOO
2108626
100793
102368
2109805
2110930
106575
101179
EAUAEEEOOA
101526
E
UIEIOOAEIU
121169
UIEIOOAEIU
AOAOAUUA
2026616
2035896
98049
2042185
79051
112025
83744
IIUAOEII
2039381
IU
2025599
2033459
2036371
2041216
2042072
2051757
2054861
2062362
2070811
84324
UAAAUEOII
2062092
80914
98049
132371
2062114
101526
2065943
OAEAEIE
2058345
2058489
2063644
142927
2073615
100494
2073946
2081333
2088336
2094359
2099740
64070
178532
95433
94715
2101994
75235
2109596
2118386
2127934
UUEE
118598
2110150
183711
2117146
EAIAIUIE
2097215
2101281
2103277
OUUOEI
2095961
2101818
113146
88012
AEUOEAIE
2090311
EUIIAE
98049
2077631
OIOOOE
2058210
IEOUEEE
2052864
2059460
2062527
EUEEUUAEEE
2051740
2057436
97676
OUIE
2050640
125224
2055372
87321
127369
89372
2056466
2057167
116634
OUAUI
2048666
OUAUI
EUEAUAAE
178532
2027503
AEEAEU
2026283
2031756
2035379
63764
2038887
2048593
2055396
2059721
2067511
2075934
2085470
118049
89517
2088516
2097475
2102076
2111704
2114593
118049
126055
2118364
89517
57851
2125500
2125872
OOOAE
101107
163684
2113354
2120509
93199
106137
102583
108241
2126903
2131077
2139523
IEOUEEE
2120021
134122
2129043
66174
128854
2129815
2131941
2138686
2141077
2144733
2144750
2154584
2160413
UEIUUEI
75844
2153603
2158608
2166277
2175270
114648
89517
73351
121387
2176669
120435
64593
2178714
88012
2181793
2183678
2187103
61350
2189926
101107
2194554
2199068
2208766
2215552
2224130
2229552
2229583
2230282
106137
EIOUEI
172332
2215222
UEIUUEI
UOIIE
2185726
121602
2187950
2188266
2193723
2196560
2198867
2201297
83944
IEAIEOO
126005
98049
2198458
96222
2205473
2214363
EEIIUIII
2210344
2216822
88579
2220205
2223654
139810
OIOOOE
IUIIUOEOE
2193163
178532
2197138
2206540
121556
2206657
2215583
73351
2219438
89789
2226289
2234876
2238702
2241862
2251453
72018
154176
106811
2253179
IUIIUOEOE
94024
2256465
2266073
2270019
2273623
2277245
2278927
2280948
A
2265415
2269608
2279380
2282458
85131
2284757
97676
89517
151679
A
2292805
A
2292281
2297120
122377
2297377
2300645
98049
AAIEE
2303134
2306939
2307959
100236
112831
A
2295870
127094
106811
138920
2300708
AOUIOAI
IUIAIAOAE
2266663
2270748
124595
2274587
UIEIOOAEIU
AOOOAUUO
EAOOEA
2241656
102583
2250304
128854
158356
2254297
OEIIOO
2232435
2237088
2238504
2239253
94652
98605
IAEO
88386
98982
2229218
2233022
2240950
75377
2244062
79666
79051
2244193
2250035
2258658
2265093
2269744
2270537
UEEIIEUIIO
2264896
2270879
95373
91814
2274114
2274198
84324
181781
O
139810
IEOUEEE
OAI
OAI
2218189
OOEOOE
79051
EIOUUU
141151
2190981
132351
2195744
120571
2199766
80872
2206638
2208615
2209282
EIOUUU
2209883
2212716
80008
EAUAEEEOOA
126005
2184396
EAUAEEEOOA
2187206
2192873
176887
124286
UEIUUEI
2192142
94024
2196604
98605
2205350
2214380
2223021
2225790
83541
2234228
99777
2241289
2243089
138350
102269
2245768
2247461
OOOAE
OUUAE
OUUAE
2206722
2208649
2218322
2226534
2236062
OAUEAOOIO
2214373
EIUEEE
138641
2187542
OIOEAEUEEO
2183327
2184645
2190245
105105
113146
2196677
2200534
154176
2209921
75844
82659
AOIIOAEU
178532
2195577
73351
158356
2199487
61788
2208772
2214283
113873
2216986
113873
2224504
181244
2231712
UAAAUEOII
2219214
OEIU
UOEOII
2180690
EIUEEE
2157939
AOUIOAI
116075
2133176
104073
UOIUOUUA
142425
78984
AOAOAUUA
2096523
2097861
2099201
2099246
2106031
104966
2110771
2112419
2121487
2128035
2135439
2137610
IIA
2110665
EUEAAIUII
113146
EOAA
2072351
147318
2081928
2084749
2086257
88065
86073
OEIIOO
2070640
2073083
121387
2082901
104587
103055
95881
2092405
2097226
2104278
2112823
85131
2119790
132351
84606
2120828
114998
OAAUEUAAEI
IIAOIOIAU
124595
2081276
AUAI
89517
2060159
2061182
2068234
2077694
2080138
2080232
2086177
88065
2090864
2099743
UAUA
76765
2088633
92359
2088819
2092470
64593
83806
IIA
136216
2092514
2093205
IAEAIUUIA
100090
84606
2076765
AEOUEEOO
2053097
111201
2056383
2063736
2068719
2072874
2075464
2076032
88579
126636
2084982
120662
2085378
115856
2087295
103055
2090887
2099098
136836
119847
2106139
2109177
2113115
2118671
EOI
2106863
78193
2108130
UEIUUEI
176768
72018
148226
2103287
2110702
63764
2115046
2120282
2124223
102269
181244
163684
2131825
111547
2140561
2143135
2151820
149725
2153385
176768
IUOO
130380
2129641
2137399
2144776
2149292
2153484
2161409
EUEOEUO
2145971
62497
2147915
144788
134122
2154401
155209
136216
OEOUI
2141687
2144394
135892
2153380
IIE
102269
OAOII
2109390
2117555
2120488
AI
2098924
151485
90299
2100567
UUUOOEE
136836
2096929
113146
113003
124955
OUAUI
2095033
2102192
92819
2109362
60386
EEOUOEI
2111773
137073
2120561
2127427
87321
2131291
141151
117106
104011
2138033
2147329
2155696
159012
2163492
84606
2169990
UII
2167024
2170002
109307
EIE
2169861
2173130
2182065
100976
135415
AIIAIUI
2177661
2178364
OA
2163555
2172139
142852
119735
2173497
EOOIEAIEUU
2171656
EAAUI
2158870
127747
2164380
2165856
2174939
2182698
2189447
2197791
127747
2199585
2204497
2211994
115994
129333
2218648
2220543
2220908
AOOOOOAUAI
2202772
2209699
90865
2218131
2225110
AOAOAUUA
2210062
EIOUUU
EEIIUIII
UA
2159762
145987
2169414
2177440
83814
155161
2179516
125224
2185162
2187971
2197384
2206119
OAOII
203721
2179500
2181893
151008
OUUAE
2162467
UAUEI
2156677
122132
AEUOEAIE
2141987
2149629
83541
83814
117608
UAIOAA
IOAUO
112672
OEUEO
2098194
94992
2107996
104011
124057
IOEIIIUEE
IOEIIIUEE
2084655
113911
76966
2087427
137267
2096592
98982
2106210
UEA
2088690
93349
2091059
UEA
UEUOOEUO
190824
2090884
91748
OOOAE
2067560
2076806
123272
2083980
OIAEEA
142852
2070083
2075802
UEO
88386
117608
111613
2073308
90870
A
2074072
2080761
2083894
IIE
102382
2075617
105811
113751
2085167
2089415
123312
2091438
2101079
2108746
2109961
117608
2116898
2126343
UIUOOOEUEO
2122218
2124804
AOEEEIEOOA
2106578
113003
2106623
117608
143929
89517
2110383
141151
2116311
104966
119372
2123961
2125679
165874
92418
2133281
102269
70229
2135942
122560
AO
2138972
2145059
134837
2146381
2151624
73351
114998
176768
2160140
71892
2164954
2174661
168238
123312
AEU
2175168
164811
2181821
79571
IIA
IIAOIOIAU
2134643
2137291
UEIUUEI
2121744
2123112
EUIIAE
AI
UAAAUEOII
124955
2074337
87251
91328
104966
2083297
89994
2091142
IEAIEOO
2094914
165874
168535
2103683
83810
143890
110661
203721
130380
2109173
65745
134006
124286
UIOAEII
2093528
81391
UAI
2078610
140887
2080312
50520
2088293
2094907
178655
EAIAIUIE
2083352
OUUAE
2064986
2069341
2073997
2083079
EUEAUAAE
2083318
2084054
103255
2093676
185443
105811
101343
2100185
2109747
113003
2111164
124286
EIE
2100106
120662
2107729
2112345
2114899
UOIIE
2100999
103589
2101364
2110666
120853
139519
135415
AEUOEAIE
2092954
UOIOAIAE
141248
2091868
2096300
2100064
2100093
101118
105811
EUOOAIOO
OAU
2064135
AOAOAUUA
101236
89994
AAEIAIUOO
120662
2013739
UIEIOOAEIU
1993778
1995172
2003284
131623
2003626
OEIIOAEEAE
75377
117136
E
AOIEUIU
143554
1943232
1950369
1952642
1953261
1962303
1965763
1975391
1980109
1984154
1993061
1998658
2006224
OEOUI
114742
126278
2004807
160158
101118
80747
2006667
2008914
139519
164644
2008953
126057
141852
OEOUI
2007102
116445
165611
72925
117136
104113
120662
2009447
125537
84495
165611
OUUAUOEOAU
2001611
OAIUOOO
1991395
AAIEE
1978926
129343
1984250
113136
AAIEE
1987591
111678
143987
1992210
1992544
169822
1999090
2006937
95072
84596
122560
153225
UAAEUU
EEOUOEI
1975861
136947
1979481
AAOEE
1973302
1975311
EIUEEE
1956251
124955
1964343
1965594
1971069
115389
1978100
EUEEUUAEEE
123485
1971691
1978740
1981119
105014
OOEOOE
1959182
1960186
146521
1962977
64157
OIOOOE
83814
143028
1949339
117679
135299
1955704
1960194
IEAIEOO
146042
1939614
86489
1940604
1944179
1947109
105014
UIOAEII
139519
1944721
128374
EAIAIUIE
1920156
114606
IUIAIAOAE
128227
190963
1901916
109354
AUAAEEAIIU
78695
1885000
1890634
1893796
137073
1897701
1897808
UEEIIEUIIO
1892156
86489
1892847
1898983
1902160
153634
1912011
UEEIIEUIIO
89517
1915016
1921802
1922929
1929901
1931694
117692
1941007
UOIUOUUA
122560
AAEE
108606
133201
136947
1919330
1924139
OOOAE
1910828
1920608
117692
83814
76263
137580
1923965
1927871
1932874
1940561
175053
1944144
AOOOAUUO
1928525
103058
1929874
114606
1933965
1938955
1945880
1953043
101239
1957315
133201
123739
1959310
84324
1965125
90299
97518
114606
132482
1965215
1966705
132482
82116
104113
1973883
1982665
1983455
90556
1986600
1989647
122636
1993388
1998741
1999938
2007357
2014638
2019233
2024387
2025012
125224
83711
2034417
2035472
2043029
2044482
2045009
AOOOAUUO
2054807
2055644
EII
143240
2046058
2047021
2050202
2051884
2052352
104599
94454
UIU
2026744
UIEIOOAEIU
EIE
129861
2002233
2005125
117557
EAAUEUIUIU
1986580
1993936
139385
82612
2000082
2003401
2006998
2010244
2012801
IEOEO
97518
1994988
EOUIOAUE
1989065
115312
89517
AOIEUIU
1972616
AOIEUIU
1980156
1981984
1985707
146521
EUIE
80747
92939
106475
UEEU
80914
73461
UEEU
176361
1945235
1950944
1951403
1959325
1960211
94120
1968325
AOOOOOAUAI
117557
AAEIAIUOO
1928140
103102
1929786
AAEIAIUOO
1936584
1937605
84123
1941525
144741
143240
1944901
1953523
72925
133882
157204
139226
176577
1958856
IOAUO
184479
1955662
1963373
1963383
1964978
117692
129861
1969828
IOEIIIUEE
1967510
149725
1969745
EOOIEAIEUU
192257
135474
1975318
131623
OUAIUEEI
133201
122636
1969577
1977184
170090
1978088
1978455
1982497
82069
1992372
EAOEIIO
104560
1978914
101239
1978941
1980325
1987114
OUUAE
1979831
1987921
1995187
84949
95072
1998678
2002085
81530
94120
145376
2009844
141136
2010451
2012487
2021980
2026916
2036748
151053
137267
2038167
2039138
2042337
2043595
137073
150187
2045321
2045410
153648
2048855
143554
EAOEIIO
UEIUUEI
135474
139519
121488
OOA
1997285
2002958
OOA
2004138
2009764
108818
AOIIOAEU
2008806
128744
120151
2017241
2024013
2029808
203426
2036333
100299
2036663
2042505
AOIIOAEU
AIIAIUI
119203
104599
UEEIIEUIIO
2007065
72925
2012816
2015899
172272
UIEIOOAEIU
2010537
2013036
192257
2015672
170338
2021928
2025457
121912
145421
IOEIIIUEE
2009903
103573
2019728
139385
2020932
AA
2012304
IA
2008503
103288
2013826
2021631
2022158
2027102
141743
108086
2034981
IOAUO
AIIAIUI
136228
2029018
79730
UEOIEAIUU
2025105
139149
OAIUOOO
2001813
2001926
2004870
UEEU
151020
IIA
124987
UOUIIIO
1957882
141437
EUEAAIUII
1956944
1963536
89517
1968727
1972718
IAEO
86897
128893
1963382
142792
126278
1968402
1971479
153225
1973796
133882
1977359
1979074
156132
1988802
1993988
128227
2000616
142467
2006652
2012781
133201
112198
2018877
110977
2020857
2026812
EUAOOAOOUA
2022815
119473
EAOEAAA
2006954
2012819
80914
2017046
2019906
2022554
UEUOOEUO
1999900
168785
2004146
2013824
OUAUI
AOUEAI
1967134
1971675
EUEOEUO
1949193
118996
128227
1958412
119203
1967540
1971359
101597
126278
1976222
123324
89517
1980273
143987
1980330
1987127
1992117
2001722
AAUUE
129734
136676
95383
EAAUEUIUIU
1959363
1968262
1974164
EAAUEUIUIU
1980714
139226
145214
117679
184172
IOEIOEI
1970248
1976446
EUAUUUAOU
1963771
AOOOAUUO
1944413
1945644
126584
119021
170090
1953340
1955555
EOUIOAUE
1937765
1945436
1945873
IUOO
1954581
90519
176543
1961900
IUOO
145359
1970067
115312
1979192
1985561
116510
1995154
IAEAIUUIA
189768
1986500
1989365
123485
80838
1996482
172272
OAUEAOOIO
1981863
1981907
92999
139519
1988945
1998145
130648
109751
OEIIOAEEAE
124714
EOIOAU
1960280
1962050
UEAIIOOI
1957716
1961824
UEAIIOOI
138693
153070
1958129
84596
153070
106475
1960292
118996
1970177
194231
EAAUEUIUIU
1971084
EAAUEUIUIU
1969834
69824
1978585
109261
80914
1987629
130200
AAOIE
1975618
204759
143255
104560
EUAUUUAOU
1946863
187405
1956425
115312
170090
1957297
107860
1959482
OIO
1937756
1940931
81530
130200
102930
1950526
1960408
1965625
1973360
1976674
83711
131310
1976945
90299
1980990
OOOIAOUA
1959609
92931
1965265
1973393
1973481
102034
129861
1981430
1985338
124714
106475
1994842
1998741
2002777
II
1984850
78571
1994203
1998989
132142
2003854
149862
2011304
2012546
119203
2015839
2024631
2029923
AAEO
2010869
2015026
EUEOEUO
2014045
2023733
2030239
139226
90299
96190
95072
EOAA
144369
2013386
2021886
2026562
2035956
OOA
2025893
2032672
2034600
92999
2039352
EIOUEI
130756
2034004
IOEIOEI
2028718
2032493
2036096
2041564
2050809
2058107
149775
105019
2064222
AUAI
2050484
118996
2059585
118125
2068335
2076556
2084277
AI
2068667
AI
2070448
107860
143227
2078837
2086158
OA
134677
80747
AI
101073
OIU
2053267
2054474
84596
2060112
126278
2067457
2072839
2075476
IUOO
2069623
2070388
2079725
2080080
2088274
92931
2088524
2091940
2093736
2093885
123485
UEOIEAIUU
2081699
153240
AEEAEU
2057206
2057340
2065228
2074052
128400
EOIOAU
UEOIEAIUU
183221
2045499
UUAIEIAI
2031654
2037010
2046290
118809
123324
EOAA
2037999
105019
168734
172272
OUIAUUU
2025202
AOAOAUUA
OUAUI
2014360
108678
2015679
185901
88386
IAEAIUUIA
2011505
119544
2016226
2024240
UAI
181041
2003345
2006392
2014977
IOEIIIUEE
95958
AIIAIUI
145901
1981789
118724
1989105
1993954
105019
AIIAIUI
135686
123954
1996040
1996180
98213
2005370
194276
126278
OAAAAAUUAO
117351
126480
157390
1992349
1993888
2000625
2008020
2014307
132142
2021271
144369
2023029
2024172
2028994
2035884
2037635
135686
2040492
2045658
130458
2052484
175053
2061231
175053
110482
UEOIEAIUU
EAOEAAA
127481
2025204
124856
2034039
2042719
2049167
96490
2050210
2059052
2061176
2065783
AIEUAAEAO
AIEUAAEAO
2062673
2064527
156476
UAI
103589
166106
135686
120254
2055969
2059305
2063119
2070519
2071496
118996
AAEIOU
2062137
EIO
181158
181008
92931
120254
2042337
99659
OUA
2023836
OEIU
117351
118125
143880
2014234
139149
131261
2022955
170826
2030408
2034910
119203
122038
2038089
AAOEE
118079
2037959
169893
II
2023935
IUIAIAOAE
2023684
132705
2025320
2030373
2031248
130998
2035654
2035911
2041037
2046655
124987
158061
98213
2051290
UII
2041314
150109
2044541
2050156
OOA
133271
97511
143410
2048013
2054743
2058568
2059603
199213
122038
2061907
II
2060745
UEO
AOUOII
2026525
2032996
2040254
126480
2050225
2055555
2061795
EI
UAUEI
134677
2044193
2051306
2052749
2056648
172046
2060741
UIU
2049936
2053888
199213
2056480
2064767
2064887
UEAIIOOI
2063416
2067970
99659
2068756
2076862
2078057
90519
79666
2080152
130612
2087080
2097001
2103514
2108983
2112923
141912
2117965
80747
91080
67684
2124407
2129600
2134363
95383
2141709
2148405
2150816
80747
2155419
2160518
2168325
2175500
2177009
115312
110482
118768
120254
159138
2182887
158061
181008
2183172
2185947
123954
140128
132142
2187428
AEU
OEIIOAEEAE
2169640
2175700
2180441
OOEOOE
127481
2171863
2176393
2178407
2183871
2190718
2196260
130612
2198797
2202704
2206093
128043
133271
199213
118768
2207470
2213371
138752
124968
117351
2222747
2231070
2238942
2248858
151939
142467
141912
115737
119330
2255529
2258570
2261393
2266355
IIE
2258457
OA
2241775
88386
2249402
2250329
OEIU
2247040
76743
EUAUUUAOU
2253036
2260548
2264754
139658
2265429
120212
189383
2272661
120254
2280509
2284753
2285341
139149
88882
2288393
124987
2296382
2297820
2302428
2303185
129860
2306552
2309053
2310719
2316669
101023
2324077
101023
136573
169403
2332997
2333768
101239
130998
2339760
2349497
OOEOOE
EUEOEUO
119878
2316408
157825
OAOUIUAO
99465
168058
159617
2293751
2294915
115751
OA
2287664
OOUOUUUEO
2276276
2277324
100173
90519
2286467
135584
2286697
UOEOII
153936
88502
101466
UOIIE
80914
2266609
166106
2268780
112642
2271576
148951
210962
UIEIOOAEIU
157825
2268093
2277011
2280651
2289061
2294858
2302982
88502
173012
AUUEAAOUOI
AUUEAAOUOI
80838
2277087
2279474
2288586
131529
2291841
2301424
117482
147704
2310172
156655
2319819
I
EIUIUAO
2310167
2316154
2316840
203426
2323765
91904
158061
OII
2308966
2311002
140128
165751
2311012
197851
2315272
2320820
UEUOAUAUE
139073
2305559
2314031
2322648
2327506
81438
2328982
110119
E
2326193
95072
IEAIEOO
115741
UUUOOEE
2302037
141338
2307509
151939
AOIEUIU
2304798
OUIAUUU
2287360
2292930
2299924
128043
187405
2302372
82111
2310844
116298
123954
2317602
142467
2324239
2333844
156617
OA
132142
119089
132717
128744
2325734
131529
OEOIE
IEOUEEE
IEOUEEE
EAOEIIO
2282375
OIAEEA
2264913
2271123
2273944
EIAU
2255089
2258797
2265879
115741
128043
2272238
96325
2272614
IIA
2267437
2273459
145584
2281857
103573
2283175
153945
2283676
131310
2284751
2288035
137175
2292952
2299571
157182
2299909
2308119
EI
120254
2295155
EAUOEE
2274398
EUAUUUAOU
2262617
128227
2267151
114815
2276608
2281732
2285846
124987
EUAUUUAOU
2295165
2303480
AOEEEIEOOA
92548
2290775
2296209
2302744
2305081
2306358
2310175
OAUEAOOIO
113118
2300958
2302034
IIUAOEII
2295964
117185
2297793
127481
91904
2299851
71775
2305388
2307185
EAOOIEAU
119878
2294515
OOE
2278975
113118
2288192
2297593
2299264
181158
103573
2302370
2305734
2308188
2316592
2323143
139073
151939
2327432
2332024
76743
2334427
122608
EAOEAAA
IIE
2321780
132830
2322382
97364
2324124
103573
2325010
2330291
121506
2335774
2337181
101466
2345248
128043
121506
2347826
2349977
2355221
115737
127248
2361877
IIE
2361579
101023
176535
2366690
2371452
2377943
154415
103573
2386320
143051
2393584
AEU
210962
AUAAEEAIIU
2356388
2358629
UOIUOUUA
144635
IIUAOEII
135686
181008
2319923
2325942
101466
147374
IAEO
2318462
2326744
166106
2329499
2335786
IAEO
197481
205661
147066
2340889
2348541
2353454
UIAUEAUA
2352111
2357153
2364585
2367086
2375090
2382888
2391884
173012
181008
2394674
2394796
2401797
2408307
2416136
147374
2419078
2421396
2427896
2432748
2437890
2441271
120916
158256
122608
2442273
AOIUAEEEO
2429320
156414
AUAI
143603
110039
123326
91904
2407265
2413615
2418825
130397
OAO
2408253
IUIAIAOAE
2411684
95072
143750
2413969
115015
2415977
112600
168058
135016
96325
79666
2421464
194086
AIEUAAEAO
2400655
123954
2410324
2419851
2427155
2429769
2434152
2443675
122295
2448629
2456793
2459700
100054
2469420
205661
134728
AIEUAAEAO
140146
132830
2470228
2474169
2477821
2484286
126684
2487214
128317
174636
150713
100054
2491330
2493954
2501685
123277
2509226
2511300
EU
A
2489512
2494164
2503606
IAUAUAE
88386
2492628
157865
97521
IU
2471006
2473025
2473810
2480066
2488649
127481
158256
2491220
158837
174139
AOIEUIU
114162
122608
2475513
2478145
AOIEUIU
108582
2482391
2489320
2493362
154415
100520
EOAOIAUOA
180241
97720
2469153
2469980
2471212
2474793
2478299
2478554
2484426
2485527
2492379
95522
165751
143750
2500426
2508060
2509435
2514205
2518373
2524274
2527491
2527742
2528281
2533161
2538860
2546937
2554964
OOA
2553513
2559800
2560910
2564299
145162
139570
2572053
2575108
2579854
2588425
132142
115737
2592044
2601838
103573
197481
2602380
2602489
95522
2603190
146580
193752
119330
IAEO
153945
156435
2596038
151457
182301
106871
2605251
2607666
2616282
2621200
209246
128317
71775
134677
EUOOAIOO
E
2605088
2612256
2617705
2619472
127481
OOIEUIUAU
AOIUAEEEO
150713
AAOIE
2567091
EAOOIEAU
AEUOEAIE
2532106
2534040
2540551
OAEAEIE
2521490
IAIO
2515969
132142
2519561
2520289
2526296
80693
154448
2531357
2533078
171387
2539803
2545695
95467
2554592
UOIUOUUA
103400
172046
2529415
2535992
114472
158034
2542864
2546918
2552695
O
2537050
2538920
2543825
OEIIOAEEAE
2537622
122295
156074
2546448
OUIAUUU
2540117
OOEOOE
2535331
114310
147070
2543757
EUEEUUAEEE
147070
158061
2542417
115737
2543356
124838
169893
2545628
92548
155626
179477
I
112600
124838
2538174
125421
114679
2546507
2546881
173012
2552990
2557332
2560750
144119
2569490
128317
122295
2579220
2585356
123324
126721
158882
2586658
2592301
AAOEE
2594699
2599107
2600887
2610456
AOIUAEEEO
2595494
2598723
119785
158061
108582
I
UUAIEIAI
2559609
178012
AOOOOOAUAI
2542955
203703
2552628
117318
2553584
EIE
2540777
2541980
127498
2544518
126501
100173
139149
127498
147374
OA
147889
2530750
99465
2533945
138639
IA
2522121
2528429
2534635
2539486
2547994
2555695
2564781
IA
143750
126684
EAOEIIO
EOUIOAUE
199957
147889
2542186
2544319
179477
2551128
2551770
2561074
112600
134853
2563605
2570108
2573915
172666
2583487
124838
115737
175699
168488
AEEAEU
108858
2577108
119218
183855
2577660
180241
2581723
2582748
2591096
