0
6062
6137
0
EO
6419
15848
19245
0
25564
29196
0
35687
36408
EE
22064
25104
32859
35404
39846
49502
57625
UAAOAIEEE
48082
0
0
OUUOIOIAE
0
31108
37127
46270
0
OUUOIOIAE
50093
0
52313
59214
63438
68000
UIIIOAA
72441
0
0
IAIEOEO
51897
IUUAEIIU
50523
0
53005
56184
65359
0
0
74586
75446
0
0
81129
84783
86153
0
0
94273
100910
106656
114332
0
117834
0
0
UAOOAOOE
113926
0
0
120306
122370
0
IA
118613
123985
127289
130894
0
0
137263
137940
0
0
145503
IA
0
143381
148503
157874
161681
170045
170642
0
OIUIEIOUE
149154
0
AAOI
AIUE
101156
5617
101544
0
104431
110038
112996
0
9143
7755
AOUOAIOI
105752
IAE
II
15523
78203
II
EUUA
0
52632
EA
51673
3304
54956
10092
UUAUEU
31642
0
41314
46977
1236
54644
OUAOEOOOEU
54985
OUAOEOOOEU
7025
57087
9227
66569
0
5607
1236
8123
76052
0
82420
87917
0
90673
5617
0
0
0
10092
96216
105686
112259
115075
12237
0
116577
125504
129234
8826
10092
131867
138777
144900
146738
3304
12002
153468
161064
166080
169102
172768
0
181385
184611
I
177578
183526
7676
192118
0
194611
1370
200154
202427
0
202614
0
0
207032
211269
OEAU
4492
4174
0
0
0
195885
202024
206841
OEAU
18200
207880
0
216881
220174
7011
IIEIUOII
220219
8826
224792
230058
236487
9227
238769
244562
250924
6701
254898
264141
8364
5122
264910
0
0
271607
3502
0
OAI
9596
OEI
8826
234033
EIUAOAA
229459
16330
238894
240478
OUUOIOIAE
0
223204
225785
233595
