0
6790
8263
13215
21159
0
0
28653
33664
42167
0
44372
51996
57417
62259
71942
0
75268
AOOO
0
0
0
52933
0
0
53112
56355
0
64119
67121
0
0
76532
85173
87376
0
90982
OUEU
81677
0
86880
0
0
93569
101914
110633
112765
122649
130055
134217
0
0
137320
144456
EUAOEAIIO
EUAOEAIIO
147016
156524
7944
IAUAOA
4952
0
148205
150048
153736
161479
0
165189
173942
181736
0
191425
194375
198204
207933
0
0
0
216333
OOOIIOO
215379
EEU
207238
0
0
0
0
0
217123
0
0
224034
AAEUAUA
210494
0
211262
218538
AAEUAUA
UEEEAUIUIA
0
208216
AIEEU
186597
193329
0
0
197421
206892
212266
0
219802
EOII
0
8503
210431
0
0
213856
0
221985
0
0
0
UE
217541
224176
UUIAIUIAI
220872
0
0
0
225657
231299
235139
242341
244792
6790
245734
OIIIEAOAAE
249199
251166
252983
258916
0
265283
3243
0
266424
273479
279174
AEU
264798
274710
276041
284855
0
0
289936
293446
301512
306435
3606
312866
313733
0
4681
0
323554
0
327878
333668
OOIEEUUUUO
314464
316679
IAAEO
301159
0
UUIO
AUUEIIEAI
0
273081
277019
0
AIAOAE
265077
270015
7794
270551
277864
12358
279099
0
282596
9683
284999
290517
0
0
3501
295590
297585
0
0
297940
305386
307594
314204
320327
325496
9683
0
329706
332678
340895
16298
342340
342631
2132
350516
IAA
IAA
0
347516
351134
358250
0
AOAEUUIIU
768
333151
IIE
331874
3345
EUOAIIUIE
0
3103
EUOAIIUIE
308769
310455
313814
3181
322452
322751
329518
EUOAIIUIE
5203
0
333973
16298
0
UOEE
3710
329216
333226
3829
0
AOAI
0
319291
OOOEIIOEUI
0
299146
0
4842
304973
310853
312832
322621
0
4785
8958
325748
0
333582
343137
0
348878
357738
0
IUUUIE
344536
345939
0
0
346842
12932
13590
0
350525
356308
360759
363113
367945
375738
0
0
385716
387007
393016
394738
0
398091
EUAOIEIOIA
2132
0
404366
6689
0
406087
0
0
12932
0
EUAAEII
0
AII
350207
1141
0
0
359756
364264
364772
AII
9493
367879
376558
378789
6732
385369
4162
386468
391759
394032
399218
405328
411169
415368
3501
419317
UOOIIEAEO
407048
412052
413327
416080
0
423209
OIEEOA
IUUAUOUEU
389904
390503
394657
396463
402291
0
9729
411842
UAEOII
6732
17160
406463
414842
0
419293
0
0
0
428483
9885
8641
6689
431616
437922
444840
454311
463912
0
472975
482423
490198
491181
494162
497421
501719
9411
505806
510981
520422
0
520482
529281
IOIAOUI
515062
521396
7202
17160
3852
531130
531255
6911
538249
0
543575
0
0
551851
7401
0
558994
4681
9411
566484
768
3510
0
AIA
3345
560175
7494
560590
0
565849
574711
9986
0
584085
8753
584294
2132
589191
7494
U
577001
0
584332
587339
7494
594039
596351
AUAEOUE
581966
585323
592226
9248
595837
0
3510
OOAIAOIEEU
7885
588574
591504
597794
6610
3653
UIOOUAUOE
0
UAAAIA
EAAEAOA
8814
0
570887
571437
272
572874
575107
579533
584380
592455
EAAEAOA
9179
572184
581419
3103
589074
0
E
EUEE
572672
576408
0
584934
588788
594621
0
0
AUUOUAIEIA
580497
9345
581428
6266
0
AE
568211
574251
AEEEO
567956
571893
574182
AEEEO
AAIIOEUO
560228
566334
574089
3345
583398
5827
585748
592336
O
0
4092
574681
575622
8814
0
581139
9345
584550
UUEEUEAOEI
0
9248
572080
576976
584235
9248
0
UEOAEU
585542
591695
597202
8129
601459
602039
IUUUIE
599810
6009
603830
0
612056
618519
0
628326
630687
4694
636218
642001
648262
654470
2132
O
0
641677
8958
6732
648648
654404
13085
7764
660379
665611
0
672275
672596
680110
688091
5011
3653
693054
UEEA
3425
UEEA
OOOE
672416
676986
682767
0
8536
1843
4210
AIAOAE
661228
666853
9555
7624
OI
9885
664864
AOUEAUUO
637215
AOAEUUIIU
25447
0
633230
AOAEUUIIU
634014
UEEA
629758
635066
636298
2451
AUUOUAIEIA
611832
614068
618280
626104
2132
635989
0
645440
0
AAIAIIUOA
630761
9885
EOI
UOIIEAEIOE
606604
615183
625118
628332
3425
15752
632456
IOIAOUI
632549
638297
646215
651059
656093
0
0
4732
IOIAOUI
657218
661134
669990
674462
EAIOA
4362
11112
OIEEOA
0
3618
636271
637313
641183
641984
9411
649664
14555
649683
3345
658158
666861
669823
669981
9345
672651
3840
673389
673811
677693
687166
694181
OOOE
681941
685247
692868
8129
699578
703439
0
6169
707838
717588
718790
14555
8424
721114
721398
728176
731516
740030
13085
744779
746708
756227
760105
OOIEEUUUUO
AOOIUE
7416
740486
743588
6732
752276
4362
29549
2451
EIOOI
730566
EEU
724629
8906
725388
3510
725862
727693
8728
3683
737315
8129
743021
745668
748162
756574
IIAUOEE
740175
UIEEE
718605
728332
738093
7401
746197
751159
8379
10665
17488
751346
13395
754165
23883
17175
759053
767434
774944
15752
29549
783235
785488
794922
795215
0
804267
805026
0
IAEO
800619
806077
809602
814355
0
817247
824616
832508
840762
849836
IO
852912
UOIOOAOI
3653
2132
830743
AIAOAE
820678
829585
UIOOUAUOE
811758
UAIUUIEOIA
OOAIAOIEEU
787454
5011
796538
13346
796601
804144
811607
816346
UIAOUEU
7057
799054
808359
13916
17297
EOI
791491
794756
802278
804831
804964
UAAAIA
779996
786258
793589
9248
14320
799627
4842
806186
UAAAIA
810071
813543
822262
823649
17488
3103
831023
UIAOUEU
0
0
811671
9248
814230
816645
16266
824666
UEEEAUIUIA
808669
14068
810253
UEEEAUIUIA
809945
814182
18660
270
817420
17464
827002
827499
14727
OIEEOA
817444
824833
825194
UIAOUEU
805346
811020
818567
EEAE
816966
818257
3345
9235
827535
12329
834996
EEAE
2132
837233
IAUAOA
0
IO
8728
820200
822743
4210
3345
0
823182
830833
834931
836840
15063
840780
847215
856854
14401
859612
859932
862481
3840
25521
18132
864133
870972
22911
871208
875430
879858
22935
14413
887446
887498
888379
2132
892353
892708
896731
12720
900558
909700
911400
914892
17345
UEAA
IIAUOEE
8424
887294
23054
893996
AEEEO
893340
EOI
884883
894527
896320
898088
4121
9235
22419
904860
905292
907147
8245
913052
917445
EOI
922092
927611
929952
8958
12064
936550
13734
939720
944505
UEEA
923668
AUIOOAO
OEUAE
2361
869611
878374
883054
888973
270
OEUAE
890106
890804
EOI
21458
6732
7624
871925
12407
878710
6163
UUOEUUE
871515
IUEAIUO
847962
10158
854150
10550
IIAUOEE
10315
857312
UA
850290
3181
0
852838
855657
857853
6407
863275
OAAEIA
865164
5679
869550
OAAEIA
875926
879001
7969
17464
0
6407
15691
884296
891839
OAAEIA
889171
AIAOAE
871461
25521
AAIIOEUO
856291
2020
EUAOIEIOIA
0
842102
IAUAOA
843243
852905
10284
861684
862910
19978
29666
867112
870172
25726
17569
IOE
13085
UEEA
848754
855677
864466
UUIAIUIAI
864849
IOE
851664
12047
854341
13978
856430
856989
18496
16205
0
UOIIEAEIOE
24433
EE
831458
0
835199
14799
IUA
821372
828878
833626
842712
851044
856880
860090
862378
865536
11112
IUA
864873
24745
874483
13134
IOIAOUI
858133
13978
25726
860960
15104
869720
871876
13978
879452
887062
4092
889844
897143
20330
899753
25634
7624
11112
902712
911308
14727
IUUUIE
892034
EIUUI
10158
1141
IOIAOUI
9885
854439
12106
AAE
6040
851082
851384
EEAOEA
AUIOOAO
AOEUIA
801403
IAIEUA
773821
EEAOEA
