3805
0
4067
8595
10315
10938
0
0
OAIEO
10124
12938
19261
OAIEO
23790
0
23863
0
27406
0
35930
36916
45105
0
0
UIUUO
0
37110
0
0
45185
0
53001
0
0
61637
3805
OOAOAEEA
35404
42022
0
0
48401
EIUOUE
32565
34829
42747
0
49286
2814
UOUUE
0
7816
44347
49039
0
0
AEUA
IUUUUUUIU
24357
0
0
0
28047
29291
8075
EUOEEOO
3197
5395
EUOEEOO
6548
15679
20686
UIOAOOI
3805
6323
12360
0
0
0
20826
0
22321
23318
28552
0
30703
32567
34743
0
262
42116
EUOEEOO
0
19276
26647
0
29371
34618
OUEIUOE
OUEIUOE
11067
6539
19125
24554
EUAOUUUOA
0
0
11566
0
19277
0
0
21677
8075
22758
27222
E
2836
OOAOAEEA
12874
16629
0
OAIAE
4528
0
20072
27632
35158
41761
8826
42509
0
47537
0
0
3543
54622
0
EUOEEOO
35234
618
EUOEEOO
37500
41539
0
0
IEIE
0
2151
42391
618
48776
0
51583
59297
0
61406
66490
IOOAUOAO
0
0
48908
58641
62161
68346
6726
74106
0
EEEEUAO
56976
61767
0
0
65434
7816
4692
0
72295
81454
82424
UUAIIIOIUU
61705
0
0
2176
69745
70814
73957
7714
75548
2836
OOOUEOEE
8636
AIAEAU
28692
29529
OEOUOO
19580
OEOUOO
0
0
21026
UOOUA
6001
10467
0
16427
3667
23602
0
0
26374
34236
40329
46889
53272
62506
66957
74630
5078
78853
88137
0
92273
OOAOAEEA
0
0
0
79587
OAIOA
0
0
72570
0
1069
0
78240
2807
83791
5028
8524
0
90126
8058
4697
93451
94784
101286
102536
0
618
0
0
109903
0
119803
124220
124357
133344
IAOE
129574
0
0
4039
138896
146299
149447
UAIUI
143866
144198
146794
151261
0
160134
163719
170016
AUO
150049
IO
AOAOAU
112219
0
112668
120138
0
AUAIOUAUU
113341
6539
IEUUEIAA
105654
6655
6665
0
0
111785
OOOIOUIEO
107254
107280
116691
126239
127794
136317
139616
0
142627
146729
152861
6560
AAUUI
132246
UEOAUEUUI
0
OA
91900
97377
1720
102839
OEE
6539
UEUUEO
50734
0
53636
7470
EUOEIOA
5760
54551
0
EUOEIOA
57643
59464
0
66924
0
5438
75115
0
81825
4443
11487
0
2836
81902
9420
90508
AUAEOO
85586
90500
91938
11842
92199
95160
5760
AAEIOOAU
81359
3667
83966
85843
86506
7085
4039
78
93777
96043
101489
103906
15589
104725
110035
AAEIOOAU
IAUA
IAUA
5078
87223
AEEEIAUEA
75542
78273
0
0
0
UIO
0
0
0
0
11049
66705
IIEI
40034
2400
0
40831
9284
AUOUOOUOAE
45973
6084
51028
53085
0
12846
0
EAOAAEAEAA
EE
9322
0
20585
0
9322
21735
28648
31646
39634
IAEEEO
IAEEEO
15941
5914
16574
IOOAUOAO
17533
UOAIUO
3667
0
0
0
8747
AUAEAE
3398
7526
EE
19380
2400
EE
5914
9807
16558
26153
27706
34460
16036
39981
11965
43629
52110
AIUE
47673
8636
48313
53241
59633
EEUEEEOIIE
32745
7862
7862
35645
44177
49691
56236
4697
59476
68020
74933
84564
93711
O
87312
95869
15419
EIO
92343
99753
EEAOAEIOUU
8636
25163
6093
EEUEEEOIIE
68214
72493
5931
11277
5914
78294
79377
EAOEI
4039
AUEEUEIO
59204
0
EUAOUUUOA
45011
48834
EUAOUUUOA
6724
57539
66088
12766
2437
71829
6903
77485
13110
78257
81866
8544
UEOAUEUUI
I
0
35156
8826
AEEEIAUEA
AEEEIAUEA
8878
75
IOUOIOUA
7271
8743
15281
8174
18442
IEAOIOII
IEAOIOII
7698
EIUOUE
12974
19716
EIO
11965
EIO
8959
UA
5877
13460
19587
EIO
12742
15618
4565
0
16109
18653
0
27004
4697
31531
37757
42132
50678
52303
55136
63323
65696
75657
1411
77550
77815
EIO
3667
AIOO
4136
72766
UUAIIIOIUU
47198
0
819
53457
59665
61167
13679
OUAU
5595
17205
40563
UIOU
13863
31678
5595
9131
37661
11961
46135
20622
15589
53013
2629
56464
62894
66783
69968
9372
79883
88733
EA
EEEIU
36643
1438
39102
4136
7862
41155
5914
OOAUI
8425
31553
41150
EAEEAAAOEA
39528
42267
2861
45790
52593
UIOAOOI
50013
54569
63703
4658
8990
UIOAOOI
61505
65761
14465
68522
73980
82455
90022
99138
99249
UIOAOOI
9674
6724
102909
108342
116473
24582
125805
9961
128685
132741
7468
6913
134670
136781
0
IAEEEO
UEUUEO
96920
IOUUOUII
73763
76087
11754
79640
17094
10099
0
IOUUOUII
80626
85779
87471
92176
AEUA
85880
91806
97981
104661
OOOUEOEE
106652
108389
117752
OEOUOO
OEOUOO
411
114444
UOAE
3396
92070
11182
AUAEOO
72719
79654
88637
91543
98303
101301
108656
12714
111454
11965
8743
4586
1241
5595
117358
IAAAE
EOEE
74648
81059
UUOEO
13087
9961
UOUIEOUE
12600
24950
10548
2265
48690
1438
0
52363
7091
OOI
7271
6829
24853
17094
29325
8878
38046
41878
AEOE
4586
40514
43402
48475
UEOAOIO
25092
18587
33654
UEIOU
17981
35337
AIOOEEOUE
5623
16601
UEOAUEUUI
19380
11965
IIOEUUO
13512
7460
14425
18302
10436
28219
10548
30973
11965
33836
1241
10436
IOAAIE
34640
IOAAIE
EEEUEEUIAE
14562
17978
22191
5623
UAEOOOUI
UAEOOOUI
2557
9307
OIUEAIE
14319
OIUEAIE
29613
EEUEEEOIIE
11965
4619
24950
10003
3889
11522
15049
4934
24968
3907
30077
33185
AUAIAA
IOAAOI
9086
18926
26586
32574
34498
41035
15629
50425
11182
50640
9776
12571
7051
51659
58308
65289
IEIE
41196
47791
53576
UUAIIIOIUU
EIAA
12195
4136
24546
19966
10548
0
21456
25385
31684
11669
35533
44480
53878
63277
64958
UIUUO
UEOAUEUUI
31045
8122
30746
38418
43542
11064
46710
52069
0
54351
EUUIEII
53529
57486
10659
10075
EUUIEII
8743
7091
34817
21471
36287
45468
EIUOUE
38733
43653
53038
60760
61417
61638
15077
23617
68175
17555
77027
79733
87758
96217
11500
7480
104210
IIEOEO
UAIUAAU
A
AEOE
13899
37872
AUEEUEIO
28650
30610
31492
33813
34853
41984
7121
13585
14627
OIAUIIU
32091
36994
14002
EUEAOUOOA
32634
2900
UEUUEO
34903
8871
40425
45597
24546
25589
7271
45713
UIUUO
18483
UIUUO
4565
15309
24307
12668
17569
UOEUIIUE
13856
13899
6829
A
8257
15195
17259
20998
6050
23005
31627
32307
9674
40810
42088
48534
53730
58848
63257
39011
66111
24546
0
AAO
19316
27114
68555
13795
78078
9674
84731
87203
AUEEUEIO
20633
79128
IIOOIAIIIA
73131
5926
20633
27114
28791
77154
IIOOIAIIIA
OEUOAIOU
0
71451
12346
15220
14265
0
4211
79471
18058
83224
90732
94972
96801
0
16766
UUAIIIOIUU
20815
84660
90130
92561
93067
9583
99295
11376
99521
AOAOAU
79483
20203
3387
88015
89707
97191
103128
OAIIAUI
88273
39011
EOAI
13110
17156
70788
23465
4565
74627
81362
EUAEOUAAOA
IIEI
59172
62303
70769
28791
997
71327
72472
76979
83400
20203
88084
97462
101305
109145
116183
121270
123452
25589
128319
8122
136855
5926
139388
144035
152616
AUAIOUAUU
139628
140431
143630
145570
18080
153429
12766
AIAEAU
144658
148488
28979
9776
17156
154034
154314
156792
158088
17999
3889
16697
163083
172384
9322
176035
20791
180490
183415
185521
186656
20824
194846
201260
205991
210547
217565
220710
OAIOA
29360
4240
216497
AIAEAU
207975
EEEIU
39011
190378
21012
14002
0
39011
UOOUA
186744
IUEOIOEUOU
6731
10659
15204
18049
10075
6731
173357
181447
184028
16332
187588
196063
200545
2928
10075
IEEEEIOOII
2900
2793
7729
E
163633
14884
165285
UEUUEO
12970
27978
141139
4409
3527
20824
146641
9322
27203
11669
151541
156123
156224
159024
164299
IAAAE
4104
157341
17717
7271
IA
160788
165069
170863
9900
EOAI
EOUUO
EOUUO
128871
136762
136936
139911
EEOEUI
139462
148667
40902
156769
162506
168327
176239
183384
190558
10075
197531
200641
28383
OAIIAUI
195799
23287
3843
199160
206432
31081
211030
21168
216809
UUIIUOUO
OAIAE
31081
EEEUEEUIAE
17156
8122
173685
181667
10548
2265
25725
UEOIEIEEI
179915
IIOOIAIIIA
163032
IIIAIUO
167222
8878
177095
185443
194976
200551
210401
217635
4586
226845
231694
6731
28305
234747
12714
239380
19424
19380
243781
31081
14920
1378
11592
11975
13679
28489
EEUIEUAUEU
246436
26942
7121
248037
EEEIU
8122
6724
248143
29430
257049
10380
261157
262366
24307
20878
7181
271051
273076
7271
278782
IIEOEO
35829
25725
267125
9131
11861
9961
803
AEEEIAUEA
264644
EUEAOUOOA
245445
20815
249786
19424
252997
261252
OA
14884
OA
260878
261115
11592
265663
IUUUUUUIU
IUUUUUUIU
265757
IIEOEO
261506
IOOAUOAO
UAIUAAU
228504
235413
O
9533
231833
241680
18431
9131
243153
10442
11701
247662
249484
8695
UIOU
23571
IIEOEO
8826
IOOOIIOU
48047
185072
192477
17717
28375
4409
202313
AUO
IOUUOUII
180457
186831
188812
198224
3889
26962
2833
9322
11701
201597
23564
31770
205557
8871
214158
35829
217032
219153
UA
18473
204900
26764
11669
IAUA
182243
13745
188933
OEUAEUIOUI
6597
18508
166829
176516
OEUAEUIOUI
167215
173559
179511
17698
UIUUO
160903
7121
6595
167606
9322
176998
8743
185967
9776
193683
200678
208965
218905
228846
EAOEI
17943
18508
219541
227396
233237
IE
25195
220185
227223
13110
20791
UAIUAAU
224888
230752
231133
233757
236673
238114
241449
244303
UUOEO
238046
241182
25725
245233
21012
245244
246471
248396
26942
249575
253327
256210
261897
IE
13234
25094
254399
261626
264073
269744
271025
4409
EIUOUE
254631
EAOAAEAEAA
240782
UIO
UA
14502
202397
UA
9756
206094
213202
IIUA
27652
200455
209191
209715
210044
216772
226016
234931
7121
EUAOUUUOA
14676
IAAAE
21909
IOAEUEAU
184580
16528
191194
194556
33866
IIIAIUO
38648
193210
26542
196733
11669
6595
197887
200510
UUAIIIOIUU
13239
186280
188177
190447
11669
192447
16780
195739
197444
UAIUI
23571
176918
19696
182213
17717
30636
190986
24790
199036
207158
215278
218453
227404
233534
242027
251559
EOUA
252351
254721
258552
263015
11669
EOUA
263826
271405
273523
276656
5688
283616
292829
24089
293566
299583
13576
EOUA
300860
27652
305382
17156
313975
317402
320974
328529
329526
7271
37189
330664
336587
337570
12714
346282
IAOE
18041
347006
353839
353919
354288
361677
4708
369432
373365
26942
21600
377274
386781
394934
4708
25589
14002
23571
13679
IEEEEIOOII
375665
UEIE
355137
358464
14676
16001
366802
AU
23571
357674
8695
367422
367626
372791
8695
20791
35192
21515
13795
AUUEEAUAIE
38981
45131
365454
371507
15363
OOAUI
18187
354976
357978
358858
359550
9776
369019
369296
376907
386804
27114
393515
396909
EUAAOEOEI
EUAAOEOEI
370298
9776
10617
376471
385096
UEOAOIO
359440
35553
368814
378467
379512
386064
18187
24089
18508
394569
4708
395916
404207
39011
408127
412524
418289
420725
OOAUI
396594
24089
402757
410588
EAUIUAOEO
386583
19696
391549
7271
IUIEU
375362
379198
22773
383210
383478
9131
35829
10075
387546
392126
398139
IUIEU
IUIEU
402734
411783
415703
421805
423824
432155
439462
447650
455546
463174
8826
EOEE
461220
23564
EEEEUAO
445819
15220
449121
449139
9259
453546
EOEE
435263
8628
25168
IUEOIOEUOU
11110
9123
419744
421595
IUEIUOEAIO
27634
32009
398140
401296
9776
410763
EEEUEEUIAE
45595
394033
402676
411435
417416
20675
425840
25589
426211
AAIIIUO
20791
28979
17698
38084
14502
23305
401247
410661
7271
UIOU
401230
15004
405227
412074
415197
424063
5688
429538
431139
23571
21906
434347
34809
10632
435952
440051
10632
11754
EOAI
15220
15220
35257
431354
IAAEEEEA
407572
414345
416774
AAO
410665
414101
414436
EOAI
397478
404992
406197
409623
EOAI
24533
5688
414524
424266
432322
11843
OEE
25195
25195
422101
14151
431823
34809
435896
443863
19843
24128
UOUIEOUE
EEAOAEIOUU
IUAE
413746
422684
24145
424491
14002
16489
EIEEOIU
EEUEEEOIIE
403609
EEUEEEOIIE
403905
25149
413861
16926
52758
420666
35192
424023
EIO
416123
3373
UEOIEIEEI
421276
AE
AE
23564
398702
408022
19772
408659
16276
418535
421650
431017
435410
443057
17025
31829
44246
13142
24089
31114
448232
9123
457624
UEOAUEUUI
EEAOAEIOUU
11754
431755
436590
436738
29519
AUO
20728
30815
24143
4383
24889
47183
431763
24790
14039
432010
433195
36320
24145
39232
1378
433714
437940
440768
447500
453424
454258
458063
465905
32403
22773
474579
475596
483697
493310
495317
497108
504690
507191
7121
AEI
491410
495286
495893
39011
501927
511421
EEEUEEUIAE
24772
501552
33347
17629
510483
21515
514986
27634
519583
526289
534927
UAIUI
31829
23842
11843
36932
511559
512062
514549
28212
11754
523202
528210
532604
4383
UOUUE
511210
18529
517688
10547
EUOEEOO
518874
524932
OIII
499716
509549
14002
517455
AEUA
521976
529619
AEUA
14039
A
519403
528431
532557
536578
26263
540160
541698
EUAOUUUOA
8871
533377
537601
14002
538190
542380
OIII
19274
EAOEI
513734
522224
43063
34809
16001
530692
UIOU
531188
533850
541128
544272
35257
9776
554156
560248
565306
28881
568180
576557
AUO
572797
9123
580002
584037
590757
24772
39164
591732
591907
600669
609047
614659
616436
30540
619919
626471
27775
627361
629536
26263
1378
7121
637324
IIEOEO
UOAE
UOAE
28076
27634
30641
617625
625977
632731
13142
UUOEO
37385
30540
13142
EIUOUE
47183
39204
623267
629747
25162
EAE
8826
616646
11592
17139
625696
631681
637010
62473
25385
21515
37261
EAE
AEOE
AEOE
43275
619238
17139
AEOE
UEIE
595970
UEIE
35257
IUIEU
569718
575392
582166
17156
586133
594544
IOAAIE
580466
43063
582461
587751
14002
IOAAIE
586976
588235
590969
3641
594279
IOAAIE
592879
593568
EAOEI
578748
11843
8871
37159
8389
579701
589414
IOUOIOUA
586304
586865
590395
593346
593993
36529
595967
30815
26074
13576
605943
22306
606041
613037
37261
613751
622604
28881
626991
629054
635916
51153
36529
641099
643684
29253
651903
21970
655984
33347
16001
659660
662960
668382
674553
681682
682082
687933
IOUUOOIOEI
669931
EUOEEOO
648071
23926
40734
43706
IUIAEAUI
620915
28076
621195
629296
638028
IUIAEAUI
22657
47183
53925
IUIAEAUI
52633
23305
IEIE
633318
EEEEUAO
8871
614790
619962
40734
31373
623283
22120
624474
629813
637423
644636
648658
656723
U
28076
636823
UOOUA
634177
29253
640023
EUAAOEOEI
57829
EUAAOEOEI
66699
627848
634009
640844
OIUEAIE
616034
26542
38338
625938
26997
21970
30684
51153
632360
IA
615164
621630
AAUOUAAI
623258
AAEIOOAU
607072
616125
37261
52633
619426
620147
45511
OUEIUOE
610961
616121
625248
625902
631807
19412
639062
639514
648463
25149
657305
60316
44854
666402
EIUOUE
19696
47669
8826
26714
654199
658125
663610
669224
26714
672273
25589
40032
681821
682551
688501
66699
695889
703982
713912
717415
722381
52758
AUO
52758
EEUEEEOIIE
42734
OAIAE
684705
32616
687447
691002
700128
707847
714710
24671
722433
60181
730538
44854
32031
739277
11754
740519
742915
3641
3641
3641
66699
749689
755410
A
AUAIOUAUU
721025
4383
AUAIOUAUU
722280
34809
729992
27433
735954
736719
742076
19424
750539
756233
AOAOAU
EUAOUUUOA
47669
27433
50381
27433
727638
31698
35411
736004
741470
745113
755096
760209
35411
UUOEO
735336
UOAE
722631
727987
19420
35212
736482
745272
749133
42734
757091
765669
UOAE
AIIOA
756649
762428
769278
25793
5688
774057
776865
777216
783709
35212
786428
UIOU
27433
OOEAOIAII
746225
751047
759248
768359
27433
26714
12324
769250
770675
31637
17139
779338
31921
784688
45511
28996
20228
9776
789387
25849
66699
792765
IAEEEO
EUAOUUUOA
758949
22502
759061
761190
767744
768603
24886
38844
771859
772074
25149
781147
31111
AUO
AUO
755256
765175
768182
30641
52757
768927
777064
EAOAAEAEAA
UAEOOOUI
13624
EOAI
744799
EU
726120
39668
15220
730909
737658
45511
72492
745668
25793
IIUA
AUEEUEIO
19424
33347
718614
32339
720936
72492
721961
33239
24590
EUOEIOA
33139
25411
721462
725848
729796
60316
17629
729893
732732
740756
IAUA
56080
735881
744648
OEUOAIOU
741265
751033
757130
AEI
EI
25793
OOEAOIAII
UEO
710022
27433
E
AOAUAUOOII
673661
IAAEEEEA
40915
25195
OOOIOUIEO
25385
642438
651868
654985
661401
665653
674741
12258
675964
30810
22210
677964
687504
34546
688376
OIUEAIE
669836
37503
43706
21605
IE
39204
33704
25592
673642
677886
682486
686463
55755
690040
693168
697331
698348
24369
703026
710081
714451
51157
IE
19786
718776
723227
725676
727933
34322
735660
744313
753949
758664
UEOIEIEEI
40032
12870
759715
764696
35443
37385
766057
7271
17139
767777
767973
22657
13624
36877
47501
27433
24590
28538
769621
779394
780562
36529
786911
UOUUE
17629
785779
OEUAEUIOUI
AU
12669
27687
748679
755378
755871
762730
AU
766460
A
A
OAIIAUI
33026
744494
753178
759758
765010
766509
769563
776308
UIOU
759409
11125
767893
772677
779533
783573
27687
791861
UIOU
UIIIUOIIOE
766641
24369
37385
772528
66699
36383
776604
782744
789136
31183
796014
43449
801744
805768
26997
810789
816888
826846
830785
832856
835643
31698
41762
25589
841473
UEUUEO
838439
22912
EIO
20057
IIOOIAIIIA
819396
823448
829954
837867
21605
840980
849500
22657
23926
25793
36877
852315
856886
38298
858305
20837
OA
UOUUE
30585
40638
A
24125
24369
791539
796466
798081
25793
23926
55109
803394
812379
821112
823561
EEAOAEIOUU
813848
816549
825234
48522
24369
831257
EA
810336
45986
818356
EA
14979
821153
823888
828545
838533
AUAEAE
824531
33497
AUAEAE
33103
826986
26130
35592
829817
28984
45697
EEAOAEIOUU
EAOEI
804127
812304
816013
33497
27433
822303
829651
835459
835591
52757
844374
OAIOA
64338
829698
838642
36383
841064
43411
UIOAOOI
835184
40003
30187
60466
56080
842325
UIOAOOI
827552
74792
27836
55560
UOEUIIUE
826015
835731
EA
47940
828408
837507
22120
IEEEEIOOII
827754
828510
21491
831636
835394
EAOAAEAEAA
I
816313
825906
826242
17616
25641
833545
836628
838418
843260
47669
849962
18956
853484
43706
859855
I
60181
863745
37431
867096
25641
875225
877769
62762
884689
31183
47940
890758
44815
60466
897527
14979
904998
22502
912047
921934
60181
926509
20762
935472
24369
938926
946354
20762
EAUIUAOEO
926838
24886
42734
936630
944235
949029
956650
964403
OEOUOO
24125
947734
953199
959262
17629
960509
EEAOAEIOUU
952839
64338
62762
51157
960376
966283
36383
IUEIOUEU
949360
954715
954884
962278
968411
973873
974544
982341
992275
49333
994561
AOUE
979112
IOUUIAUUI
22680
962890
971597
56080
977262
984911
992130
IIEI
25793
998305
50866
30187
1004030
1005043
30187
20907
64338
1009480
1019429
1028193
1029282
EE
1009163
24590
52166
34276
22120
64338
1016679
1020612
IIEI
1010388
17616
32145
39622
1019680
UIO
EUOEIOA
983884
990581
992801
34276
16388
994379
1001352
30585
1006681
1010000
26766
EUOEIOA
46290
1010303
AAO
29308
IIEI
43895
37649
42734
24590
EEUIEUAUEU
14979
74792
EUAOUUUOA
40588
36877
58844
967412
976844
981273
987393
988361
996010
22912
30810
998991
1001000
34276
EUOEIOA
AOAOAU
32145
961236
AUEEUEIO
3993
OOOIOUIEO
920529
39878
925035
930573
939842
40588
946579
AOAOAU
929258
UEIE
AAEIOOAU
43651
888627
894382
40457
896489
899769
IIIAIUO
IO
IA
34037
32771
868291
60181
871280
876535
39878
878469
UAEOOOUI
860520
868550
868652
37392
874766
884058
893150
57986
33674
25411
34000
898542
900481
46233
OA
46233
899364
905268
914760
21561
28409
25169
916409
AIOO
27775
52678
UAIUI
909445
36383
917569
925640
935446
39204
17541
935834
943345
32771
944902
950851
956258
961057
966552
12988
976038
30810
37431
985799
990547
37392
46496
46496
IIIAIUO
AUAEAE
39204
970817
IAEEEO
958182
958312
965494
973732
981324
27687
21085
EAE
19156
979719
981921
986958
45511
EUOEIOA
984421
56080
46290
43895
993036
42975
995626
39622
996590
1004807
1013834
1022109
37755
1027153
1034570
20417
39878
1036593
41991
UEIOU
1026377
62151
OEEAOI
27775
31084
30810
1019671
48522
1022353
25317
1029121
1029828
1038461
1044277
16379
39204
1047564
1056393
1065427
AUAEOO
27836
1056276
1065367
1074968
35123
AUAEOO
EEEUEEUIAE
EUOEEOO
52678
33891
1042696
1048160
42249
1048575
IOUUIAUUI
33891
1034152
1043680
1047643
37860
26766
UEOAOIO
1033990
1038005
1047384
45840
33720
1050571
1050616
42975
65525
48207
OOAOAEEA
23518
55096
1043476
1052018
56006
42249
1055948
1061071
1066131
1071652
49785
1073389
45511
45840
1078464
1085933
EUAEOUAAOA
1062398
1064504
1066787
1068204
45344
EUAEOUAAOA
40457
EEOEUI
1055247
56908
1062411
31449
1069943
1075941
1085638
27687
1094674
1096951
AEOE
56579
UEOAOIO
1090916
35129
1095687
20907
1099330
1102927
EAOEI
1080713
39622
1085460
1094326
17040
26766
EUOEIOA
35443
1094346
1100974
46290
1103360
1110450
38446
1119645
UEIE
1103622
1113215
OAUEUA
UUIIUOUO
32145
38446
1098786
1100709
AAIIIUO
1095964
1105898
1111389
40755
15442
56955
71553
UAEOOOUI
IIOEUUO
35443
1089072
1095968
1102690
1104425
1109631
42682
EOEE
36383
1086373
1095950
37727
1101740
1109414
17616
49481
42682
1111217
1114271
34311
1119438
35129
45344
45511
39727
1123436
44129
1126204
OIUEAIE
52825
1111386
56955
27687
1114827
IA
1111555
32771
1121090
AAUUI
51209
1101327
AAUUI
47669
1095797
1099809
UOUIEOUE
1094025
1096535
OOOIOUIEO
EE
21245
1075006
1084791
1085200
IEUUEIAA
1081790
35592
48522
IEUUEIAA
1087282
56579
OOOIOUIEO
1078165
49481
1082011
1086205
1092360
1095953
IA
1073873
31084
1083126
21245
1089184
OIAUIIU
1088180
1094877
1100816
1104540
63346
53381
IIEI
1096470
45325
1096494
IIEI
1096013
1103643
27394
38015
1105748
1112588
56908
56955
1118473
63346
1122604
64338
1129956
IIEI
1137795
1144627
1150145
40897
1155713
1162786
1164512
52678
38190
71553
1167567
1169141
AEOE
50911
UOOUA
1137699
1138493
56908
36383
IUIEU
1128121
1129747
21085
OOOUEOEE
1104887
67978
37532
1108905
1118256
1124198
EAUIUAOEO
1111297
63346
34037
1118846
1124702
1133246
77830
1137336
1143562
1147520
1150122
OUAU
1130036
1139428
15442
46233
1148489
1148787
1156842
1157976
AAIIIUO
45046
32084
33843
1145602
60295
67604
1152113
1160132
1163792
1169649
48068
1176478
1181396
1191351
1196203
29056
47251
1203824
45222
1209140
OOI
37727
61030
OOI
1206493
1207119
IUUUUUUIU
36383
1192263
1195324
32032
54552
67614
39727
19156
1195718
IUIEU
1189003
1194053
1201683
OOOUEOEE
67604
14412
1204059
1208693
46156
1212163
1217366
23737
EI
1201476
45155
A
1180752
1181287
41824
1185580
1193572
1197487
57370
1198634
13045
1208589
1210226
45101
11769
1213482
34000
1223425
15442
1231734
1234095
73286
1235765
AUAEAE
55096
22120
1225395
1228565
1229246
40897
UAIUAAU
1229129
1235438
1240098
1246117
37727
UOUUE
14412
IUUUUUUIU
40897
1209734
65109
1213567
29308
1223213
IUIAEAUI
1217055
1226480
40897
1232747
14979
39446
1241156
1243923
UEOAOIO
31182
1243541
55019
1252923
1257560
1263584
1264809
1267019
25411
56546
49008
58021
1272558
1277684
1285790
1289983
1294042
1302025
1309186
45511
1312000
1318822
1324418
1326213
1330199
1332069
1338142
AE
1323655
OAIIAUI
46095
1301671
1305381
55096
EI
1297950
1301658
1302762
43107
31734
1304959
AIIO
1290201
IIUA
IOOOIIOU
1285228
39446
28409
1290935
14412
20907
AUEEUEIO
UUAIIIOIUU
1272370
1277227
1285071
1291057
32145
1298916
34311
22120
19475
1305820
1310664
40457
52193
1315733
55019
11769
32403
IOOOIIOU
14979
1295467
33602
EEOEUI
1273637
OAIAE
1279671
37526
1280359
1284341
IEEEEIOOII
1278158
1283878
1285664
56908
1287550
35298
63346
46591
EA
1277317
1278785
56579
1286413
EA
72304
1291510
EA
45325
1282114
35592
63346
18452
38327
35217
40301
1285421
1294730
IOAEUEAU
UIUUO
UIOU
20907
53294
1232351
65606
1234446
15442
41519
1234805
46233
1237241
42579
1239175
1244336
32403
1246773
1255521
1257000
21245
31084
1263187
1263938
26155
1264305
1274045
AAO
28409
44129
26912
1271130
1274874
1277451
1282706
EIUOUE
1262106
1271934
34449
1280628
1286668
1295062
32403
20057
1295087
IUIAEAUI
1281925
38646
1283283
1291874
55129
1293355
1302852
1312672
1322516
1329747
1335279
EUOEEOO
67418
AAEEIAI
1298004
1298996
65767
OOI
40457
52757
75105
1287338
I
63346
33720
52102
1276247
1284104
56546
1290620
1297555
1301325
1310301
1316441
20057
30170
4095
42380
34311
1320180
1320702
1324389
44129
1326315
1329004
1338102
OIAUIIU
35443
1326664
1334508
41800
52757
OIAUIIU
1332332
1339464
1346784
1353462
1358290
66359
1359541
1367383
1377124
1386776
1387745
47350
37532
65767
1396397
57137
57923
1398946
1408551
60259
23518
1416174
47129
1416336
24970
1423852
1432109
EEUIEUAUEU
41031
EEUIEUAUEU
39969
1418073
1423749
27501
1426392
43895
EEUIEUAUEU
1430925
1431753
1434136
48602
1437833
35592
1438629
1447288
1455557
1465192
14979
1467634
1473745
1474698
1478889
1479185
1480357
EEUIEUAUEU
1483779
1491032
1499363
1509344
38886
1515664
1516965
1524002
30170
1533616
1541012
1544197
1551877
UEO
OEUOAIOU
49122
1517734
56908
24970
1524709
1526794
31211
1535893
32771
OEE
OOOUEOEE
42715
AUAEOO
1493369
1503332
1507480
50547
EE
IIOOIAIIIA
AAEEIAI
1480519
66359
56012
36879
40268
1483020
1489637
1496562
75392
EOUUO
EOUUO
47604
1463977
1466474
1466665
1472489
1472612
1474788
1480965
EOUUO
1480361
1484391
41279
38327
1487403
1490288
1491357
35073
72696
1496112
1504478
AAUOUAAI
1478164
AAUOUAAI
1474639
63346
60305
UOUIEOUE
1481106
41874
1488225
1489106
1493623
1494916
31034
1502979
59690
44049
1507695
50385
1508815
38345
UOUIEOUE
AAO
60060
IE
59625
66359
1478258
42834
1486463
44308
56268
54552
42661
1486576
1490610
OOAUI
1473149
IOOAUOAO
60850
33843
1466013
1468676
51722
1476405
56684
73560
1482120
35760
34165
1485222
19183
41874
UIOAOOI
1468228
UUAIIIOIUU
IOUUOUII
55711
1437591
31211
42715
64293
1445263
1445283
60295
IAUA
1440931
UI
AAIIIUO
1411476
1417551
1419426
1420391
1428947
1437325
71553
IUUUUUUIU
IAAAE
1412536
52517
1422235
50385
1422614
44049
62514
AUAIOUAUU
50950
OEE
1412190
75105
65525
1419967
41279
AUAIOUAUU
1421031
63346
EIAA
65525
1422163
1424982
1426481
1430555
38886
1432106
IOAAOI
IOAAOI
EEEEUAO
1387197
1389074
1389307
39622
EUEAOUOOA
1374790
1379968
EUEAOUOOA
1380420
1387462
1391039
42579
1399686
58643
48110
1404131
1414056
1416007
54032
72696
51622
1418235
1421842
1427603
1436896
19183
1440776
49508
AIIOA
1434100
AIIOA
55096
IOAEUEAU
46156
UOEUIIUE
41824
1407082
43593
44308
1410856
AAEEIAI
43520
1402506
35217
UIOU
1387805
29904
38046
1389611
42184
51622
19183
66242
1397814
42279
28943
1399443
64429
1407975
1411929
1416674
47129
19183
30014
35684
1422174
1425332
1430341
AIIOA
47100
1420149
1425076
52851
1433579
60305
1436734
1446653
1453108
1455330
69863
65767
77372
1460547
1466864
1476121
77372
43593
26792
53824
1476763
1478745
1485013
1493375
EIO
1489764
47129
42353
1493032
68370
1494972
AIUE
UIOU
62513
35464
1451752
1459043
EEUIEUAUEU
50400
70471
1445203
EEUIEUAUEU
10844
1448061
52851
42682
1454584
18452
1460327
59797
EEUIEUAUEU
1456299
AAUOUAAI
1441088
47100
1447625
1452483
1461323
35464
97241
1467856
1472090
53824
1481058
OEOUOO
1465961
55711
28511
55232
1467267
1475753
64338
71209
1479356
35073
1483198
1484150
1492628
1493615
35684
35443
EEAOAEIOUU
1480614
1483700
1492282
1500588
47291
64338
1508778
UIUUO
1501368
1506154
72446
1507158
1509720
34449
1510744
1513925
1514830
UUAIIIOIUU
31734
47275
1509183
UEOAOIO
15692
53569
OAIAE
1474286
AIAEAU
1457438
53367
AE
1451192
65767
EEUEEEOIIE
46591
75392
1432409
42343
1435511
1437868
IAEEEO
1434941
1443980
OAIIAUI
EOAI
69063
IUIEU
1404453
61562
56406
56406
46186
1405885
61864
1411718
1417219
1417307
1424779
UI
1432081
1433127
60877
1437171
35513
1443251
1444538
1452547
30278
82792
IUIAEAUI
53569
54301
1431373
AIIOA
1422000
1431414
1435553
1442274
78068
OOEAOIAII
1421128
1425103
1432478
1432705
78068
58111
1438938
1446403
58111
44245
AIIO
77577
46828
1432596
1435356
1436927
44109
1437226
1444400
1444963
1453229
1462470
1462951
51622
64377
1463601
59070
80987
UEIOU
EIEUE
1437005
30014
1446756
1447983
1457028
1465662
1467277
1475583
72446
1477476
1477621
1480185
1487987
OAIOA
1479090
1483469
UEIOU
1460755
1465484
UOAIUO
1455492
1458958
34694
67168
1460787
IOUUIAUUI
1453493
82792
54301
1460027
74917
1465907
48691
1475545
41281
1483217
80249
66242
1490388
1495642
1498849
1502202
1509500
UEIE
42343
77936
1510224
1511496
46186
21870
20057
84298
1520190
30014
1529763
82575
AE
1521204
82792
OAIAE
UIIIUOIIOE
35073
31034
1485205
83611
1485742
30014
1489732
UOEUIIUE
EEOEUI
1448703
59733
58052
46828
1454422
1454509
44245
1459061
49401
1467761
42184
1469288
48786
EAE
78672
57137
22196
AAEIOOAU
44153
70434
EUAAOEOEI
1429305
UUAIIIOIUU
1418003
1427343
49008
18452
1437064
EEUEEEOIIE
51622
1436156
43030
1445611
IOUUOOIOEI
1427402
EIEUE
1426215
1430561
IOUOIOUA
1417422
1425793
35684
1427459
1437276
55781
41279
OEUUUIUAI
1422085
35073
58111
41279
1426025
72446
1426805
62652
59733
45474
1432323
1436518
49008
1445755
46220
1452613
1456508
42184
1465463
63346
46030
25323
IIEOEO
35929
1461324
55074
82792
1462769
39878
61562
1466179
1473215
1477210
EI
57478
74318
75619
1458868
1464355
1464691
64338
25331
61864
45474
59733
49766
1473848
44109
62513
1478605
53641
1482358
58754
49894
OOEAOIAII
1477391
80249
35073
1481922
UUAIIIOIUU
1477407
1482180
59129
1482761
1485556
UIO
1484228
1490395
1499920
1507669
AEOE
63346
1488277
58678
1493319
1493962
1495621
1505420
1509209
1513476
1520142
UOAE
1504161
43110
AIAEAU
1487722
65525
56546
IUEIOUEU
1464769
1471919
36415
1477091
AOUE
1464152
61864
EEEUEEUIAE
EEEUEEUIAE
52476
64730
1420771
39878
IIEOEO
1405388
1413615
61022
EUEAOUOOA
1410441
1419737
1421395
1430065
1432505
1438847
81953
18452
1447821
1455452
1463299
1464081
1465110
56546
1472211
1482034
64338
1485159
1487010
1488567
1488931
1498182
1503114
EUEAOUOOA
30278
1501490
70434
1503824
39384
84298
1512819
1514991
1522268
1525245
1529891
1534972
OOOUEOEE
60287
1516562
1521410
1521710
1527944
1530816
1539378
1546995
45474
OAUEUA
49683
1542687
OAIOA
1538778
1543585
67441
69529
1545509
OAIOA
AUAEAE
1528763
56406
1536358
61864
98995
1543840
1548988
1550945
52851
AEUA
1553867
1555435
EUAOUUUOA
77910
52010
1544443
UAIUI
35739
64730
69529
59129
EUAAOEOEI
1521566
1527581
81953
73041
35739
1536152
1544002
66876
IIEI
UOAE
52102
59733
1494856
AIOOEEOUE
1471480
1474908
1483772
1484111
1489417
56674
1496663
1506117
1513021
90775
1521170
84932
1530518
UAEOOOUI
57199
58075
1528597
45790
1529321
EAOEI
47447
38335
1515416
98995
UOEUIIUE
1513686
81953
45779
EIEEOIU
98995
43030
1510415
1517865
56406
1525423
49766
1526444
1530246
86009
1535907
32789
80249
44308
1544906
90775
44109
1553583
1559866
1565625
41342
AUO
1554187
1559583
1567426
UOUIEOUE
OOEAOIAII
70434
1556926
1562785
64435
28451
1572437
1579689
49683
63832
61535
1585192
AE
1584455
1584477
EUOEIOA
86027
56062
IIOEUUO
92963
1548773
1554488
56885
84298
OAIIAUI
50985
47682
106745
1557080
1559873
47695
1560245
56674
56387
1562057
1570376
44109
54032
86027
1576430
1585372
49894
1592316
1599295
66368
1604426
1606051
72378
1608402
49683
1609447
92963
1611713
63832
1614333
1614768
1617633
68368
1621327
86009
1624478
42564
1631313
1635423
66368
1639412
EUAEOUAAOA
UIOAOOI
1605357
1610793
UIOAOOI
1614657
1619018
84932
1623110
1624110
62718
1633616
EAOEI
58584
IAUA
1602100
1605989
1612325
1618855
69437
1622570
90775
1625488
47695
63927
OIAUIIU
1607377
1616848
1619164
1620669
1625576
EUOEIOA
56387
1605840
EAEEAAAOEA
EAEEAAAOEA
OEUAEUIOUI
1595625
1600660
55745
1608478
OEEAOI
OEEAOI
1591787
1599740
87060
EUEAOUOOA
1586644
30195
AIIOA
57069
IUIEU
47695
36134
1562561
1563175
OOOIOUIEO
1561526
1562417
1567865
1577212
1580963
87060
84298
1590322
1596968
61535
OOOIOUIEO
62652
1598663
1607694
1609404
1615061
57017
59362
1617297
1617811
1618455
EA
1610660
1614671
1614839
1617023
1617980
EA
67482
1623201
1623679
58584
EOAI
1605699
71728
1613813
31911
1622557
AEUAUIIUOU
61562
1600280
71016
UEOIEIEEI
1597283
90148
1601363
42907
50893
1607651
1615435
UUIIUOUO
1588493
52476
1592231
1592234
35684
36134
1598055
53035
1602519
74848
1607790
1616269
EAE
1618380
55745
1626082
84054
35073
44153
52102
35684
1629912
52522
EAE
AOAUAUOOII
1624356
49683
56674
1628474
1630706
1635972
1636197
1644768
1646212
1649729
1657390
55553
1659367
56008
IO
OAIIAUI
1614547
1623640
1626994
68344
74318
1630386
66558
1637786
EEUEEEOIIE
68344
1624877
1634687
AEEEIAUEA
1619242
1629132
1631604
1636766
1644950
35684
1652745
1661250
70042
1664224
62491
1669896
87060
EIUOUE
1657200
1658885
1663200
1670265
1670985
1671187
1678644
84298
1687756
UUIIUOUO
1671744
54944
1673136
AU
1661116
56001
1665649
1673149
1681044
1686377
28451
78122
83666
AEOE
63832
1670198
87655
1679129
1686573
1689428
IA
1684603
1694032
1696804
49683
67777
1704775
1709392
79661
86027
1717806
1723138
52176
1732619
1738786
19807
85445
1745847
1753476
1755685
35073
IA
72117
EEEIU
70042
EEAOAEIOUU
61562
1731782
OEUOAIOU
32426
AAUOUAAI
1708529
54622
IUAE
1685692
32552
90775
56674
1688455
115051
43333
1694543
57711
IOAAIE
1691772
1699116
AEEEIAUEA
1684155
35929
AUEEUEIO
1674934
1676125
63927
1677613
87762
44906
93288
EEUIEUAUEU
81410
1656492
1657203
69643
1665694
1672254
42429
63081
70042
85445
IUEIOUEU
1653650
83016
44685
1658579
1663771
58754
IUEIOUEU
1662773
IOAAOI
43030
67777
1652704
86503
1653696
1657551
1658410
1664515
1668738
IAEEEO
43333
61230
1670716
OEUUUIUAI
1665175
74613
1673388
IEEEEIOOII
IOAAIE
61535
1654713
63832
1664624
IOOOIIOU
1649412
UUAIIIOIUU
1635725
1642912
93288
1646470
1654719
1663940
90775
1665718
AEAOEOAUAI
54622
1667449
1674456
63873
67256
1675084
1679554
AUAEAE
1669730
63927
1670521
89136
75619
OEOUOO
1649998
60732
1658611
74613
72378
65575
1665375
1665869
90775
1666008
50377
83666
1673229
35684
1675892
85876
1679488
1683587
53367
57034
1685153
64696
1691170
1695651
1698504
1708074
1712830
1714539
AAEEIAI
1701520
1705810
66213
93288
1707376
1710882
IEIE
61879
73813
58893
15692
1709096
UOUUE
1696002
1704727
UOUUE
84099
1711630
1721119
72971
1729357
1732417
83666
50753
1733044
1739260
OOAUI
1725930
IUIEU
EUUIEII
90202
1695149
72739
EE
AEUA
EEEIU
UEIE
1630075
1638595
58754
1647671
1654657
EA
1647354
66213
35633
UOUIEOUE
1629396
1635401
1641811
1650672
60371
52522
63868
1660071
93637
1662137
1667728
1677038
1677490
IA
1673138
69643
15692
1680725
45710
1682612
60732
1682925
1688100
1697789
AUOUOOUOAE
36134
63832
1686878
IOUOIOUA
AAEIOOAU
1657826
AE
1655565
44503
1663903
58893
AUOUOOUOAE
1649426
1657942
1661419
IIIAIUO
58893
1657414
1661732
80324
96813
UEO
1655586
80998
1663118
UEO
1660374
57123
UEO
96740
OEUOAIOU
1650528
1651435
1652982
52187
1654884
40805
1661650
IOAAIE
1641551
1646656
61905
79043
23636
73041
1652240
1655252
74613
1660407
1670316
A
1650523
1650783
1660456
1664203
94399
AEOE
91873
IUEIUOEAIO
1651052
94399
1658352
61638
57069
IUEIUOEAIO
61516
AIIO
91595
1635636
OOI
68236
51680
1621148
98079
71893
98139
66897
OOI
1624128
68933
1629633
68552
90080
1632504
1638356
1646721
63868
70766
68236
UOUUE
AOUE
42149
94975
1605584
UAIUAAU
A
1589555
UOEUIIUE
1583278
85490
1591756
IOUUOUII
1586993
1588755
1595308
UOUUE
1589199
74483
65557
68050
1589677
EEEEUAO
1581288
1584617
1592440
1600547
72197
1603928
1604169
EIEUE
1594980
68081
65604
1602485
1602755
1606623
1611742
1614292
IUAE
EAE
UUAIIIOIUU
1580847
U
IOOOIIOU
1570873
IOOOIIOU
35855
96740
AE
AIIO
1510745
57123
1515175
1524615
85630
1525671
24596
1530494
1536174
63868
1538993
1546624
1550658
1557295
1567069
42526
AAO
1557304
1565726
67984
1568336
AUAIOUAUU
UUEUEE
82125
UOAIUO
1511359
IUIEU
1485341
91092
1488322
1493430
1502209
1503441
AU
AIOO
1466446
1475487
50120
1480180
1489329
1496391
71377
35855
1501240
1501889
1511013
66213
71728
1512586
75875
1520396
1527719
53367
1535927
UAIUI
85630
1534934
78487
1542255
1545066
68081
1548756
87762
1557938
1562907
54622
51680
65527
1569508
1573435
74613
I
54622
61255
115051
60732
93288
1557755
1567431
97995
1574671
1575401
63873
1585372
UIUUO
IIEI
78580
1559240
1566061
1566964
86503
1572565
98672
39392
OAUEUA
94793
50753
1558209
1564041
93336
69847
OIUEAIE
1563344
1567722
1568316
1569440
1577772
97008
IUEOIOEUOU
1573487
51543
1579102
90052
1579328
1584189
1587664
1597116
1606133
1607935
1614613
91775
1623496
IUEOIOEUOU
1624765
104120
1628664
75668
IUUUUUUIU
1628874
42526
63397
1630764
1635381
83642
AAO
1613806
OOAUI
1593467
1595442
1601313
1605131
45779
71377
58893
1610124
1617459
1620152
IOAAOI
53367
40805
1612545
A
UUIIUOUO
42526
68236
1576650
1584933
1587682
78063
83267
75810
AAIIIUO
45326
1587649
94793
91775
1593348
EE
67984
1586094
1590052
1597181
94421
1603261
1607970
107097
50753
91008
53443
1608813
46589
1609424
115107
1611031
63412
1617260
1624933
1624956
1630628
OOAUI
98387
1612250
77420
1621588
1630305
IE
1625332
1634575
1641519
1648120
AAUOUAAI
98387
1644539
AAUOUAAI
73496
82386
1647847
1653208
1661798
53367
1666497
1672033
86503
IIEOEO
1663427
71893
1664543
1673919
1681298
104120
1686182
UUOEO
1677004
1684517
1688734
1698539
1702806
1703424
1705187
1707516
1709016
1715097
1720175
1722095
93336
1727825
1729407
71893
1733487
74834
AUO
1707754
1712017
1720057
1721664
80179
1724823
51543
1731268
AEOE
60505
1712219
1716332
1724848
1725891
1730037
1736538
1741381
1743635
72025
AEOE
1725833
1734157
1738962
1742941
IUIEU
1723744
77329
1733581
1734286
1739604
1740034
1740991
1748684
56333
64267
1751659
1753210
61255
85903
1753366
74834
1753652
1759804
1768006
1775609
1783041
1788754
EIAA
1773704
1776597
1779163
1783181
1784231
1786209
73149
E
AOAOAU
1774702
1777808
63275
88882
1781573
1785784
1786435
1793478
1794542
AOAOAU
1796155
95333
122491
1801669
86280
85903
1805612
72025
1806790
OEUAEUIOUI
EUEAOUOOA
1758682
1761242
E
73496
1755905
71377
1765316
1772983
1779644
56279
1785528
O
1780676
1786246
63397
1790425
1797714
64241
1798231
1802892
80179
1803963
1810597
1810974
87175
1819257
81930
1828460
1830073
1831949
EAE
1809575
UEOIEIEEI
55687
1788346
1788768
115107
EOAAIIAEUI
OEUAEUIOUI
71377
1763055
1771736
1780621
34777
1789950
79711
1790998
1794312
41864
1799547
1803149
115107
OAIIAUI
1790474
EAEEAAAOEA
42149
1787121
102025
90052
OAIIAUI
56535
1771213
93288
1773904
1774015
71728
1779957
AOAUAUOOII
1771942
UEIA
1758653
OAUEUA
1755937
OAUEUA
84781
1760070
1761741
1763278
69634
1768718
1770874
71893
1780319
1784319
1790149
1794656
56939
1796167
84442
79656
1802856
EUAEOUAAOA
35929
31911
1792312
1792997
1793454
61255
1801796
1807030
IUAE
1802598
1802631
1802876
1806841
80561
1811551
31911
57176
A
1795085
A
AUO
1772900
AUO
UOEUIIUE
1765574
94538
110282
79656
1773277
80179
50290
1781498
1786287
1794272
93336
1801016
1810713
57394
1816428
109136
1821657
1826861
63275
1834475
1839985
1848843
56535
OAIEO
1834167
1834313
1837992
EUAOUUUOA
1822126
1822446
1825090
IIEOEO
68236
83345
1811098
1813128
1817474
1819889
1823085
1824255
1831290
1836918
UI
1809221
55061
1813319
61669
1821596
81902
1824171
51388
1829325
1830620
1840554
1846812
1856478
AAEIOOAU
1849456
1850376
56939
OEOUOO
1834943
1844672
1851510
IEAOIOII
56535
99068
96813
37707
1842226
128956
62179
56939
94677
IOUOIOUA
1823680
1833246
1835537
1838945
1847063
84593
89930
80179
1850796
1859399
EI
1839629
AUUEEAUAIE
102639
79711
37707
1838855
1842400
107097
107097
1846007
85685
1853433
IUIEU
1849234
104120
77329
1855035
1861728
53756
1869978
41403
EAEEAAAOEA
94104
57896
75127
1870503
1875402
66594
1883919
46589
1887361
1890048
1893591
UEUUEO
OAIIAUI
AUAIAA
94355
54500
EOUUO
1825078
1828939
74483
88256
93907
1833123
IUAE
111968
IUAE
1818904
1819074
1827627
IIOEUUO
1822825
1823519
1826571
1831624
46188
1835054
EU
1822711
64040
1828280
1835186
1840125
1849721
1850740
1860615
1861223
1866999
1873158
52531
AEUA
1862087
88515
94421
79004
1871209
94538
83545
1871608
71377
1878257
1879927
EEAOAEIOUU
1855211
1857771
58014
125936
1858724
1863695
47679
51388
94104
1864349
1864866
48693
94355
62743
1868086
62743
1869083
80561
UEIA
1844576
1850024
1858460
96915
48258
125968
1862906
66594
1865997
66594
96754
76927
1869912
65354
83465
1875038
73685
1880323
76648
101926
EAE
63952
1880393
1888900
88205
58014
IAAEEEEA
1890754
AIIO
60732
1873951
OEUOAIOU
94550
1864444
1873325
IOOAUOAO
1860526
97008
60732
63952
1865477
IOOAUOAO
1870032
EEAOAEIOUU
UOEUIIUE
1841436
1842482
1851663
1854968
58893
1858329
EOUUO
89930
1856872
97008
95333
1863479
EEUEEEOIIE
94550
1869196
1875639
1883313
1891508
EUOEIOA
76068
A
1862758
1871276
1879772
76648
UI
1862054
AUAIOUAUU
81902
1854601
1861461
AUUEEAUAIE
1841594
AAEIOOAU
1836308
1844650
1853851
1856296
1857020
1866851
68224
1873291
1882906
IOAAOI
1870890
1872110
1874654
1874912
OAIOA
66962
55131
1859657
88362
1861853
1867080
76648
1872923
1879491
50725
1885147
94104
58893
82231
84593
85384
1889361
UOAE
1861925
1866986
81734
1874099
1880443
119332
83929
86174
84328
54500
1884424
1888305
99939
1888388
IOAAOI
1871470
65527
1879930
103669
1881731
UEOAOIO
1861584
67898
IUUUUUUIU
1865948
UEUUEO
1846641
AIIOA
75668
1844722
IA
1826848
1836438
1839194
1847045
1851552
76248
1854379
59810
54500
1855804
102025
102688
52298
1860784
1861683
1868673
1874142
63492
1881618
1888285
1895061
1904024
76068
96754
1909813
1919410
98500
1927993
1937916
1941050
1941092
37707
1943473
71728
37707
EUUIEII
74188
94793
95103
1932706
81667
UI
82231
93717
81467
1929600
1939248
43998
1942302
78176
1949066
75668
AAUOUAAI
80561
1939808
1947265
1953339
1961499
1964828
59810
1968215
43998
76530
84582
1973097
89317
1976314
EEAOAEIOUU
UEIA
1932420
70464
134061
1938507
1944511
1946953
98815
26592
1947290
1947945
74642
1957288
EAOAAEAEAA
1934465
26592
1941444
1946509
89317
96991
1954929
70464
1957920
119332
1960465
1967963
IAAAE
1967812
1973914
1975244
1983445
94343
1990222
1993084
2003053
102688
2005266
46589
31911
2010122
54500
2011574
UIIIUOIIOE
2013322
72990
2014091
AUAIOUAUU
1989724
IOUUOOIOEI
56175
1986927
109311
74095
1986943
1996722
1998203
2001980
IOUUOOIOEI
109148
86561
2004679
2007497
82319
60973
2016216
86163
2017532
2022990
2024959
2029863
2033904
96991
2040562
88626
OOAOAEEA
2038128
EUOEEOO
2017617
AUO
2009735
89839
59810
2011143
2018053
80561
61494
100993
2020984
109136
79252
2024344
2033265
2038888
2047415
2052332
EUOEEOO
2039802
2043782
UEOIEIEEI
2023004
100993
76563
2025369
71787
66834
EE
85384
2022731
2027771
67451
2030401
2036941
82889
E
2021214
2026383
2032731
104120
2038948
2040841
82319
2042836
2045054
2048444
2054524
IOUOIOUA
IOUOIOUA
110994
UEOAOIO
2010804
EE
76563
2006712
2014790
138505
IIIAIUO
OEOUOO
1995042
1995384
2004130
82889
2013120
2015562
2018293
AOAOAU
2011423
82889
OAIOA
EAOEI
1991488
1995125
2001415
2003958
2012319
UEUUEO
1997977
AEUAUIIUOU
1992138
69982
OUEIUOE
1987327
75829
1994034
1996447
62114
IUIAEAUI
1984763
145371
1989962
EA
IOUUIAUUI
1957746
1957846
1964931
AOAOAU
1939017
72739
1941302
85359
A
1925100
1927640
83409
73896
1927994
UUIIUOUO
1909095
1915754
26592
1919606
1927932
64040
1929760
1934642
57634
1940388
1945151
1947368
1952257
1955449
93888
1957598
1963271
1968632
1970456
1975418
1982753
IOUUOUII
86503
1957552
1965803
1969352
94104
1969956
IIIAIUO
1963008
AEUAUIIUOU
EUEAOUOOA
1947610
84582
42149
54943
82749
81734
73409
81266
60609
1947879
1949174
84582
1955656
EE
1953981
1960831
1965264
1970081
AIUE
57759
1950730
EUAEOUAAOA
1948159
62811
1952066
1960949
1967410
72990
1973733
EUAOUUUOA
1947912
1953723
119522
1956423
1966046
1973130
1981568
108701
76222
74095
59874
99577
1986153
127699
43998
OIUEAIE
80179
1976214
1981168
1988569
1991069
1999212
2006052
2007944
2008145
52057
66962
61190
51543
2015889
2021359
69738
89950
2026364
100979
EAEEAAAOEA
72990
UIOU
63492
1998424
2000006
2007634
2009859
2019679
2023563
OEEAOI
2013228
2017443
61190
2020997
2022860
2032090
2034276
2042907
2048905
97972
2057327
2058421
2060291
2068713
2071944
95749
2079234
81589
76530
2086574
51543
2091261
86690
71661
2096826
OEUUUIUAI
2098924
2104052
2112988
2118227
2126595
2132764
2132799
2133231
93888
2136771
2142171
75994
2147817
2155362
2156035
82889
2160577
2165147
63727
118941
54943
81233
108701
2172341
UEUUEO
2153583
2157558
2161827
2166366
OAUEUA
64782
2155800
62114
127467
113227
OIUEAIE
2158501
79252
EE
2142005
2151545
96991
107297
2152446
76530
2162330
2170957
2180853
EAEEAAAOEA
2160260
2164707
43998
118831
2165531
95289
61453
2174962
2178761
110615
2182652
AIOO
2165652
2167603
2169145
2173879
66834
2177529
67685
2186477
69633
2189923
79711
127467
81381
68075
64053
95289
2196057
2201634
EAUIUAOEO
2183322
2184856
2190324
2195110
EOAI
81589
2195788
2201453
100507
2207069
2214764
2220041
2226626
119396
EEUEEEOIIE
2215546
AIUE
82749
2202276
2210803
60609
2211061
2218155
2220721
UIOAOOI
2220446
2222892
2227886
2230935
2237292
2247023
82889
62811
AAUOUAAI
43998
92972
99295
2227918
88014
93270
2232410
62179
33881
117904
2241350
88979
2251251
2255363
UIO
2258503
92665
AAO
70982
60580
2240800
EEUEEEOIIE
62851
2223005
2231869
113574
2233935
100979
EUAEOUAAOA
62851
OOAOAEEA
2197209
2205440
2206889
94749
106109
76530
2212537
96754
2218993
2224423
107180
2230500
100202
2233785
69738
EAOEI
96754
106112
IE
2209325
2214975
51543
84512
2222416
65858
68990
2231432
2238837
EOUA
129312
2242746
70982
2252571
2252890
88362
2259004
86690
EOUA
2258247
2260079
92972
112279
2264920
2270007
93326
2271662
107326
76530
2280784
101436
119396
98677
131324
2287968
2288091
107683
88479
58638
2291183
2298176
2306895
EUOEEOO
AUOUOOUOAE
AIOO
2274042
2277214
2281108
79163
UEIA
63397
2261524
2262730
84512
2270673
2275846
65858
2282041
76530
2287093
2291187
2300065
AEAOEOAUAI
82749
2282705
52298
88479
72990
2285150
81610
100533
2293552
UEIA
107326
113574
100507
84512
2287392
107683
2290961
2297699
2298892
81610
2303480
AIOO
96754
2303441
101436
2306718
2311822
2316049
94749
99577
2322309
68304
AOAOAU
62114
2307539
107297
2312190
2319325
76704
2319549
92972
2325249
43998
126710
2329408
80179
2329500
2336596
2346564
131324
2346957
89950
2349537
2358507
84294
UA
68388
EUAAOEOEI
2326664
2333398
2338507
OOOIOUIEO
2322247
64053
88525
98168
118366
2330205
2330975
2336212
2337639
78469
62851
2338878
UIOAOOI
2329769
2336924
88479
138766
2343505
112492
94582
2345437
67451
109363
118647
2346445
2353366
2356543
2361567
93326
2367111
2371487
2379004
2388528
2397689
2404371
64661
AAIIIUO
IO
2383195
2390031
2394257
IO
2398186
2407710
EEAOAEIOUU
2400766
2404200
2410472
2417088
2419833
2427671
2430730
62811
2435819
2441616
76370
2442764
90269
80179
64961
2444066
2453401
62469
OIUEAIE
2441014
UAEOOOUI
IAUA
2418443
2421468
2430345
2435226
2435924
112279
2441430
2449998
EAOAAEAEAA
UOAE
OOI
EU
65816
91690
2379957
60109
2386592
AUEEUEIO
2393878
2400365
2410352
62469
EUOEIOA
92972
2381089
2385861
105331
79252
EUOEIOA
96557
73758
2382483
2386939
2394834
103184
IOOAUOAO
2398797
2407090
2415566
2424314
78469
2432720
41712
2435763
49809
2437451
92665
2442895
73409
EAOAAEAEAA
2434134
80709
125631
2441178
2449933
2453233
EIAA
2431273
116154
2436877
2436987
AAIIIUO
AUO
74931
2408320
2410317
UUEUEE
112279
2405013
2412480
75978
106833
2416375
2417024
2423653
2425090
75031
2433527
2436393
2437828
2447040
2456772
2458422
2466871
UUEUEE
2463715
UIIIUOIIOE
2451318
2459967
2469168
68304
92603
2470486
2479153
2483219
UOEUIIUE
2467325
106282
2474940
33881
97510
2480808
EOAI
109363
2465951
2466053
EUEAOUOOA
2448456
112279
65816
106604
76332
2454196
2454433
124909
IAUA
2431111
99083
64661
114201
2440699
2442537
2443824
2446791
2453949
110380
2463001
2472493
2477985
AU
2469670
AU
2472047
2473402
2482825
95162
143583
116300
66759
2488027
107297
2497634
117245
2498877
94087
OOOIOUIEO
2495689
2504777
2512698
138766
125564
2520920
2526896
2529272
2537284
73944
94674
2538282
2547104
77127
92972
2556147
81467
UOAE
2545431
EOEE
86112
75978
IOUUOUII
2507911
2511046
2511289
2513515
75562
108139
UIO
93061
OOOUEOEE
2495492
2500200
104865
2507498
OAIEO
105331
80871
EUUIEII
2477262
2483595
2492033
UEO
2471069
2477521
79794
55636
IOAAIE
75562
2465579
2465811
123248
2473484
2476943
109311
2484477
2486692
94674
2487774
2489868
2495522
2499955
113484
2509479
60109
IOAAIE
AE
70343
2505422
76209
IAAAE
2509770
2518178
2520501
2520768
2524366
64961
88525
2526226
110311
2531352
131609
97448
2534917
2541042
2547670
2552610
2557761
2562489
67707
2570104
100705
92422
2570564
2574369
2583353
2585842
98294
2588030
71019
71787
AAUOUAAI
97510
IIEOEO
2570391
131609
IIEOEO
IOAAIE
2536062
2540040
2548426
94674
114865
2553305
IOAAIE
2551170
OA
92888
2532552
2537752
138835
2545114
AEUAUIIUOU
2529612
EEEEUAO
2500390
2506332
60109
AEUA
2501989
EUOEEOO
2498463
2503320
2507730
2511235
98294
EUAOUUUOA
2509461
2511612
AUEEUEIO
2483522
89362
2489308
2496356
76332
OOEAOIAII
74269
67707
2482923
2490359
2492017
UIO
2484768
2490022
2494722
116154
OEUUUIUAI
2493529
2495513
2497783
2500214
113084
109311
2509263
EEOEUI
2483741
IIIAIUO
2477803
2480897
127963
2486050
2490061
2499063
2507651
2508979
AIOO
108508
2513814
101436
2514895
2517658
2524811
2532333
121964
54023
2534499
143583
2537227
2541811
2542022
2549247
124596
112279
2553265
IA
118633
2532520
101849
2540721
89538
IUIEU
2531721
114201
107031
IUIEU
AUOUOOUOAE
2506003
UAIUAAU
43513
79814
2498797
113084
UAIUAAU
AEEEIAUEA
97448
2478973
IEAOIOII
2466186
2472207
IAOE
2474515
78291
108508
2474834
EAOAAEAEAA
67063
2459877
2466533
2470773
84512
EAOAAEAEAA
OIAUIIU
125631
2461724
2469786
2471943
76704
2471990
2475032
131638
2482298
66333
2483698
84265
79252
99180
2491085
107297
133015
114291
2499083
UAIUI
77982
2491752
2498814
79711
97868
AEI
2503031
2508665
109363
2509687
2518886
67451
95162
125822
AEI
2516063
2518412
2521942
2525331
2525431
2528067
120135
2529458
80599
75562
98580
2533254
2535469
2540785
AEI
115911
OAUEUA
2533285
89950
2539972
2544199
106833
2551499
AEUAUIIUOU
80871
2534753
99180
104865
AEAOEOAUAI
2515045
2523884
2525235
2526794
105649
92709
116586
2534626
AEAOEOAUAI
2538303
AU
55636
2517378
107837
2526992
AU
86477
2535360
IEUUEIAA
IA
70343
66962
70849
2518853
IA
71787
89538
EUOEEOO
2489334
2495964
2505409
OOI
2506487
125631
114201
2513798
2521640
2522699
2530893
2532282
IEUUEIAA
131609
UUEUEE
95162
2513292
2515705
2524563
116586
119665
94582
104385
2533247
2533663
67451
97448
2533988
2537648
114201
106833
102131
130579
2538338
51543
2543893
93061
IO
128233
107297
2527690
2532926
95032
2537165
110380
IOUUIAUUI
78669
2544416
UIIIUOIIOE
86721
EEEEUAO
2511378
2517848
64661
129244
UIOAOOI
107837
64661
99105
2516812
OEOUOO
2512215
2513510
2521311
2527716
95766
75978
2528055
142476
2530699
115911
2540086
2540521
EAE
69232
AE
49280
2518394
2520273
2528575
2536832
2538046
EAUIUAOEO
2515596
2517609
AOAOAU
2502029
2505560
93624
99738
86721
UOEUIIUE
2479852
EIO
102191
67063
2466333
IUEOIOEUOU
2455040
86477
2456933
2459276
2467933
2474758
OA
2450538
2452313
2462207
128609
2465098
2473477
O
2465783
91651
2467036
AUAEAE
2452602
131638
2453959
AIAEAU
2441571
2444375
2451955
2460956
2469170
IEEEEIOOII
2471259
2475081
2477483
2485279
2486187
2489170
2489675
128609
84512
OAIAE
2477683
93624
2481719
103343
124371
2485111
2493641
79920
76704
93509
2502829
67707
2504124
AIIO
2477442
124371
2478819
76736
2479724
127219
2481506
2485797
2486082
I
120608
2468758
2478702
75978
2479553
EIEUE
2476577
130579
IOOAUOAO
2463670
117398
143433
65816
124931
86721
IEEEEIOOII
2459177
2464046
2470828
2474448
EAE
2453122
105320
2456488
129582
76491
IUIAEAUI
2433904
2434681
80599
2436083
OUAU
2421088
2424793
93742
EIUOUE
2399097
2399938
76704
91914
2407800
97868
IEUUEIAA
OAIAE
IUEOIOEUOU
51543
2385049
2391024
IUEOIOEUOU
OEUOAIOU
2377594
2379750
115090
74499
2380096
2383825
2391893
2401682
2402727
OEUOAIOU
2402548
2411163
131690
101776
2413534
EIUOUE
EAE
2397294
132002
2405163
129198
AOAUAUOOII
123101
67707
UUEUEE
2375542
2383672
UEO
2375937
2379540
93061
2387822
2394058
114977
111498
96731
2395749
2397530
86528
2403865
123423
2413084
115684
2419899
130143
UUAIIIOIUU
2413122
2422356
2431111
2436612
104696
2436950
80871
2437189
2445647
86528
2452941
108162
99180
2461338
97510
128615
2468685
93316
2475508
2477223
2480213
89362
2486590
2486839
2488530
142476
2495224
128553
78669
2501632
2504545
84938
123219
83793
74064
2513210
2515532
2519349
2525397
2529798
IOUOIOUA
2518996
103343
67063
UOAE
2520444
123203
2527972
2530648
124643
AEEEIAUEA
2520312
115090
2528845
141121
UEIE
2511685
2512119
38737
100914
86528
135447
AUAIAA
2491395
71397
2500897
2502175
2509634
93509
114977
2510060
111128
2515119
2520977
EIEEOIU
95896
2515718
2524885
2528528
157146
2533920
2537273
75873
96855
91914
OAIIAUI
2526349
2527666
72190
83132
EEOEUI
82294
91032
74489
EUOEIOA
OIII
78291
2461723
2462594
2466370
2469269
2476625
2477325
137035
120608
2478384
146077
74756
2479337
89818
115911
AOAUAUOOII
76736
2464727
2467920
2469565
IOUOIOUA
2452828
99180
2461044
2466393
2469694
2470645
OOEAOIAII
2469845
2474618
95948
2484501
2488415
2494964
95653
UEOAUEUUI
2491017
AUO
91914
2477419
2483230
112332
2491737
2500799
2510123
95896
UIO
UIO
2510727
94339
2519199
2521214
79711
157146
2527450
2536966
142590
2540150
63149
94339
80871
2540187
146824
119338
2545594
144836
2546166
89818
OAIIAUI
2529547
OAIAE
2522836
EAOAAEAEAA
106388
2508705
95653
2516505
AAIIIUO
2511757
72190
IIEI
2497611
2500770
80133
106095
2506125
2510326
89639
105902
129198
AOAUAUOOII
2484606
OUEIUOE
2482217
2484849
2490054
123101
2495895
2498566
118282
2502948
52757
2510173
2519703
123392
IIEOEO
2514837
2523557
2532896
2539506
78853
2541998
2543251
2548428
2554415
84884
134245
101574
2554574
2557005
2557830
2558089
2567679
2576266
151727
2577316
38737
2579689
2580512
78479
2589842
2599117
2606914
2613098
2621307
2627138
89362
73944
2632899
76704
2641391
2651283
2653951
2657967
78479
2661160
2663342
119338
89362
95653
2664931
124193
2669663
2671583
AOUE
2670254
2675675
2680630
2687336
2691754
130453
2700435
2707043
86415
2712508
141121
133442
2715372
AOUE
2722468
73973
2727569
IUAE
2723534
2733335
118282
EAE
95948
2726510
2735698
2741327
EOAI
2727190
IIOOIAIIIA
UEOAOIO
2685752
99247
2690821
131690
107031
54680
2697351
2705446
IOOOIIOU
2683433
2692728
2697748
2698391
94339
2705868
77334
2709317
EOUUO
111661
91032
130453
2693040
2700953
2707438
112640
2713817
83815
2720881
129198
2727544
111128
2734595
OEOUOO
112840
2717559
2720953
106388
2725620
O
2702836
89639
105902
96955
2711864
2720058
100616
2721142
70343
151727
2727494
140247
2731126
77334
85237
2737085
2744688
UIOAOOI
167267
2723072
118282
UIOAOOI
2724482
2729540
AIIO
UUEUEE
137035
155896
140247
106691
123855
AEAOEOAUAI
2688866
120608
112640
2697989
115083
2702013
2703294
2707826
106388
100914
OOEAOIAII
OOEAOIAII
124371
2686567
2690642
2695815
129198
117518
150541
2702989
2712263
2720517
119338
UOAE
2723795
2724287
2729526
111098
146824
2731566
AUEEUEIO
167267
2727568
2727779
2736609
104536
105902
82134
96955
86415
2738331
EUOEIOA
2724351
107837
IEUUEIAA
UUOEO
2715601
2719445
OEE
85237
129385
2692889
105902
115083
55636
EUUIEII
UIUUO
2656174
100914
2657105
2663102
EOAAIIAEUI
123101
2641719
2641880
2647816
2648311
146261
63149
2655188
2656706
EAUIUAOEO
2635913
78853
2643835
120608
2645659
2647308
2656375
96855
130616
IA
2662321
2668059
2673290
2674596
2678259
152428
110234
78479
123373
126266
UOEUIIUE
2665631
2667842
2674852
123101
2683728
2689944
106151
103636
74489
140247
74756
74489
2692315
100616
UUEUEE
119338
O
100616
2674667
138853
106691
2681217
2688073
2696978
EA
UIOU
2678271
2682795
123084
2684970
123373
2689609
AIIOA
142476
2693193
2698253
2701698
2709718
AIIOA
2711107
2713404
82082
2721989
UUIIUOUO
2697014
UI
2685172
2688638
97868
79823
2695367
2701310
2708118
2712162
UAEOOOUI
114506
2706346
123203
2714407
2721885
141525
EUOEIOA
EUOEIOA
EIO
2710576
86747
96955
2711163
2713100
149729
2722701
2730142
146261
UEIE
100914
100818
2717440
AIAEAU
EUAAOEOEI
2698968
84331
43168
2699514
2703416
IIEOEO
2684051
132826
2690015
124371
2696037
2702981
152428
2705368
2714193
2723571
89292
2728986
2731484
2736305
160281
2738583
134245
OA
2735035
2742032
2748053
2754188
2758403
2764154
IUIAEAUI
2745704
2752069
2760093
95501
2764127
2770839
OAUEUA
136583
87328
2751331
141736
OUAU
2740766
2743288
2745850
95653
OEEAOI
2721505
79823
89182
2722865
106691
2724511
138853
116486
2725300
181686
2735100
2736146
2745060
102291
A
2743509
IOUUOOIOEI
127705
2745189
2754133
2762982
IAAAE
2748376
2750221
152410
2750999
2754417
2761038
2762872
2765186
EOEE
AUAEOO
2742265
AUAEOO
169324
2747273
2748979
82082
2757395
2764535
AUAEOO
2764344
107879
70307
2767877
2776544
152477
143869
2785171
2790559
2795616
138853
90267
156074
EAEEAAAOEA
OEOUOO
2754675
2756112
IEIE
156074
2744231
EAOAAEAEAA
89016
UEOAOIO
2709321
2716733
EAOAAEAEAA
124371
2716743
2721499
OIUEAIE
114506
2707751
2710807
134245
92800
AAUUI
EOAI
2690836
2696877
2706414
2714471
2723536
2727542
IOAAIE
2730317
2737003
AIIO
83681
2732667
83681
2740763
OAIEO
2727804
2732983
2739842
OOOUEOEE
2733129
IOUUOOIOEI
OOOUEOEE
IA
2691769
99588
2691850
2697211
AUUEEAUAIE
2673401
OA
2673634
2681794
2686945
139453
133005
127459
2688874
2690023
2699428
106388
2703301
97868
2703400
133491
100847
2705366
103188
2705587
2706260
106388
UI
2692381
2697122
2704808
2709706
2713009
2715772
IAOE
2696914
2697226
2698790
2703939
2710929
77102
2714302
2718592
2718612
122342
106388
AUAIOUAUU
2704161
154086
2705562
97570
2706201
AUAIOUAUU
2710460
2716476
146261
107879
2720203
OOAOAEEA
2716943
102291
UEIA
UOOUA
UOOUA
110315
2677022
2687013
2696797
118425
110540
136583
2705504
132874
2715107
UEIE
2699849
2705140
118888
2710776
79430
2717313
2721972
2727813
2735847
2738249
86487
2740597
2746295
133003
2749803
86100
2752200
112116
2756408
2761313
112346
2762839
2770829
2772996
2777619
2783658
2790824
2792063
2795371
2799043
126941
107906
92454
2801068
2805970
155765
100082
118160
122279
113573
114506
2814499
AUEEUEIO
2788818
114506
2795837
114416
74292
88480
148734
56677
137420
115738
IUEOIOEUOU
88480
153878
2794780
121394
2798302
IUEOIOEUOU
IIUA
130989
100847
2777388
2783078
UOOUA
2757775
IEIE
AE
2723127
101572
2727212
89167
83681
IA
2725343
86747
89016
2727941
2729680
92482
IA
146452
OAIAE
2717509
2724236
2725379
2727474
155911
2734837
UEIOU
153878
2733402
70307
AUOUOOUOAE
IIUA
163985
AOUE
2679088
2688127
2691497
122342
2696392
AAEIOOAU
IAUA
IAUA
2655300
IUIAEAUI
2637330
IIEOEO
AAUUI
2618972
IOUUIAUUI
2605431
2606220
2608824
2611310
184865
139661
2614214
2615122
2620591
79430
2624912
2628221
UEIOU
2610094
IOUUIAUUI
EOUUO
2577646
2581572
2585663
108858
2587986
IIOEUUO
2580840
2589622
2599053
122973
2599696
2606503
2613431
2615509
IIOEUUO
IIOEUUO
2617389
2622666
114245
IIOEUUO
89167
2629189
2638368
97868
2641714
118888
2651406
88574
135370
2656266
119338
93217
98207
98005
2664336
2665876
UOUIEOUE
2650822
2656577
2662363
2669161
132002
2675172
2677934
85304
124371
AEUA
93752
2669797
2677012
2684261
IOUOIOUA
2664328
2672973
87516
92482
122431
194759
2682311
2689505
2698070
2705847
2708965
104347
EUUIEII
IIIAIUO
105816
2663179
2669377
2675396
UOUIEOUE
2674170
2682092
2683683
2685375
2694665
2696462
2702590
2711726
2715625
162618
101007
2717680
142996
2726269
96215
2734583
OOAUI
79673
2716872
AIIO
95991
85408
2697714
EEEEUAO
112174
2680889
2687723
2695601
EEOEUI
UEIOU
EOAI
EAOEI
2641053
2644630
113838
2648933
194759
E
2635022
2639643
132346
2648004
2650862
112773
AIOO
144970
2627802
2633140
2637922
2640289
163395
2648165
2653883
2661035
102588
2669037
143682
2672979
136684
IOAAIE
2662302
112773
2665214
106431
92482
132165
74343
IOAEUEAU
OEUUUIUAI
103188
2651858
94483
2660521
OEUOAIOU
109374
136684
2651165
AUO
2629617
2636174
2643138
2650270
2656136
91570
2664510
2672644
UEIA
2672822
88284
87107
2675098
141231
105816
114850
2681733
OUEIUOE
108858
94764
2666476
2675825
2683019
83516
EOAAIIAEUI
2661808
145239
2664961
178869
114559
156161
2674798
AOAUAUOOII
2670936
153878
2675061
130989
2682013
2691101
IIOOIAIIIA
2667768
153878
2670810
2675351
134433
2683764
IIOOIAIIIA
2669101
2674926
2675027
125473
O
2681185
2688664
86710
91570
157705
2697816
2704637
2708400
2714188
2722200
87516
155943
UIOAOOI
2720331
2725016
2730446
2740308
OOEAOIAII
124730
2734651
130998
2743419
OOAOAEEA
IOAAOI
2721551
2730174
2731176
IOAAOI
172518
66345
2733314
2734214
UIUUO
139974
2717940
EEUEEEOIIE
2700337
2705864
2710656
74343
2711479
2712881
2721721
UIIIUOIIOE
88662
2720135
2723674
2730010
IUAE
140683
119277
63085
108858
2726991
102405
IOAAIE
2722163
71073
84331
2729815
2739627
2748100
2749246
2756624
128093
2758372
103188
2766183
OIII
136534
2760397
2768968
66345
2773770
134433
132444
91399
88574
2783192
2791632
2799461
2808314
2812522
2814222
94523
129674
EIEUE
2790292
2796197
2797834
153600
136684
114051
IAEEEO
2787790
2796224
IAAEEEEA
2783298
2784481
130678
2788590
152146
2790520
2796122
124730
2797672
I
2792497
2796559
2797029
2803659
OIII
2786687
105742
129946
EA
107577
2778939
2785192
80448
2790681
UOOUA
2778590
2784637
122076
2786872
AIOOEEOUE
97541
2779611
OEEAOI
AAO
2757351
106869
UOUUE
UEIE
2732036
124730
136684
2736956
105816
106431
85845
2739053
IUIAEAUI
2724405
74343
2731440
107879
2731801
74292
2739200
2746762
2753078
167612
2759137
2762875
2769760
2773671
EIUOUE
UEUUEO
2749438
2753011
87107
122076
108858
2759260
AIAEAU
2754698
195193
2762252
134628
2769750
155131
AOAUAUOOII
2760719
2767020
EI
134433
86174
2762515
2769266
92576
2772423
138107
A
2758877
163468
122558
IUEIUOEAIO
103642
2744052
2748717
52402
IUEIUOEAIO
2743837
AUAEAE
2725063
108652
2732734
2733067
2738222
2740163
86710
2749085
EEOEUI
104347
116897
146680
2746175
169687
2751503
AEUA
92578
AUOUOOUOAE
122603
130998
85845
OEEAOI
146479
2713469
140880
2720789
114596
2723038
80448
AEOE
2698342
150976
2707811
2715496
2721534
2725018
2732594
2736032
2742374
120581
197716
105742
120264
2744977
140683
2750166
2753537
2757026
2761786
80448
IOAAOI
OIAUIIU
2743994
2753177
141364
OAUEUA
110540
2734733
2738582
2742260
108418
2743471
2750770
OUAU
134433
2732969
85151
121079
OUEIUOE
2723789
107477
86174
2727466
2727856
UEOAUEUUI
116807
115664
2720929
2727446
2732655
153069
94523
2740044
2746014
2751165
2759230
UEOAUEUUI
2762618
99596
2765407
134433
2771589
119277
106889
162180
2778008
2787141
122252
2789926
2791736
71073
UEOAUEUUI
UIOU
2768758
2774313
2783542
92206
2785768
2788755
2793021
2794113
98618
2798808
165453
141529
2802714
IIOEUUO
2778451
2782432
169687
2792066
2795986
2796794
2796952
2797358
74292
2804031
2805221
102548
EEEUEEUIAE
197716
EEEUEEUIAE
141639
163468
102588
2810234
EUUIEII
IOUUOOIOEI
143866
EEEIU
A
90160
152837
116897
2753020
146479
90173
2753810
OAUEUA
2757642
2759318
EAEEAAAOEA
2749340
121079
173558
110315
2759314
2766490
104347
2767291
2768555
99684
2772782
OAIOA
171333
121079
104347
2772199
2772354
121175
2775389
63085
150976
2779404
2787201
2792989
145832
2800519
2807251
2807564
2815659
2821120
80368
2828359
143866
85794
IOAEUEAU
2807814
109401
2815464
118812
2823782
OA
2819792
OEUOAIOU
OUEIUOE
92578
2803744
OUEIUOE
2808320
2810953
2813165
136742
2819033
66345
2823623
UUAIIIOIUU
124542
2815952
2824087
IOUUOOIOEI
2801378
2803941
141364
2805957
2812185
115413
OIAUIIU
2792641
197233
164279
96944
2795108
2798444
2805255
82291
96944
116721
2805515
AUOUOOUOAE
134628
2791312
2800016
145059
2805096
IEEEEIOOII
2791614
2796509
108418
2804392
2808177
2812346
AAIIIUO
155003
2799901
2804059
2810125
2815962
119277
155003
2817729
AAIIIUO
100279
2826688
80368
147369
2830200
140276
88574
2833532
2835457
147369
2837999
2846276
2847529
110315
2855638
155003
2863762
2864842
U
IOAAOI
2840498
2844035
106012
102588
2853997
2863974
2866859
145832
98535
2876793
140487
116721
2878975
186346
IOAAOI
2873106
2882830
2889856
128600
2894141
91399
90173
2894501
2902881
EAOEI
132759
146788
2905601
113880
52402
2908239
86646
2908452
121655
2908561
115156
2915615
2918701
104320
2920266
107477
2927814
AOUE
2916209
2920411
2922001
2925772
2931182
2931311
92165
2932050
159940
2933367
2935298
2936816
147823
2941624
2943957
IOUUOUII
160122
116897
IUAE
2929983
2937205
UOAIUO
2935458
160122
2940502
EI
2941117
141638
146788
175574
118888
133954
109401
132242
2946270
2949905
140880
2956669
2959819
2961281
2967086
105816
121079
2968762
EI
82291
2976738
123844
132759
2978899
2979959
115156
2981057
92165
2988864
2995065
121079
2998957
156192
146680
3002271
118812
63085
3010573
118888
160122
105816
3013537
3015424
3019928
3022801
109533
99684
155003
3027411
3034796
82148
3039361
146788
3042360
3043288
3044842
149520
EUEAOUOOA
IEIE
3007964
3017708
3022026
3029994
112490
3033429
3038995
128281
3039083
3046140
3053880
UIOAOOI
3052595
3058212
3062389
OAUEUA
132242
3049543
3056401
3063935
120264
3069090
3075156
AEUAUIIUOU
171648
3049223
3058566
3061876
146788
3070696
3074687
3083938
3084005
109401
3093257
3099696
3100402
3103856
AEUAUIIUOU
98618
3110229
3119595
3123693
147369
3126267
104320
EAOEI
160122
3119536
3126753
3130464
3134233
3142253
IOAEUEAU
OUAU
100226
200699
3103131
113880
3107330
155131
127717
146680
3109014
109401
3113445
3117954
119077
122558
3122827
3123929
99684
96944
UOEUIIUE
3116193
3125941
3130460
3138508
3139441
182035
140080
3149001
122509
3153006
81173
3159086
3159395
3163244
EAUIUAOEO
133954
100188
150976
167207
3155423
126082
3157774
167207
141575
3166397
IAAAE
113216
122798
3153614
74292
AAEEIAI
3133604
3136343
3144638
122798
140683
3144842
AAEEIAI
IIIAIUO
167259
127808
109401
3114711
3120314
3121000
137366
3130925
3138216
97733
3144738
EEEEUAO
3145021
3150761
155477
3158819
3164335
3172088
3177775
141638
IOUOIOUA
3172350
141529
3176805
116721
137366
3184005
3190913
80544
3195101
101085
3202608
3210884
3220260
3228152
3228928
EUAEOUAAOA
OOAUI
3208916
3212892
3217727
128600
120457
105929
3220235
3228861
112562
3229050
121419
3236112
72334
3240680
3247033
3248489
114406
U
3229720
148905
3231418
112540
3233932
3239485
3244421
3248756
3254434
147369
87675
EOUA
172316
3246209
3246219
3252578
3254231
3260674
3260772
3270544
3280266
OEUAEUIOUI
3261061
122762
105929
3264354
3274300
132444
3277763
IIOEUUO
3267005
182472
UAIUI
3248988
IUAE
3248447
3257361
3263909
3271573
103976
3275832
AAO
3253083
3254099
3259649
125716
3264723
195775
3272412
156199
82148
146680
145657
3279166
168898
3283077
3291822
3292303
3300285
171688
3308206
90160
3318195
3327222
131282
3333718
3335785
3338011
3346477
3354350
3359201
163662
117603
86174
115361
3367257
3370023
144239
3370096
3372490
104320
3381228
OOOUEOEE
OEUOAIOU
3359848
105379
IO
113534
3357463
3361230
108652
AUAIAA
3351823
3358702
OIAUIIU
3344520
UEUUEO
3335777
3343216
3347739
144656
130975
3350169
3351674
OUAU
3327824
OUAU
140683
155477
127013
3331838
153069
3338318
AU
3337757
3343270
105888
101548
EIEUE
3320088
175707
3327142
112490
3327284
3327845
3335436
100710
3336821
127013
3342782
3349623
102131
3352812
140683
3355205
3355946
3357371
3357510
182472
3362968
153069
171333
3370852
OOOUEOEE
3352903
3359919
171003
113534
UUEUEE
144656
3345776
3352520
EEUIEUAUEU
3339341
122509
EA
63085
3319817
3327249
AAEEIAI
119077
101548
3324816
110733
3331873
130074
122566
3337988
113880
AAEEIAI
3336819
3343967
3345061
155131
3347849
146479
3354388
3359332
3360079
IAOE
120099
EEEIU
3342304
3349274
3351940
3353394
87780
EAOAAEAEAA
80368
144239
3338079
127127
UUEUEE
130975
123565
3334939
150382
146479
3340458
AEI
3333762
AEI
3336855
89281
3340362
3343777
IAEEEO
3337305
OUEIUOE
3328263
EUOEIOA
3317958
118001
104320
AUUEEAUAIE
3313937
3321553
153661
3330844
98618
UIUUO
EUUIEII
3307476
173614
150976
3311033
3313121
AUAIOUAUU
3287290
140096
3293348
3295187
96062
3304939
105379
122566
3305590
105929
72334
3306988
IA
155131
3289408
3296532
3304451
156823
3312323
3313012
3320404
3322134
154692
3328695
3335598
OIAUIIU
3325501
3326293
3333743
AUEEUEIO
EEUEEEOIIE
3328403
3336846
3345514
158366
104320
155477
3354948
3358839
147411
156823
3368588
3373442
105888
101076
128600
154692
137366
140683
3379148
87459
105742
EEOEUI
3360618
3370025
3373891
3383424
158366
109616
3384959
100226
3387603
104320
3396520
3405375
87525
52402
3408539
105929
3410257
EEOEUI
3413876
EEOEUI
3416114
201816
166449
92470
117603
3421317
3426260
3429799
3435211
145657
176867
3439346
105742
3446779
122558
52402
3451257
3452384
UEOAUEUUI
UAIUAAU
108667
149241
149439
116813
OEUAEUIOUI
3390160
EAEEAAAOEA
94485
3393379
3398731
122566
90408
EAEEAAAOEA
3402979
3408138
3411512
3421447
3424383
IEIE
IIEI
3391395
3391498
3396574
OOAUI
3397632
173614
140096
3401447
IAUA
3377156
121419
3382467
3385319
AEOE
182472
116813
3365534
155518
AEOE
90737
3363115
EAOEI
63085
3353788
3360885
112472
3364583
89058
3369298
3373144
3382054
137366
139426
AOUE
115361
100710
3357111
3357964
117603
109616
115361
3366024
EAUIUAOEO
3346767
3352580
85845
146479
155477
145100
128600
3359274
3362024
3369513
3378701
3388060
3390154
159505
3390768
105816
3391652
3400400
3403307
89058
105929
121887
3407373
3415923
125083
3417864
3420256
3425981
3433218
111558
UIO
146901
3431859
3432361
3442046
3450058
3453844
3461283
137366
110895
3470374
3479612
3481926
144355
3486040
3494616
OEE
EAOAAEAEAA
127717
3457869
87525
96062
120700
3461612
3471289
96062
118888
3475075
146680
179323
3484174
3486274
3487114
IUEOIOEUOU
118781
IUIEU
3464259
AIOOEEOUE
137366
3461031
3462164
96062
3470108
IOAAOI
166449
UOEUIIUE
153000
3455820
154375
146636
80368
AUOUOOUOAE
3433446
3435398
85845
3439341
117603
120099
3448894
3450197
147823
AUOUOOUOAE
3446505
3453100
3458313
146192
3465972
3466628
3471985
3480409
3486788
115361
154263
3495966
3501603
3508355
3511962
3515430
132692
UAIUAAU
87675
UOEUIIUE
77054
UIIIUOIIOE
130074
157138
3486712
170141
3495972
A
3478662
3484875
3485567
146901
3494880
3501836
3507316
104320
3516274
151534
3517226
3521054
3522921
3525342
OEUOAIOU
3498934
3504490
IAAAE
3483465
158366
105816
3487859
3496032
3505211
3513520
159505
90737
3518425
146636
3519591
3524818
3526655
170141
3528343
3536236
94485
3540467
3543519
AIAEAU
122918
3539851
3543452
137263
3551599
UUOEO
3553400
197068
3556925
96475
3559022
3562823
3567734
3573777
3578299
115374
3584321
100365
173661
3586163
IAEEEO
157795
113534
3575480
3575828
187719
3578498
179323
92206
3586474
159505
175041
3593647
109616
3593773
3595432
146901
3603893
3606710
108667
3615654
3620038
115371
3624938
3627209
180506
94485
3632753
121419
3642262
3651947
3654202
3656386
3656863
111558
135585
122918
3660318
134048
127439
EIAA
AUAEAE
3620378
3629062
176867
3631489
3637820
143147
3645801
3650754
OAIOA
IE
OAUEUA
3622024
179323
3622778
155131
EIEEOIU
3618664
UUOEO
3625474
3628868
IUAE
115361
EAE
3602092
3605751
93470
3615364
3621453
114878
OIII
3617136
3619121
OOOUEOEE
134639
3614760
AUUEEAUAIE
3593151
IOAAOI
3566090
180506
OOI
161903
3564434
3565355
3565978
150382
3566488
118888
3575243
3580921
UOUIEOUE
3573950
UUAIIIOIUU
3552699
77054
77054
UA
3545994
135585
AOUE
3535383
3538003
OOAOAEEA
EUUIEII
3523519
3528978
74657
3538910
3544080
170195
3546449
3554135
3554358
3563037
134048
3568236
184376
3576204
3580331
EUUIEII
108667
121887
146680
181484
3583127
3591529
EIEUE
155131
101294
EIEUE
171851
3586398
108781
138484
IEEEEIOOII
3568484
3571464
3571885
134048
OA
3564111
167460
3567560
85845
3574247
120099
3576450
3580724
203077
3583448
147411
3588588
181351
3592174
3601253
IUIEU
141575
3583689
155297
IUIEU
UOUIEOUE
UOUIEOUE
3552343
3554809
141575
3562047
109616
3563914
94040
3570602
3580496
116670
189408
3581342
3589091
3591443
3600117
216274
3603459
105116
3608756
3615751
100710
3619603
3625047
3632874
110895
94040
171851
132401
3634907
159505
3635566
136612
AUUEEAUAIE
3614941
3622837
3625365
EAOEI
3623007
3623277
147481
EAOEI
3628706
85845
3637600
IAOE
3615478
3622893
141263
133973
3630295
3635814
3636452
OEUUUIUAI
3621747
3628397
185029
3633153
170141
3635964
92470
170141
3640114
3642102
134211
88217
3648258
3654469
162491
IIOOIAIIIA
153000
3648089
3649656
3655838
3661108
144520
118001
UIIIUOIIOE
187719
3654336
109616
UIIIUOIIOE
3658018
3667083
3675545
3680281
3684297
AEEEIAUEA
3680018
120165
3689219
141575
3698727
3703212
3712261
3714061
101294
3722390
3728965
3733822
3735487
IIOOIAIIIA
150382
96475
3717656
UEIE
3710207
3717208
3724211
135585
3734171
3735548
3736324
3736667
3744132
AUAEOO
127945
3742744
3749902
164537
101443
AUAEOO
3755694
3762635
3769428
3776162
3784179
159095
3786073
187719
3791216
AEUA
105816
3774844
3775061
130120
132401
3777387
AIOO
IOUUIAUUI
145519
3734863
3742980
3744618
3753156
146479
164537
3753771
IOUUOOIOEI
3750195
UA
3746852
UOAE
3731343
IOAAOI
3712816
3720727
116670
3727895
3731278
3737976
141263
108667
AE
157176
UUEUEE
3708657
3716105
3725522
UOOUA
145509
161567
203489
80368
3717311
3717766
3722822
AAEEIAI
3713964
145519
3717764
3726646
UI
116876
127036
UEO
3703043
OOOIOUIEO
100124
EUOEIOA
94040
103361
3674424
3681182
3686735
3690651
OAIIAUI
3682059
180954
3685754
IOAAIE
136400
150382
121887
IIOOIAIIIA
EAUIUAOEO
225202
AIAEAU
UOUUE
170195
3636471
3639413
3640271
116936
3643509
3651202
3655458
3661381
EOAI
3660645
3667614
157138
162441
137263
3670621
3674602
64994
3684394
118297
121166
3686716
132444
EOAI
136400
131425
3685620
225202
3686185
3695442
3698072
3700081
EOAI
88217
163078
3701191
136400
3709262
3713720
3723152
3725106
3725964
AAEEIAI
134970
128337
3713521
3719844
168488
3727256
3732769
3740432
3749279
OEUUUIUAI
118888
3734449
121219
3735172
117746
131425
192191
3738010
3739841
3740023
116191
3740839
3749399
98100
3755598
180954
3765147
105116
129268
3766866
OAUEUA
70203
102826
AE
103361
3720709
3720814
137462
UEOAOIO
90204
3713210
125654
101767
124729
100710
UEO
3702655
3704389
118297
101767
EOUUO
3690433
3693851
OIUEAIE
96475
3679981
3684069
IOAAIE
105116
149916
IOAAIE
3676930
3680363
3689938
3697131
121887
3701759
126758
143466
IUUUUUUIU
118888
130120
3699124
EEEEUAO
148213
AIAEAU
116973
3668554
94485
3668890
109300
3672999
3682519
3683327
3686374
AUAEOO
UIOU
3653440
3655179
UEUUEO
3630899
3637946
3638063
193693
103519
165196
IIEI
3627709
3636118
165196
3641635
3648817
3653553
3658660
3663192
3670586
IIEI
144327
3673102
3679266
126816
3688133
162507
AAUUI
3674876
153035
3679937
3683988
3692029
144078
189408
3695099
UI
3671448
3672348
AAEEIAI
3653062
3660156
OA
3665993
3669982
197389
176689
3670920
3672765
233061
119586
3676061
109148
3678843
122892
145509
140374
3682735
3684151
104676
3687863
128337
OA
3694945
126816
3704255
3708931
203489
3711179
3716874
176615
AAUOUAAI
3708567
IUIEU
3695326
144462
IUIAEAUI
3674305
116876
3680017
96475
192280
3684855
118888
AIUE
3673812
129373
105929
3676689
137263
3682278
3683647
159846
3684597
AAEIOOAU
3675853
102694
147407
OUEIUOE
3660513
3664324
3673581
158969
3677023
IUEIUOEAIO
3672488
3673961
3680355
3685579
IUEIUOEAIO
3684179
3687067
3689755
3699687
3708027
3712821
146094
144462
130895
3713078
3718361
EI
171273
3704512
3708156
3709461
3715158
AEEEIAUEA
115906
3709962
3716067
179323
3720406
3726945
3736386
156392
130895
3744493
109148
3751404
95807
3760904
120264
3770651
AEEEIAUEA
3768817
192280
3776097
3779415
3783991
3786272
3791455
115906
96475
3796029
3803944
3810704
3819942
115893
3822338
3826504
147590
3828917
3833048
UIO
3815213
3817086
120165
3825298
3826538
3829443
3837678
157082
3842923
3845212
3845254
UIOU
3839192
3845035
UIOU
3845239
163078
3855117
3858395
3861304
3867970
3870973
147590
189856
3872556
132444
3872819
3876991
3886348
159693
3896253
3905580
EOUUO
3905200
OOOIOUIEO
3908548
195883
3914368
143156
3915320
126997
129268
3920692
3921977
131782
3927702
131425
3934153
AEUA
3933160
3933391
157082
110617
126633
3940921
153000
IOOAUOAO
3930479
195883
3938750
3944792
120264
185102
OOOUEOEE
3922001
3930276
3934098
126758
EAEEAAAOEA
3929919
UA
3919522
158804
3928287
141767
120264
3935864
3941793
3947292
IIUA
126816
3937274
185102
3944497
150876
3951850
3958794
147802
3961348
3962512
3964857
102694
127863
128436
3972223
3977739
EEUIEUAUEU
126462
EUOEIOA
3924243
3929923
3935954
148773
3943870
3948723
UOAIUO
125227
170953
3935691
131762
109210
UUAIIIOIUU
IUEIUOEAIO
137437
3891111
3901043
128550
116876
3906443
3914766
160287
177380
EUAAOEOEI
3912818
138400
79443
3918369
3925967
148773
3926506
140897
UIOU
128524
3923040
3926883
3935850
3944955
3948568
3951448
3952191
90204
183701
148688
3954197
3955014
AIIO
3954898
126997
165196
3961544
167029
OAIOA
3947733
3954402
189408
109148
3957150
3960263
3969880
EE
115893
3950406
157624
3955872
UEIE
3959681
UEIE
105116
3956012
3964379
3965671
UOAE
124330
164250
177592
3970481
3972055
3972884
AUAEOO
3944687
124341
3946469
115906
EEUIEUAUEU
3944276
177592
134340
3953536
197757
3960226
3969482
3977460
3982478
160287
96475
135039
105116
3984786
188556
3994627
3997797
152019
3999492
4004539
110617
OA
179323
126758
OUAU
156179
3968226
3972440
3980670
3988481
172839
OIII
146094
165196
EOAI
3957543
3961556
152019
UEOAOIO
3939903
142880
3943826
3944815
UUOEO
3943506
134880
OEEAOI
UEOIEIEEI
3914705
3924367
139435
3926982
UUIIUOUO
3916045
3920887
128838
3926734
164941
EUOEIOA
174784
189856
3898493
195883
201577
3906206
112142
EUOEIOA
3911937
147407
3913030
120165
3922943
3931780
197389
3933470
172839
3937081
100710
157082
3937153
3938820
3940170
125755
3949754
3956791
74657
152887
3958623
80149
