8137
17793
25701
31870
0
0
32102
0
36269
0
0
0
0
EOEAAU
0
29051
29187
37056
0
EEEAAU
30661
0
0
40616
47169
0
50097
53053
53094
0
0
8137
57071
0
IUUOEIOUEO
37699
41047
0
0
50507
OUAOIAOEEE
41100
41557
0
AI
UAOIE
8987
0
21614
3661
27407
0
0
32570
AUAAEAIOA
16691
20938
5756
5756
UI
0
18418
18624
0
28425
33901
0
8550
41837
OUUEEAU
32103
12797
0
33169
34900
39080
UUOIOE
17052
20826
UAIUIIU
16390
17031
25970
29016
35213
36251
19418
9460
6594
37514
8137
0
0
38163
39196
IUUOEIOUEO
36611
6594
0
38351
OUUEEAU
0
11911
29397
38046
46847
0
19104
OUUEEAU
28131
3169
11911
0
36831
19104
42522
6594
52164
54286
56533
UUOI
0
28671
IAUUUAUUEI
16050
24275
9460
AOAU
7287
8794
641
18696
22765
32325
5691
34208
AOAU
22888
17331
40702
11911
5760
42295
0
9609
0
49911
50280
55036
232
60569
OAIEUUAE
0
52425
1704
A
EUOIIO
28491
38174
42060
11911
44058
52198
58276
0
66547
69158
76956
79390
6197
88287
15934
92720
93996
UAIUIIU
EAA
EUA
40349
43725
IAUUUAUUEI
14077
24972
7798
33478
232
14077
23395
43413
44039
23395
46225
52039
58230
7798
9683
6588
17331
IAUUUAUUEI
10819
24410
24410
25322
15404
62027
66898
4167
14579
72671
81461
A
8700
77392
UAIUIIU
69619
IUAAEAA
66433
66510
0
E
E
5756
55931
0
56429
59314
62702
17331
64279
74009
74551
0
7616
81417
83425
86146
IIOOEOAAE
65905
15934
5756
72345
5756
0
0
72535
80118
AOA
69417
75989
10223
76838
4167
80233
85474
EEEAAU
76506
78878
80341
11911
0
IUO
79735
641
8700
85745
232
88420
92543
AIEUUE
71093
78872
0
9609
4812
86527
8506
90453
99686
232
OIA
4812
0
79063
4812
80027
641
AOA
69385
0
10607
8506
70582
8700
15749
78292
8700
78725
12181
79686
84807
87927
EUOIIO
66811
71898
78490
82137
11448
10223
AOAU
80929
84383
90130
92423
96148
103176
112263
121926
1704
AOAU
UAIEO
96723
EIAIIAOEOE
0
77103
86493
87480
90106
92835
99620
102899
EAA
94426
16285
16366
17319
100508
19965
25208
18178
106238
6268
16549
110442
11140
10457
EAA
9151
15031
10584
IAUUUAUUEI
109744
OAIEUUAE
6197
IIOIUE
11363
83406
UAAA
27517
9416
6197
7269
79947
UAAA
9792
9701
1704
EUA
UUOIOE
48171
EUOIIO
18178
44920
46735
55841
61812
11363
6197
70651
6197
79243
83766
15031
90292
27517
14534
93403
94680
25393
98108
107306
14534
111966
121174
122776
123655
38410
EUOIIO
AI
6197
116607
118265
123879
125588
132974
136785
144006
147465
9087
156731
641
25393
626
157052
17923
160423
170066
173675
174859
174961
26955
9792
16535
EUEAIAOA
IIOIUE
141859
142085
9816
146589
IIOIUE
11072
150473
40488
155401
155848
IAUOUO
6197
149211
153965
16535
156043
EEAU
EEAU
OUAOIAOEEE
IIUIUUAOI
104585
7973
IUUOEIOUEO
94921
101541
0
110439
26955
113899
32858
114832
119754
120207
123991
15748
131799
9285
10457
30406
139345
31540
15031
142282
143073
145495
UIAUIE
147070
149519
10457
9701
15748
AIEUUE
132684
134718
1704
7269
18538
144563
12723
641
152639
159672
163220
IUO
139295
145956
153094
154366
163019
12723
IUAAEAA
164662
167052
12723
170163
172873
15031
182443
IUAAEAA
184376
185039
AEI
35164
13781
UOUUOUEA
169609
15748
UAEIOOAAU
160328
30628
163817
9151
EUA
158276
26195
165877
171498
18665
26195
175287
181526
16185
9676
EUEAIAOA
170550
10457
173466
176273
183553
EUEAIAOA
188930
IAUUUAUUEI
35164
IIOIUE
14714
176498
180732
16637
190349
198000
18538
201453
43239
208467
214077
223026
12723
IAUUUAUUEI
211637
219459
43239
225274
234241
236579
24701
29642
IU
224266
233102
242280
247734
9792
IIE
11000
242894
250463
UUOIOE
237597
47429
238800
31540
14534
16185
26986
19786
IIOOEOAAE
239498
239838
A
233653
9676
238554
240380
246852
251746
257943
267670
274206
276401
12123
284726
24064
285422
292836
AOAU
10457
19786
24064
UAIUIIU
UEEAUIA
UAIEO
254051
254710
258436
EEEAAU
16185
EIAIIAOEOE
39281
11000
10457
237829
245562
16742
42102
249228
251825
259354
EUOIIO
248124
257449
8459
29834
10457
264060
9792
270698
274621
8459
21048
277983
280821
14707
285058
EUOIIO
290276
25657
47429
293885
294287
UEEAUIA
IIOOEOAAE
288299
289091
291919
301767
IIOOEOAAE
10457
280707
287459
290535
37145
291256
UAIUIIU
279671
282948
UUOIOE
41038
261189
266807
2337
25657
273401
274600
282941
29834
288259
14714
IAUUUAUUEI
15478
268983
271458
5493
278763
18990
278788
16185
286036
286984
287228
27957
19141
297004
24064
300148
306229
312794
15234
29642
44690
320494
25657
323642
19786
323915
OOOO
317036
31543
OIA
293539
300031
305734
OIA
310562
OIA
313788
21048
11000
14534
19141
16185
315502
37145
321498
18183
326310
23272
333436
341594
344647
351917
18548
358493
UIAEEAAUAI
IUO
28982
45505
UAOIE
311723
AOAU
16185
37613
12652
312216
321446
324518
333185
36534
11000
336733
UEEAUIA
330900
331919
340000
2337
IIUIUUAOI
37967
51182
330312
33036
336090
18676
EEEAAU
9676
28982
318063
327137
9676
24961
52974
25657
22744
329151
40260
52974
16540
UUOIOE
UI
22440
303193
309995
311605
16185
22744
315394
38015
OUUEEAU
44690
306733
316667
20126
IUO
315663
325397
330884
335191
22744
12652
IUO
328985
333462
46539
19786
31038
336057
16185
U
339889
344555
348085
UUOIOE
340648
345372
52974
21048
25657
355280
357621
358409
IIUIUUAOI
16742
354266
357210
361964
368639
23465
51182
376813
52974
379818
32230
388809
393716
402034
406715
41413
OUAOIAOEEE
OUAOIAOEEE
391573
391771
397077
54372
IAUOUO
UUOI
23465
358890
31810
25657
OAIEUUAE
335807
20126
IAIIUE
38214
34397
EUOIIO
325934
EEAU
OUAOIAOEEE
51182
EEU
IIOOEOAAE
259103
18626
IAUUUAUUEI
238784
15484
246211
255702
59779
21992
256886
26439
42817
266197
71112
UEOOIAIOI
19217
240795
248977
47064
54235
53447
40600
255566
U
232912
33036
18626
UOUUOUEA
UI
67610
34731
201713
210274
33648
212406
50640
47357
217809
220386
EUOIIO
213203
221470
36646
221590
31537
224280
53447
226198
47357
40600
IIUIUUAOI
210504
48220
210771
23364
216894
UAEIOOAAU
194671
OIA
167971
169766
IOAII
147219
149966
UI
127233
57655
EEAU
EEAU
EAA
98786
EAA
E
32474
90238
92780
99774
106202
OUUEEAU
84534
90426
95319
104094
IOAII
101611
AIEUUE
19273
100946
37028
28039
107155
47172
57655
111983
120337
34731
124523
UUOI
130125
60937
134945
137173
23364
EIAIIAOEOE
53447
59779
129998
34731
133952
EUEAIAOA
UAOIE
108165
116567
34731
53567
124364
40912
62464
125088
126513
A
37028
122795
60712
UUOIOE
109940
115659
117040
123341
125743
131569
133393
134986
61350
43437
43437
144127
153837
55055
EEAU
129814
138456
139977
67412
146759
37028
156759
UAIEO
OIE
131463
136250
140162
145495
39882
40912
152075
155800
45505
158990
163395
164370
OOOO
19273
144185
145023
32474
147152
154771
EIAIIAOEOE
43437
34162
158195
160414
IIUIUUAOI
45505
148151
IIUIUUAOI
IU
38734
49506
19997
149189
150578
157751
31319
161896
165832
171853
42822
19786
34731
176111
178512
38019
186073
AEI
163388
AEI
IU
39882
OIE
24294
75881
128964
131794
55055
IOAII
137184
28927
60712
IOAII
137196
137350
31863
59588
139026
145814
19610
23215
IIUIUUAOI
122296
59588
131541
75881
139259
16813
148377
IIOOEOAAE
36564
