0
7158
10363
12633
15452
19630
26539
35774
UUOEAOOOIE
21186
0
IOUOIEE
14067
0
IOUOIEE
10528
16623
0
0
24888
27239
0
28167
38058
41121
41541
44954
54078
0
0
60315
63894
0
0
0
0
EE
67718
0
72021
81718
89614
95972
98359
EE
103461
111066
0
113947
0
119118
OUUAIE
UA
101958
0
0
9235
103413
UA
0
109979
112111
120451
122257
8265
0
OIOAOUOA
0
EIUAAAOO
80384
0
88778
96172
4526
99002
104205
0
112422
EAEAAA
0
IEI
76792
0
0
0
0
81881
84130
OOIOEOE
83482
0
90113
98436
OEEOO
0
0
UIIAIUOAA
58675
9891
0
63092
66786
0
3063
68118
2819
75142
OUUAIE
0
65258
0
0
66545
11724
0
9441
4526
74847
9697
80242
86463
O
0
0
0
70535
0
0
0
EUIOIUEUU
57078
66267
IEIUIOI
61228
IE
44935
48552
56345
64011
69244
78636
0
80404
86087
94703
OOAUUI
81659
UUIIIUEIEA
IOOIAIAIU
EE
AI
AUAEIAUO
0
10135
3694
EAU
14967
18780
UO
9603
11410
10090
10560
11304
16576
0
23106
24403
UUOEAOOOIE
0
12048
12515
22223
27136
33639
34306
7075
35162
40877
8426
48453
5395
0
49914
57556
59452
11410
69043
1332
71924
0
72464
76736
7666
82358
EEIAOEU
62503
U
38897
40773
46860
49332
55863
62357
7024
AOAEUAAAAO
45934
49422
EE
17872
0
42306
43112
51137
AU
0
AU
49802
54645
UUIIIU
45662
52240
55362
0
59994
62200
0
IE
44410
0
48647
53824
IEIUIOI
EOIOIU
0
3063
10204
5264
16728
21036
21690
5969
31193
AU
22336
1455
31113
UUIUEOAE
35963
41359
0
OIEEOIU
37179
16290
IOOIAIAIU
12875
5591
11459
AUAEIAUO
0
AUAEIAUO
12094
17209
20854
30306
35394
43969
OU
OU
4308
16203
18407
27548
29383
37875
38104
3589
OOIOEOE
1332
5395
7655
16320
UIIOIAIU
6149
UAI
5799
8122
8523
16963
2881
25434
U
11582
18000
21487
23516
8323
16058
26142
OUAUIOAUU
4308
OUAUIOAUU
6884
UAUEEEOU
6702
10303
0
12558
14357
6095
14705
21434
29115
30014
36455
45869
AU
44163
47667
0
7655
11154
56751
60598
68844
70886
72569
15441
UOUO
OIEEOIU
IOUOIEE
42040
IUEOO
11309
32992
EUIOIUEUU
13386
14511
6266
IOAUEEOA
10809
18424
OOIOEOE
8480
15486
17670
0
24621
3589
7854
5799
IIIUOAU
5177
24399
IIIUOAU
31436
34215
EOU
27062
36270
33612
40946
5177
41274
16648
0
48342
49082
AAI
38118
0
44302
AAI
5428
20824
2258
11645
52429
AEOOOUE
10291
4259
39398
9028
10461
41772
11645
44059
51864
3949
10291
14944
9141
57346
63594
66306
66489
11309
4308
IOI
58614
5860
0
15303
68016
68846
EOU
48271
OUUEE
16184
AEO
47355
4590
5860
57273
17119
9141
65219
19798
3487
74514
15303
OIEEOIU
EOIEUIAEEU
19798
13643
7535
49307
51777
0
52676
UEOAEUIAEU
34617
3487
14944
17030
0
18137
16648
AAEIE
7770
IE
AEOOOAOUO
0
4829
IOUOIEE
2881
27966
6164
6818
5177
667
UA
7078
12423
17375
18027
20719
OEEOO
AOAEUAAAAO
4308
10203
11281
8414
11281
12359
45187
22112
27480
34500
34531
35012
39499
45680
EEAIIII
14944
31377
40160
45412
45902
EEAIIII
6164
48906
49933
52198
8616
0
56149
59125
62507
1799
7416
5591
63930
9603
71470
75798
82169
19313
84140
AOUUA
74625
17830
82298
86801
0
EOIOIU
9918
UOUO
830
71865
78665
85908
91734
98175
7770
105096
27966
28028
115026
117942
122379
16290
11645
126239
130233
134551
UEIEUOEUA
I
14855
113665
I
14544
I
IOOIAIAIU
AAEIE
8253
19313
63296
AI
IIOAO
IIOAO
19287
0
26727
15830
10421
28646
17472
35787
45519
50619
18821
52282
EUIOIUEUU
30188
16029
27860
33992
37350
44796
48992
52340
33
EUIOIUEUU
10686
58594
66051
OUUEE
24457
7230
43463
8253
26732
EUIOIUEUU
8253
17516
16290
35200
41108
9270
0
10529
47134
OIUEUIEU
46927
EIAI
0
34123
EAU
21469
2881
21637
25829
27947
32817
23795
40838
11645
42054
42152
IEUAOIUE
26732
41675
51553
54640
U
IEI
16217
UA
UA
34371
I
16290
8486
17237
25810
46073
32695
16290
856
7610
26782
9560
6266
39915
45197
EUOEOO
41381
49473
58189
66992
70911
71983
74386
80649
OOIUOA
19313
66281
16290
0
11315
UUIUEOAE
44044
31916
25360
44211
44330
48653
IEI
29663
28580
34087
26782
9560
OI
46073
15262
20935
OI
22543
OOAUUI
UEOAEUIAEU
13268
17143
24237
19264
32796
11862
AUOEEEU
31916
22717
33222
24177
18137
29552
38008
7535
38904
47224
54223
UI
8565
30804
UO
18538
10529
15385
23795
17543
3154
20228
12462
25272
16233
UO
23046
24870
AAEIE
9931
11225
OO
15890
IAI
3918
33
17119
7333
10421
6430
9806
14411
14940
15856
18637
2316
12207
1799
26265
31475
40950
EUOAOUAUA
13073
34372
40827
11645
49690
51359
56666
10529
60409
OUI
25360
AI
18590
18777
16233
AEO
OOIUOA
830
4313
27659
OUI
28552
19313
7855
36662
13524
9580
UUIIIUEIEA
5858
15161
AAOAAOOOE
11955
13073
21117
OI
19081
7535
AAOE
9357
12397
17586
17121
26051
9144
34643
EAU
15778
18356
20282
4676
17619
26732
23171
IOUOIEE
9795
19519
22673
24568
29746
30546
24491
39953
47324
24457
5542
54990
UAUEEEOU
16233
45970
16158
53326
53730
AUOEEEU
28391
46055
48674
52812
60414
62262
43719
63137
63931
22550
UAUEEEOU
13524
AAEIE
9144
52988
23795
60824
UEUIUE
49979
57801
60832
67432
OUAUIOAUU
52035
60319
AU
34037
42438
AU
OIUEUIEU
28580
35102
8827
16499
EEAIIII
6542
15250
19782
25587
33153
UIUEIUEOO
21980
24581
19264
14855
31731
33167
38348
IEAIE
24964
27183
AIEAEA
19431
3154
21256
26543
29234
31076
32818
OOIUOA
OOIUOA
AIEAEA
43719
8409
2981
6536
11955
36662
17214
UUIIIUEIEA
18158
26421
14855
EOU
22596
EOU
EOU
11063
20110
28758
27096
35191
12207
29712
UUIUEOAE
OUAUIOAUU
16407
19233
14748
22947
30654
29591
38814
18314
33046
43810
49184
28882
53694
23795
61030
EAEAAA
OIEEOIU
22240
23055
7333
30565
49952
37445
46158
51181
56322
46602
64808
65939
9270
68300
71538
UUOEAOOOIE
54596
58318
27317
OAAO
53476
33
IUEOO
49158
54183
UA
36364
38918
8621
21826
40490
49873
57784
IOI
42232
31309
50667
AOUUA
14327
41022
AOUUA
43462
44729
53128
43920
OUO
48457
51656
E
37795
41353
47944
49917
50330
30306
58564
62242
3154
20701
33123
69400
2316
74463
33228
8751
UO
24784
67798
17034
32667
75017
17121
79772
87237
19018
24283
94933
12061
16158
101421
33123
107680
109508
8751
3687
12061
114087
114505
122522
2316
129609
137198
32076
139006
141560
22890
EOIOIU
32179
26225
19264
19313
56554
UIUEIUEOO
116320
830
31309
122688
OUAUIOAUU
100779
46602
UUIIIUEIEA
3687
100088
AAOAAOOOE
89125
91321
2316
EOUO
85650
90043
98455
UEUIUE
86024
19264
17121
91759
99925
106200
109501
117838
16317
120387
AAEIE
104983
28791
17121
AOEI
99816
21396
EOIOIU
35542
16317
75880
EOU
66835
69507
76371
85677
10421
U
OOAUUI
7198
24964
61309
10774
69043
69349
10421
75807
85000
61309
94601
10387
21396
95896
101926
108216
55366
108915
842
21826
UUIIIUEIEA
31289
23171
32387
OEOA
UIAAEIA
6897
44819
19534
50156
27659
50463
UOUOEEOEEU
36006
58482
60145
68228
31431
74587
83137
22550
84604
86226
89306
92500
96474
104150
17756
109515
116629
121045
127001
130242
134720
EOEEUIIUEI
122991
EOEEUIIUEI
27413
110832
19534
17756
I
88844
34764
97439
100285
103608
10148
110434
40582
43920
110788
114647
119930
127607
17121
14020
136182
138106
140538
OUI
133094
8554
142284
151701
14020
153260
158398
31431
26300
25801
45901
29591
33870
39169
42636
167852
22550
OOIUOA
147206
IEI
23533
147332
40582
152001
157097
26300
UIIOIAIU
140924
145314
146395
UAUEEEOU
EAEAAA
131706
131722
136216
140980
144566
AAOAAOOOE
28692
IOAUEEOA
117886
43762
121047
41196
123664
125899
130166
137308
141623
UIUEIUEOO
120602
8554
123549
48438
43762
EOIEUIAEEU
23533
124191
21469
34885
128638
17185
130219
32075
138220
146131
147374
153505
OO
58740
36006
132359
142226
147250
32076
154575
161429
26605
21826
36006
29004
29004
165912
169627
14855
29004
174754
178059
181385
188147
196604
201714
37278
UOUO
11108
190367
6897
28692
28692
EE
185101
36246
7198
AUOEEEU
181564
185995
193304
29346
52904
199165
200653
41728
EEIAOEU
191246
194872
28454
12061
EEIAOEU
202226
210556
AI
199588
202099
26922
207613
48438
EUOAOUAUA
209795
211572
40582
39169
214820
221183
222646
41728
25394
7198
223862
AOEI
206233
33342
33562
14020
UAI
OOIOEOE
33981
182998
OOIOEOE
191647
194401
199828
200241
200464
204801
42636
209785
UEUIUE
195949
IOUOIEE
184554
42636
185361
187307
27971
194505
201439
203727
UUIUEOAE
198613
34572
207814
213677
2316
32076
220069
229324
235633
20067
244930
34406
245384
248804
32076
29346
254247
257146
OAI
245236
245560
EEUUEUUOA
222943
223142
229073
232457
238536
243651
UAUEEEOU
46268
45901
222931
226945
39413
227051
232506
234665
234920
235736
236351
AEOOOUE
11164
237229
246430
10774
247436
12500
OEEOO
28647
221125
11164
231075
240328
13699
30492
244740
20494
246856
248263
252457
33046
257496
AAOAAOOOE
243132
244499
250692
256225
27317
32076
258533
24784
260728
265489
270585
278608
AAOAAOOOE
280894
281590
284884
286921
73464
UOUOEEOEEU
280919
33562
39413
OUAUIOAUU
20067
73464
275908
283389
24892
21396
34885
39413
UA
280070
280643
36246
286755
287849
23447
296870
34406
302089
33342
33342
36246
308277
311375
311712
54872
312184
321452
324354
23447
326484
47266
335702
27317
339520
45901
340512
13699
344400
351515
OUAUIOAUU
335834
21617
343643
58409
18608
347086
12500
348940
355262
15653
360417
33562
365524
371185
28260
58409
372391
UIAAEIA
361941
362100
16813
IIIUOAU
11388
341424
351116
32968
IIIUOAU
354025
362494
364422
41348
366793
376530
378502
39326
27317
58409
384488
388999
391585
OOAUUI
396121
35697
403438
412911
415146
42973
420649
30977
422597
422761
425010
OOIUOA
33562
32785
425685
434693
EIAI
30399
32785
423316
29676
432520
53575
40582
OU
424632
428137
IEAIE
IIIUOAU
421943
428269
430973
11164
440449
444932
31431
449289
IIIUOAU
451570
457872
21617
464391
31431
34406
AOAEUAAAAO
AAI
416505
418816
425301
39326
426455
46880
428075
437238
EUOEOO
37152
UIUEIUEOO
32785
12061
11388
31647
38567
420857
428614
437073
33218
34105
445125
452165
456674
460185
464165
471795
44299
31300
OUI
33562
16813
460804
468840
471432
16813
OUAUIOAUU
IOAUEEOA
445198
450998
23447
451161
25633
22782
46880
452461
22212
454457
AAI
54872
25145
455007
462984
466909
OIUUAEIUU
447533
22212
OUI
30035
AEO
403920
407684
415853
AEO
25855
408691
56854
OEOA
56439
395802
39788
63786
OEOA
396692
402374
404511
34885
16158
28647
409639
35170
25145
409734
417823
45451
418087
28647
UEUIUE
409939
45451
69095
39788
411296
46268
57296
EOIEUIAEEU
EOIEUIAEEU
390259
45451
58409
AOAEUAAAAO
376355
11029
379482
382252
391067
52128
398790
403718
24892
408106
410593
412639
39693
414081
420067
427618
43073
429827
437888
441822
442391
AAOE
420234
425183
AAOE
45451
429829
436668
30682
EOU
45901
31507
19196
AAOAAOOOE
32076
403418
AEOOOAOUO
UA
372675
377279
380022
383795
UUIUEOAE
361052
39788
42973
366612
74271
371631
39326
375716
378073
43073
386320
386330
31507
394342
24715
47605
402264
405113
UEOAEUIAEU
403156
OAI
393819
EAEAAA
EAEAAA
43073
AAOAAOOOE
57296
390784
392605
UA
34885
46323
378877
49002
388830
25145
395930
396980
UAUEEEOU
389957
394468
396770
401398
36446
403246
411877
421789
428164
432845
438080
441912
16158
21080
19896
451218
458870
57296
IEUAOIUE
445475
447828
53923
58977
457475
466171
32076
471824
480648
UEUIUE
46509
475841
476103
480119
7849
489890
495007
45325
IIOAO
IEUAOIUE
478255
84604
UUIUEOAE
24051
458326
58977
UEOAEUIAEU
440139
443549
447835
46268
18239
AOAEUAAAAO
46323
442533
OUEOEA
UUIIIUEIEA
11029
36446
435908
69095
12500
438458
439805
7849
442695
27419
53471
21080
446464
454896
45451
457099
59466
32076
42973
58740
459762
464661
49353
UUIIIUEIEA
472840
474211
44299
48802
481296
483738
490441
493543
500886
502922
IOAUEEOA
504949
EUIOIUEUU
38305
31673
43056
38305
499349
500365
502259
77047
505288
45529
46268
UA
EAU
483635
490992
498902
505546
AEOOOAOUO
38305
484927
38415
UUIIIUEIEA
462988
467683
467964
470301
478953
22212
482074
482883
491542
36361
58740
493264
493936
497222
41027
500381
46552
504975
513525
521507
39788
36361
21080
525760
530838
538265
544056
552174
IEIUIOI
UIIAIUOAA
532487
534546
535477
46078
33417
58770
31834
45980
47984
OUI
AAEIE
505194
15173
24051
26424
61908
510317
UUEIU
514022
514972
521472
521636
43056
26424
47984
523503
528038
532169
533845
542888
543120
OI
541261
545373
555319
28791
UIIOIAIU
527363
529165
537992
547557
556283
562745
566567
570359
OUUEE
560223
52128
568462
77047
576785
586428
586509
588650
595406
63786
598339
607861
611389
OUO
595066
27282
IAI
590344
46078
590570
O
575770
UAI
574770
48802
63174
UIIOIAIU
554657
44368
63174
558061
36361
565048
566251
33417
42190
AAOAAOOOE
UAUEEEOU
551620
560572
36361
570552
575021
58409
OUUEE
33417
52740
557075
562031
68628
564523
OEEOO
AAEIE
38415
34783
23325
542066
550075
553814
555534
41027
558280
32623
558793
558923
562306
31834
52982
15173
570210
570334
OIUEUIEU
33673
50811
OIEEOIU
46509
541524
548725
553426
558365
561319
570571
575839
584864
594707
597780
AAOE
93235
577094
AAOAAOOOE
582518
592440
46552
OAAO
585645
57010
588130
597017
EAEAAA
37213
12500
55378
591435
600830
IEUAOIUE
598706
604131
37655
607585
IEI
613297
618231
621963
52615
51465
625366
54227
626824
629391
56306
34783
57296
630158
638381
639387
642745
37655
61908
652281
55099
31834
653586
661089
664453
667107
673516
OI
658976
660391
73970
670123
55099
47639
675067
679424
689144
93235
EOIOIU
675774
48959
EOIOIU
678267
IOOIAIAIU
648975
650752
UIUEIUEOO
623619
623951
56731
624079
UIUEIUEOO
622672
73970
UIUEIUEOO
628223
61908
EUOAOUAUA
59335
50418
615546
618453
621139
AEO
OUEOEA
IEIUIOI
572788
7849
47081
580074
54755
24614
585523
60131
52468
46078
IOI
590441
AUAEIAUO
565784
567745
UEOAEUIAEU
OU
UIUEIUEOO
526684
532607
54755
534209
UUIUEOAE
508564
EOUO
41027
OOAUUI
68628
AUOEEEU
IEAIE
436317
64833
EOUO
IUEOO
430418
431820
438217
71078
54569
47081
442935
72381
447304
18372
451075
75855
453541
50707
39938
21005
458101
18372
465845
IUEOO
468876
23396
65001
474379
474969
475975
EE
54658
464643
52918
469099
93235
25061
477120
93235
60753
485451
UOUO
470582
473398
62798
476638
71371
477568
482448
484323
54755
50202
53355
492429
EUIOIUEUU
492612
501707
511691
520040
522472
523300
527863
532112
534416
537032
41027
23396
543469
544455
554298
EUIOIUEUU
46659
72381
558190
561002
93235
27871
569541
60979
58348
AEOOOAOUO
566174
51734
573734
51710
583221
24614
27683
61202
61285
589369
49325
594013
597386
OOAUUI
578268
EUOEOO
50707
76843
558242
72894
566813
62565
571835
44479
40392
59466
575419
54732
575741
579645
580714
584257
587358
592357
594229
603801
612293
619770
93235
621903
68868
622120
50202
624927
22327
48959
65850
631509
637377
644264
644488
645023
650537
41027
654547
60131
654970
659782
41921
23325
664585
674044
682324
68868
682347
683039
687471
692891
EOIOIU
48219
UAI
654538
660032
664686
57181
665594
675023
675258
UAI
681890
EEIAOEU
54755
653735
85792
AOAEUAAAAO
UA
55378
615261
619202
620891
627224
68258
27282
627334
OOIOEOE
UOUOEEOEEU
612128
32076
59590
616133
624471
633487
78711
37326
637260
63635
640103
647569
EOEEUIIUEI
UUE
616124
620928
40351
629308
637799
52486
646123
653760
25061
71340
663155
671366
66217
678744
37266
683130
690068
694199
UOUOEEOEEU
50756
37326
51521
681423
684981
685945
691621
OUEOEA
55378
59824
55753
55903
694332
55378
38554
54569
55753
700732
709190
718292
724043
729315
IOI
38415
78711
54732
55903
731022
735337
57993
741550
744440
745673
752490
757546
41325
767204
775083
781558
48219
786380
OEOA
50202
AOAEUAAAAO
754744
764691
AEO
51200
UA
747305
753541
32076
757386
55753
759298
77538
763055
764581
63635
51734
770095
773691
IUEOO
21159
OOAUUI
762356
763678
766904
59824
774968
49972
72337
46659
777064
782626
788705
788963
797557
84679
52486
50112
799936
808747
22933
817926
EOIOIU
49455
73096
794233
803473
79888
70840
808951
809400
24614
810400
812391
77356
UAUEEEOU
IO
768156
65174
24614
22933
768527
EAEAAA
95701
36779
59590
44763
747165
756959
766602
85251
41027
87279
87279
68628
21005
769041
76748
772336
70998
AEOOOUE
39938
764828
34982
OEOA
59824
AUOEEEU
IOAUEEOA
715686
37266
719782
727448
UI
EEAIIII
24614
721778
723732
59590
723751
724561
39083
IEEOIEOU
715181
51734
72641
720868
726663
36521
54732
59449
72641
39938
OUUEE
715733
69244
81697
37831
AUAEIAUO
698625
29362
701210
85792
706298
709950
77028
711364
713038
54732
718336
AUAEIAUO
85792
716998
721904
69244
729467
733931
739830
38415
746147
50202
EAEAAA
752541
755363
764614
EAEAAA
EUOEOO
759770
762986
768076
59590
IEUAOIUE
760718
82946
OEOA
736837
744992
748493
73096
752652
56484
53883
EOEEUIIUEI
27479
61973
735808
57181
741844
743544
753158
762162
771001
780743
55400
75700
788319
57993
UA
65174
770701
OUI
762046
770660
55903
775278
780773
27479
790749
800057
63552
808993
813529
814583
819609
55400
827027
834186
26027
IAI
815662
74080
825300
833477
837683
838502
847547
854490
859879
54887
864116
867074
873513
881025
885056
894061
902086
909621
914338
914621
923712
928605
931664
939797
947056
952768
AEOOOAOUO
957881
AEOOOAOUO
941370
59542
942958
946298
948174
951547
961234
961942
970792
975809
72641
72641
75700
29722
981042
983467
989472
71997
UAI
972496
E
952685
953169
959010
65363
963121
59941
IOOIAIAIU
936060
AAEIE
930641
934211
UIIAIUOAA
932231
34782
65306
935088
938832
940416
65306
UEUIUE
912870
60499
28198
913072
OAAO
888806
90713
61202
897697
UIAAEIA
904024
29362
912750
919187
928177
64168
937570
939403
64087
85468
945061
62404
947347
54732
953764
60499
961149
966740
975546
980569
989485
994137
73630
85468
AOEI
978280
69244
72641
979187
29259
UIIAIUOAA
88089
964727
974252
UAI
971638
44039
972529
85792
981504
27589
989346
993880
997272
998110
1006135
AAI
73797
51710
22933
78935
982115
989635
73797
OIEEOIU
44039
988071
989906
AI
962027
UEIEUOEUA
90086
82223
76810
940407
28779
943656
952914
69244
953516
961246
85371
68864
67415
65125
969538
47081
42691
77235
972499
974085
974310
983429
988072
991585
85792
995242
1004546
1006073
29362
1013093
1019048
57181
1026494
1031563
51710
1033485
1035559
71825
56484
UOUOEEOEEU
1019572
1026706
1031748
1039434
1041550
1046543
OI
1029463
1034757
1041783
1047267
1050080
1059968
1065202
65125
73189
AAI
1044079
1051755
1054464
36521
1055123
AAI
1056801
OOIUOA
1029002
1038178
41027
UIIOIAIU
52698
1027036
1034168
UIAAEIA
88282
1025135
AEO
84258
1004884
1013286
1022322
AEOOOUE
1010895
OIUUAEIUU
995023
1003722
UAI
994556
45468
90086
56997
79854
44606
999230
1005508
IUEOO
979523
984530
988556
36521
995430
35576
72017
67415
36509
IO
AOUUA
963237
966646
22933
969118
38415
OIEEOIU
93037
AAOE
69208
938731
942855
42732
942992
949079
76521
954051
961609
969790
68486
974500
980296
74351
989624
990097
993928
998797
1002985
UUEIU
67990
997795
1003358
1011751
1019790
EEAIIII
64844
1001658
EUIOIUEUU
34782
997878
