6507
IUUO
0
0
8123
14121
18633
21494
0
27815
0
36532
IUUO
0
EEAO
0
39331
0
47157
48666
49079
0
0
0
58819
58888
66881
0
0
0
68785
OUUUO
50698
0
51568
56934
0
0
0
62693
0
71305
E
0
E
8717
66237
70220
74878
0
0
0
75682
0
79116
0
0
82177
OOOIUIO
70219
71859
OOOIUIO
72366
0
OIEAOEAOI
0
UIIOUEEUI
0
49471
57593
UIIOUEEUI
59562
EUI
52078
0
60595
65288
74612
83931
6507
91978
92529
0
94796
102790
109487
0
113761
114879
123789
0
0
0
0
131602
132325
0
141535
147788
148441
153838
IUIUOAOAU
IUOIAI
130746
137826
0
0
0
AOEAEOAOI
136692
0
140123
142603
0
0
IAIOUO
125748
133300
0
138183
145870
0
154832
160466
UOEEIUAIUO
0
UEAUEI
137644
142182
144069
145970
I
129749
0
135880
142256
0
144944
152371
159031
159141
EEA
IAE
2628
130344
0
0
AOAA
114593
114605
0
8641
120284
0
125172
133755
1640
AOAA
130628
138322
0
0
0
144330
AUAOEOUOAO
136419
2480
140932
147572
0
148382
151362
156695
160676
UUOEUUUUIO
148038
150432
158875
161434
0
164598
UEOUUAIII
161705
AOAA
152612
0
0
158673
166512
166950
176774
UOAOE
0
0
IUOO
146531
11904
154532
I
EEE
151459
154648
0
158877
159687
6376
169220
521
171436
178616
182268
2826
UOEAIEOUA
162123
168413
IAUI
160008
0
0
168976
2826
176304
180459
18323
184227
8906
191217
0
0
193351
0
200096
0
202585
0
OAEIIEUA
UIUOAA
165432
6020
0
UA
0
157215
2980
160842
0
1640
14718
165744
172965
179619
181848
182137
134
189679
193952
5634
201461
0
207643
214505
13124
215998
0
223089
UA
8443
225259
0
225875
231214
241170
242285
244170
UA
1887
0
242288
IAIAAAOUA
804
238330
244442
252870
258235
258521
9687
0
258955
0
15520
18323
263264
269746
0
274996
277926
286502
288892
IAIAAAOUA
IAIOUO
283900
291052
IAIOUO
0
0
263719
268142
273952
AAAEAI
0
0
265684
0
271755
281587
285131
285445
288910
290846
295105
16889
300400
305611
305697
AUIIEIOIA
0
297463
0
301646
304031
313629
317709
318795
867
8641
7427
321974
330229
0
330922
335602
0
343203
349446
8815
357850
367305
10262
EEO
10262
373893
UAEOUE
376923
EEAO
0
367445
0
2480
AEIEEOEA
357020
UUUO
342740
18261
0
0
346976
350810
358888
363941
12095
364746
0
372535
UOEEIUAIUO
346706
349748
350961
352487
354184
AIUAII
0
OIE
316603
317878
325893
2628
0
331879
9687
339670
348734
351825
353056
IUOIAI
0
1640
335307
343120
UAEEEOII
OIEAOEAOI
329226
11797
3454
331277
5922
335915
1640
336608
344345
349758
0
OIEAOEAOI
13124
352621
OIEAOEAOI
6524
0
0
0
0
10584
0
15746
OAEUEAU
UIOAOAAEUE
17771
0
320226
324410
327827
0
8865
328919
8865
335951
337473
19710
345271
352013
1904
UAEEEOII
OAIUEOO
330180
6112
337403
IIIA
338096
345844
0
353768
360028
OOAIUOEIO
336892
341947
343683
AEIEEOEA
U
0
0
UUOEUUUUIO
0
315535
318902
19710
326482
327317
334673
0
7944
338548
340206
344174
IAIOUO
6112
0
5248
335773
344859
7250
347981
16506
0
353112
357596
0
359741
368343
377152
5514
EEOEAIUI
355755
356032
357378
361107
362355
367050
4824
375063
EIEOEE
357229
364967
0
IA
UOEEIUAIUO
9183
10584
4884
9329
434
IU
330385
OAEIIEUA
322334
1993
5514
5290
325731
7250
30551
U
AIUAII
13401
315405
317510
320645
320899
IIEUEAIEI
301147
308310
2390
36537
317570
326295
3878
OOOIUIO
305027
3652
14501
29848
308275
9183
308619
309792
311088
311122
14056
315333
318471
323075
IEEAA
AAAEU
OOOIUIO
4259
2182
2182
6182
258922
UOIE
240100
240886
250109
OIU
234636
UUIOOIUIEA
236776
245399
253242
10160
254706
IAUUEI
7741
244490
11765
3878
AOIEIIU
0
0
229034
238548
11797
0
22315
239944
0
13305
241586
12095
248213
248652
249771
13166
251354
257917
10019
UOAOE
257879
263665
273381
283253
283578
2480
290923
294415
300063
14629
IUIUOAOAU
284588
292691
UEOOIAOUI
274700
14056
10160
279051
29122
2480
IA
275656
283960
292569
OA
277632
14259
9329
4675
283880
0
284571
289865
3929
14666
UUUO
275130
10366
6182
283635
2559
25242
286876
14666
IAE
18158
262033
262696
IAE
0
3164
271037
274063
282339
9125
20357
14501
290185
2390
292059
292755
IUOIAI
9329
285000
1736
14501
IOOAOOI
286435
4484
288198
7712
295330
298456
7221
2390
306752
316528
317561
9125
16827
321861
5144
331534
14666
340257
348794
IAOAUIOUUU
336459
342876
348771
353615
362275
7748
367553
UOUUOEU
374304
17949
13010
375287
EUOEIEOOAA
370944
14718
7712
375144
375899
IIEUEAIEI
368694
UIOAOAAEUE
10979
347016
352294
355502
UOEAIEOUA
338881
343612
343964
345101
349536
7712
OIU
IEOAIUO
12727
311931
321400
324068
327556
328393
9298
17917
337265
345053
347464
356909
13124
14259
22511
12987
5333
UEOUUAIII
341546
348573
14259
353064
5333
357523
363944
366747
373404
377713
17453
EA
5333
362745
3955
18406
367095
367474
23534
375143
383384
391196
393133
401826
406043
11084
410699
419911
425428
12987
23534
427720
13689
II
10019
26150
IUIUOAOAU
397936
6112
399150
400573
22483
407971
8420
7712
412111
417345
4237
421789
422104
422467
425611
19492
432849
25034
442646
10160
446202
22483
448652
AOIEIIU
18955
5333
19492
EEOEAIUI
424523
17408
20968
13065
11904
24639
431294
441012
29848
445361
448172
456079
EEAO
434007
18406
AAAAEOAO
416994
20357
18360
5400
21951
19492
425623
5264
431325
11884
7810
437203
447187
II
15369
II
IUIUOAOAU
29856
420413
19492
EUA
404412
405680
1633
411330
412031
416741
420779
430275
436721
EEE
AUUUEOAU
20462
405877
22511
407467
409711
410659
UIUOAA
25265
400723
29334
408995
IIEUEAIEI
14501
EEAO
21891
375169
IAEIAIIOI
355874
361466
367060
11884
371706
OAEIIEUA
365169
374744
10407
7748
AO
21951
368754
377561
4435
29169
35498
381841
382483
384514
388935
10509
UIOAOAAEUE
17408
370671
7748
377170
385590
395188
14501
26150
OAIUEOO
392405
397396
399482
10407
25677
OIOOE
17408
375326
377332
378208
382382
IOOAOOI
EAEEUOAAU
1633
25255
351108
356009
356185
21985
8563
EEAO
21951
357156
20275
366919
373050
EAUU
10897
352488
362280
363585
25617
15369
25694
365907
OII
348211
29848
350149
29169
41704
353532
359483
AOEAEOAOI
361404
364864
366206
369540
373426
381786
383961
387371
12786
27622
397200
398253
407835
412259
AOEAEOAOI
416524
417775
25220
419276
20373
5264
424525
426188
434865
UOUUOEU
425057
426036
428333
UIOAOAAEUE
UIOAOAAEUE
4705
418858
AAAEU
393923
10191
18096
25255
10191
403710
412399
412824
22315
413289
29709
8496
413600
6507
413679
AEAAAEIO
398974
UOAOE
395534
403724
404460
411072
24678
415805
18634
IUOIAI
47212
400309
403943
5579
10191
412285
1633
421863
425389
13752
9344
17949
427849
11839
430564
21932
12062
436023
439903
444326
447237
456038
U
452686
13227
457485
12479
18084
459250
464643
467775
23024
27622
U
469429
473088
476600
486484
494595
497423
13227
504649
26562
505754
511679
518301
522500
523175
AEIEEOEA
509217
36552
20373
AIUEOUE
505099
510999
512395
515740
522319
526882
536406
13227
AIUEOUE
535063
37554
OEIOAEOI
36552
12786
17949
24678
538637
27541
25242
19202
AIUEOUE
UAEEEOII
528644
532511
30903
541293
544660
548109
8823
554270
563491
572106
33825
24356
13227
581291
585061
18984
18406
593287
17949
11552
597593
5333
26562
598168
607165
608612
14501
617447
IAUUEI
607220
608260
5136
611345
615014
31934
36529
30834
620218
23160
14962
620702
9668
34099
14501
626280
630174
634243
OIE
17483
AUUUEOAU
578834
AIUEOUE
570204
580040
585425
27783
587512
26562
597512
IEOAIUO
23534
591324
31163
25694
599831
36529
601774
UA
600944
602146
603444
29180
608704
13862
618085
627397
30903
28814
IEOAIUO
621569
IIIA
IA
13716
603207
18984
12892
608424
AUAOEOUOAO
587459
590462
598723
EA
33422
23210
17949
594756
30122
UA
14501
12846
AIUAII
AIUAII
583308
592603
EIEOEE
31621
593176
594013
10191
9983
601555
605987
613057
622047
34081
31009
EAEEUOAAU
605801
615758
624460
UUIOOIUIEA
600583
UOEEIUAIUO
597150
600897
34638
UIIOUEEUI
588876
591361
593842
596229
601454
609477
613346
622246
24678
630881
632222
UIIOUEEUI
628542
633565
636980
22362
640756
8672
649014
657446
667444
668106
12892
673175
676801
10191
680535
684733
UA
686603
695423
701357
706508
713786
UUIOOIUIEA
36552
693915
697999
707822
714528
720015
E
27783
11779
EAEEUOAAU
9344
12892
AO
693667
AIUAII
691838
693395
694671
37158
698957
708746
718186
0
726903
732804
741126
742076
743019
747035
754157
39776
24678
763828
770095
OUUUO
8596
41398
762351
AOEAEOAOI
750721
21751
757321
OIEAOEAOI
AEAAAEIO
730955
734940
34081
738229
IAE
723709
731140
737025
742604
751074
UOEEIUAIUO
730082
31621
731104
731517
740999
34099
741423
749556
753251
OEIIUU
28814
IA
720512
62241
27597
726634
16870
729706
734355
EEOOO
704797
712435
3164
714595
IUOIAI
717553
20495
57948
28814
727270
29293
EEA
IIIA
695828
698898
AAEAOUE
673133
11904
31408
673380
9329
OAEIIEUA
674718
679169
682007
34638
13421
13421
688269
15202
OAEIIEUA
693314
4005
694738
42555
OAEIIEUA
693535
5159
OEIOAEOI
688976
OIEAOEAOI
661932
664656
671680
62241
675028
681863
685216
690877
OEA
10056
665849
666192
28917
34320
24152
41704
34320
OEA
34638
OEA
UA
13862
26990
641797
643766
648723
653583
OIU
632381
638837
IAIAAAOUA
621949
23496
624922
9507
A
0
37378
35339
A
IUUO
28735
EEOEAIUI
54384
564463
574090
31009
21755
8084
583051
585768
588021
17644
5903
592263
592406
594730
601692
607864
UUIA
594311
601160
606592
611503
618045
37158
620912
41164
8072
35522
627108
9329
UIUOAA
24129
9894
46241
UUOEUUUUIO
18041
EAEEUOAAU
590421
E
9507
30405
569529
576786
26341
28735
EEO
561781
571376
579828
EEO
38654
583654
585709
IIEUII
28814
21755
10056
17644
UIIOUEEUI
576906
37013
582072
17611
47320
589394
590282
OUUUO
568732
17146
578303
31163
587260
596185
EEAO
591747
0
IAE
576466
37158
UOEEIUAIUO
EAAI
536814
32440
IAE
27428
22362
IAE
521426
46241
531231
37253
15291
32819
537279
542901
46929
17146
550844
UOUUOEU
538910
27428
539265
539912
I
522316
526588
21755
531950
30833
537518
15269
35339
34599
I
52807
534361
25114
10056
538988
24129
OIU
EEO
502025
OIE
32785
475246
52919
OIE
456099
462857
28331
472574
478606
480112
487970
495270
46256
500850
22012
501182
503077
507088
514709
31408
IAIAAAOUA
12432
IAIAAAOUA
31666
506019
33234
31812
514386
517473
527332
AEAAAEIO
47566
8072
35944
522010
527352
AUIIEIOIA
31666
515741
524796
22012
31812
AUIIEIOIA
527398
534322
535187
538023
0
AAOEIIEE
AUAIOEOUEA
AOOOAEIAO
25395
10718
54937
493794
OAIUEOO
10718
A
OEIUA
448245
453586
457623
461010
25395
22012
466147
12977
25114
474363
38177
480020
484150
54937
UUUO
478950
49171
33399
27634
482941
EUOEIEOOAA
477465
482011
482504
486533
495934
496939
UA
25405
475964
25349
46813
55155
477672
481573
37253
484684
EIEE
471084
478860
38654
38836
488192
29374
13752
22272
24129
492274
493229
498620
508586
IIEUII
501818
506192
IUIUOAOAU
37253
497620
UAEOUE
AIUAII
469360
5903
IU
444301
449072
456050
EAAI
30325
461424
12977
463086
14939
466925
468497
471079
471695
46158
475202
484181
31732
487916
487950
17146
489074
495698
503761
504377
25395
42313
19819
511566
OEIIUU
493955
497156
52959
29709
499415
507664
517519
526052
38836
535919
38035
543844
52807
46929
17054
552826
555931
18999
16379
565603
569674
46256
IUIUOAOAU
553699
37253
UEAUEI
IUUO
20495
33990
516275
523588
529476
530410
531921
EEO
521569
523152
35498
14828
529229
533111
18546
41001
46256
534869
543554
38177
545603
46929
547334
41565
551772
557849
EAAI
20394
41398
552480
557507
25349
566214
OEIOAEOI
52959
570033
576214
580125
13862
AUUUEOAU
EEOEAIUI
IOO
535379
535407
OEIOAEOI
533137
OAAA
512699
517739
523762
UE
521962
523651
528712
30833
AAAAEOAO
EA
23921
34224
IEOAIUO
468347
474868
IUEOUEUEI
460308
AOEAEOAOI
446307
449151
457715
52919
38983
458051
466759
476253
OEIIUU
456147
464153
52496
27656
42255
473709
56110
478865
486522
IOOAOOI
75494
484490
491254
498049
27030
34996
505249
513326
30520
38983
30520
522367
25395
531713
48322
UAEOUE
504042
506588
508422
515313
47566
65906
516019
517338
518989
38759
19819
UIOAOAAEUE
509472
516458
517926
0
44342
527325
UEOUUAIII
505594
511299
33399
UEOOIAOUI
484889
494779
496899
65906
504315
504943
AEIEEOEA
UOEEIUAIUO
EIEE
38075
54139
53615
464363
22227
35858
OEIOAEOI
452168
19227
457380
464351
471419
478176
483757
491608
492781
500688
505572
510115
61501
515128
519562
35652
29790
527349
533468
5580
543051
IUEOUEUEI
534371
538477
46779
541385
542742
549359
553315
562245
565779
573856
51884
52496
579836
A
561438
32229
563198
9632
564378
EUA
OEIOAEOI
534887
AOEAEOAOI
508260
517932
518919
35166
521340
531311
538770
23878
544906
548053
OUOAI
29419
5580
548067
548122
54937
556601
OIOOE
OIOOE
32693
546396
546602
554917
562690
24726
35166
9026
22609
566323
576129
AOIEIIU
575761
576197
70978
581687
45636
IOOAOOI
85477
28305
29790
UIIOUEEUI
35278
39385
UOEAIEOUA
35858
OA
507977
48264
38983
EEA
47566
75521
505762
OII
507569
19535
516669
520212
0
43237
522280
IAUUEI
505502
64752
507201
22699
513399
523269
22699
524679
31009
528565
537287
17611
540347
42070
EAUU
541438
48777
549907
556675
565891
EAUU
565064
573197
578706
581431
OAEIIEUA
562925
78605
563960
570783
UA
566219
569068
575865
578221
46779
583564
588582
27030
598484
600181
601657
IA
28414
588254
UAEEEOII
585262
594337
19298
602243
612157
614750
619660
33775
624465
53615
UE
AOOOAEIAO
594061
602627
EEO
33768
AAOEIIEE
52569
577663
578568
43189
586604
53615
592418
592653
596697
38035
19535
602008
607737
23151
609504
47752
52569
611495
616339
623297
AAOEIIEE
AIUEOUE
606859
612619
AIUAII
32569
EIOIAO
53615
35358
78605
OIU
588324
591380
38654
AEIEIOIAU
48785
565749
AEIEIOIAU
574620
581451
AEIEIOIAU
580624
28305
587012
75521
52569
44605
588462
52578
OOOIUIO
588624
592208
595974
UOIE
595075
601598
604422
604794
OEIUA
605082
28414
614053
46023
616870
623972
OEIUA
UAUOEOI
600194
42070
603091
611188
28400
I
35278
EA
577096
582846
587970
40715
61604
35166
18452
597492
44657
29118
UUUO
64752
590428
595108
603960
OEIUA
605052
614347
615455
624191
43237
44605
627579
632008
51330
640591
UUIOOIUIEA
38759
UEOUUAIII
638719
641516
52919
650935
659308
14939
668676
670517
675745
19742
54567
685602
693503
701738
EEAO
19819
691207
54244
693742
694825
43704
702311
706677
715853
718833
47752
IAUUEI
713263
47973
OOOIUIO
AUIIEIOIA
AUIIEIOIA
19227
678178
687589
690666
695779
54334
696273
UUUO
681505
64771
688209
9632
689896
698085
35278
699662
50295
61604
706066
710414
61604
EAAI
713605
715312
29118
723180
55781
726351
9632
729699
54567
AEIEEOEA
47653
93511
IIEUEAIEI
705765
715283
EUA
46023
709926
93511
711022
35166
715851
723983
733603
61604
UOAOE
35914
UIAI
UOEAIEOUA
689469
690452
693450
43799
AO
36408
29790
76424
690622
691383
695962
52578
701295
703391
33776
39520
EEUOEIUOOE
EEA
678690
685119
691302
55035
695360
697076
44657
27397
706476
709433
711100
720065
729988
731904
733201
37171
OEIIUU
722064
728306
729940
738029
54334
35914
742992
IAE
728750
EIEE
732364
741089
750711
40750
51330
24367
751067
54536
38177
760276
769944
775992
781174
789197
794970
796431
800246
39520
42070
70048
EEO
796174
800875
70732
30059
810333
46524
816588
821618
0
33775
827187
UAUOEOI
826678
42070
832922
833714
838639
840327
849992
857249
864645
866057
866317
53005
29154
44605
875583
UIAI
54074
880024
32569
9644
UIAI
882303
890147
41107
33750
897398
43935
899169
899435
40750
907405
38177
OEIIUU
880529
19227
OAIUEOO
866505
9644
43935
24726
874890
883410
0
43197
887524
71474
51445
891195
EEUOEIUOOE
AAAAEOAO
870517
IAEIAIIOI
851521
28014
860380
869618
33728
22699
877936
887816
895695
900793
910055
917305
922778
931673
19742
38676
29790
40750
39511
939804
IEEAA
39520
70622
27784
935450
30059
46289
938160
55559
943709
29118
951850
UEOUUAIII
40103
933663
55599
941914
65306
947163
955177
957449
960860
OII
54020
944768
26968
64771
IIEUII
47566
939764
UUIA
EOAIIUUEI
52919
EOAIIUUEI
46991
920674
921832
925767
64771
52919
926528
54536
933565
938260
OII
EEOEAIUI
899895
900967
53219
909801
64572
919326
928961
937991
945616
EIOIAO
929398
70732
43197
931799
932734
9632
63077
936486
941821
943880
946426
950602
952893
OEIIUU
938294
938647
945263
48913
AEAAAEIO
35286
943303
952641
956156
956477
46289
966218
966544
75342
48328
969085
975653
IEOAIUO
973200
36592
974176
976290
71474
65306
982605
98991
983845
993143
U
969413
IOUEAAIO
955128
963547
UIIOUEEUI
952951
46289
58208
956725
OIEAOEAOI
944740
951298
959929
60011
965649
973500
973712
975909
977562
70622
981600
52779
AAAEU
78605
978904
55035
IAUUEI
956348
60011
959397
29118
968555
70732
55521
IUUO
954827
961328
961696
963248
55521
964887
59401
970324
UAEOUE
951999
UUOEUUUUIO
48649
64377
UUOEUUUUIO
UUOEUUUUIO
950762
957677
53005
961743
AEAAAEIO
944038
53413
946732
955934
53413
957666
964575
EEOEAIUI
953184
957145
962240
53228
971864
EIEOEE
976763
43237
53413
37425
984299
994044
EIOIAO
1001217
46289
1005679
1015537
29790
EIOIAO
83894
97054
1012114
65612
IAIOUO
18572
41107
1002958
70702
1008093
AAAEU
996955
UOEAIEOUA
41254
987782
992053
1000895
1010065
44249
UUUO
1001048
1005387
1014244
AAAAEOAO
UEOOIAOUI
60053
20149
1004073
51128
1010673
1012997
64771
60004
57989
1019578
1020859
57989
EIEOEE
1010562
IUIUOAOAU
985123
37618
IAIAAAOUA
986739
987455
IUUO
AEIEEOEA
959133
965431
972259
973796
53005
978106
34230
UUIOOIUIEA
969988
977254
983221
UEOUUAIII
38676
UEOUUAIII
108418
43197
63653
44249
972908
40113
AUAOEOUOAO
OUOAI
948010
950419
952225
952248
961526
969147
972861
978997
984705
990616
59094
997501
52381
1005122
1009681
1009744
43197
66443
60288
55318
1013885
1021845
UAEOUE
1017343
1025764
1032581
39520
OEA
AUAOEOUOAO
20323
OAEUEAU
1001569
75497
UE
973330
982155
985924
60053
989136
998397
UIAI
EAUU
50131
63062
975440
42229
EAUU
33768
977838
EIEOEE
47302
34230
981563
43704
53219
18752
55039
98320
984521
990285
994110
75702
995449
56496
998508
999096
1000162
1003852
IAUI
995231
997048
AEIEEOEA
982835
62003
989568
995344
AEIEEOEA
40103
65239
UOUUOEU
987640
39603
988409
991041
39916
994846
78140
998779
AOEAEOAOI
48134
EIEOEE
949607
952116
25468
63653
961796
82142
EIEOEE
83894
960011
967363
AOAA
940997
943072
952118
960799
965509
969118
978055
20323
987983
48817
40113
24866
993534
995387
43084
UAEEAE
992001
UE
979391
40547
AO
976272
52779
80770
979233
988026
991915
992340
1000294
1003324
IAOAUIOUUU
AEIEEOEA
977202
48426
981049
989594
AEIEEOEA
998784
1003251
OAIUEOO
987476
989888
52350
996996
1004929
1009210
1012009
1012369
1017593
1021343
1030395
34579
63062
IIEUII
44249
1006483
1012643
1019609
63998
76510
1026742
44169
1035766
81916
63653
1037854
AUIIEIOIA
16964
1026683
1035909
67950
1037556
60134
IUUO
1022659
20323
1026603
24866
1032089
1040549
1043207
1047571
62870
OOAIUOEIO
IUUO
1024449
1031238
UIAI
UIAI
1013471
86765
1014686
14557
UIAI
101471
1017630
1022311
UAUOEOI
UUOEUUUUIO
69730
48817
59887
67950
37425
49088
993799
1002038
1009320
1015735
1020883
1024929
1031678
55318
1036373
1041733
66953
74940
55318
1043442
36408
1046974
62737
52779
1056355
62737
OIU
OIU
1051995
1059123
60813
1061825
74213
1069954
UUIOOIUIEA
1042196
60288
1044338
46289
1045700
1046327
63653
1055333
1063928
1071305
1079068
1084404
1093636
40059
100869
1097958
1107522
1108028
28400
1116107
1119694
1127222
1136756
114662
1145778
81916
IAE
OAEIIEUA
103714
1106165
1113216
1120308
56496
47133
IUIUOAOAU
1767
1123189
1128215
1136146
1136655
IUIUOAOAU
76637
1137436
1140504
1140669
1150451
1152823
1157523
40103
1163769
43197
1166025
OOAIUOEIO
1162113
1171502
1172199
EIEOEE
74940
OEIIUU
1140615
OEIIUU
29118
101471
1141577
1148549
1152137
1155507
91533
1164246
1164473
AAOEIIEE
61264
1137972
1142759
103714
1143631
48817
1143801
69417
1151812
1160764
55318
1167665
OIU
AIUAII
1145450
EA
1137110
1144890
1149603
64318
50362
IAUUEI
1131795
1135390
1142589
77899
40059
1144858
58208
1145124
1152310
40059
OII
1135326
1143043
1152566
1159878
43197
67046
57659
1166222
1171681
1176406
52765
43237
1183735
1183835
97730
1192017
42229
1201594
1203786
1212366
1217537
83476
IAOAUIOUUU
45735
48783
72473
1208028
1216511
45735
34579
1220912
1221587
49072
1226234
1234081
IEOAIUO
1227035
1236899
1238125
65306
1242117
II
AAAEAI
1230974
AUAOEOUOAO
61264
AUUUEOAU
96648
1225051
1230546
64324
1239078
1248594
EEA
70064
1239794
88299
1246481
63765
OAIUEOO
OAIUEOO
66445
1225892
1229227
OIU
1226901
1229718
48734
74353
77899
1231837
36408
1235206
1236867
47020
37410
68163
45534
92588
1238469
74940
69417
66445
1244449
1246996
IUIUOAOAU
36969
63653
64405
1239479
1240700
1245460
1251417
1253860
1262904
62850
100869
91533
AOEAEOAOI
1250545
1258213
67076
1265121
33878
1269558
1271054
1278336
47133
1281234
IU
1275713
1278971
68163
AOOOAEIAO
49118
1268553
IUOIAI
1259442
55318
1260690
36408
69453
IUIUOAOAU
74940
88299
78313
66445
EEA
51150
38964
66202
49072
1249615
63765
71694
1251902
1254850
14557
52975
1263366
72831
83679
1265283
1270168
EEA
1271427
68163
39285
1279680
1280277
IAOAUIOUUU
66202
1277787
1284592
1285395
1285631
1291599
1297581
1297781
67076
IAE
1279995
1287370
IAIAAAOUA
1291236
27302
OA
72927
1265336
AEIEIOIAU
E
1245346
1255071
1256215
1264869
1273620
1283487
51646
IAEIAIIOI
1263445
IAEIAIIOI
1266946
77899
1275811
75797
1284640
1293170
45534
1298477
1300097
UUIOOIUIEA
1287895
1289634
UEAUEI
EAUU
72375
1274671
64973
61869
47133
1279242
66202
1285388
1288123
18245
1297921
1305586
OAEUEAU
1301400
1307642
1315055
43273
1320267
IAUUEI
1306029
AOIEIIU
80385
55318
65239
1288979
EUI
1283841
1289723
65239
1295588
1300375
98684
46296
1304435
98684
50131
1306209
1307096
1314599
1320847
53005
1326820
1335734
1342197
58761
1349451
1358555
EAAI
1344396
1350709
1351336
60390
UOEAIEOUA
97730
UEAUEI
66953
1321407
IOO
121458
IOO
1309271
1315983
55174
1319255
1322318
55318
U
1317182
1325863
IA
1305878
1309566
46637
1317769
27302
1319261
1321980
IAIOUO
1295369
IAIOUO
1293495
1297215
1304767
1305810
61923
1306335
85176
1311731
1321630
61610
47367
72581
65658
2833
70088
1329879
1331964
1340398
IAIOUO
IEAIOEAUU
1294697
1304596
EIOIAO
EIOIAO
AIUEOUE
1283595
EEO
1268215
68848
86977
1273198
1274858
1284621
80737
1287722
86187
1290696
64973
1295026
34602
AOAA
82763
1278271
28400
76690
1280633
1283369
IIEUII
1268981
UOEEIUAIUO
1253084
1263011
28400
UAUOEOI
87464
1262713
1266275
1273388
EIEOEE
AAEAOUE
1240849
61610
1250712
1255288
1260505
121458
55318
1270309
1279170
30612
1280577
1284206
OAEIIEUA
77515
1257230
58761
1262611
62880
62880
EEE
6583
86187
72581
55760
100736
64405
104668
59222
EAUU
1221379
1222622
1231491
73512
1238852
1243173
52419
104668
1248275
1255379
1256820
60711
AIUAII
IUEOUEUEI
EUOEIEOOAA
EOAIIUUEI
1190303
1193629
58761
47130
64907
1198718
AO
60654
1188064
1196941
1205153
1207782
1214502
52925
IAUI
1196854
IAUI
1204088
I
1186963
1192424
1200777
1209082
1211922
1219746
OA
1203125
61270
1206265
1212010
1221104
1226271
56117
1226333
76802
1233656
1235076
IOO
E
21346
52752
1197097
1198557
52419
78185
AO
1187302
1194018
1200899
63982
65658
64708
65658
AOAA
1187133
1195408
1202141
1207270
OIEAOEAOI
101752
1187199
1195135
1198668
IOO
I
1163829
133711
1168884
1173680
1173741
1181516
1187919
37410
1191858
1195730
1201880
I
73512
1201918
1209194
1215372
53785
68848
59887
1218446
68848
115792
1224989
1225906
1232893
1242201
1245042
1254029
37410
1258611
69264
1265668
1271366
52419
1280347
OAAA
1280709
1290626
81274
1299900
59044
91245
1308790
75077
1312270
30209
70145
1318684
1320050
72581
EEA
1317573
UIIOUEEUI
1309660
37410
OAAA
1291744
1293224
AAOEIIEE
1285348
1292233
1298709
1304469
1307021
1311039
121458
97577
61270
1317548
1318416
1324349
51863
1331568
UOUUOEU
1325355
111760
1330963
1339641
1341972
AAAAEOAO
1321635
1330716
71004
60178
UOIE
63321
IOUEAAIO
63321
1298114
1303637
IOUEAAIO
83703
1312718
1315300
1322590
IU
1319766
UII
52752
69002
1312444
61923
115792
103538
60178
1321978
62259
1323463
1324608
72337
1327972
1333660
1341728
EIOIAO
EEOOO
IIEUEAIEI
OUUUO
1259519
EUOEIEOOAA
1250448
41606
EUOEIEOOAA
38890
1251147
1255159
1258608
1261386
35247
56267
1265945
1267016
1269362
69487
IAIAAAOUA
61923
1265660
1268476
1274138
1276549
1285432
70315
1292250
OAEIIEUA
1269754
1278165
62804
1287976
1288912
1292141
1299805
52752
1306038
1310496
73512
27282
1313777
93591
119042
1319217
OAEIIEUA
1321327
1326158
AEIEIOIAU
53136
UIOAOAAEUE
1299979
64708
78534
AEAAAEIO
111277
1297074
OII
1291546
55521
OII
1291668
70512
1293233
1297475
1299512
1306328
59233
1307901
1313214
1318430
1326415
57659
115792
1335956
1336283
1345680
1346849
77663
1354252
109934
OII
IUEOUEUEI
111277
62910
62910
100921
1349382
1349610
1355861
30209
IOOAOOI
1336983
1344682
103409
103409
1352226
1361096
1369562
1369570
1372582
1379635
1381701
IOOAOOI
1387460
80825
64708
EOAIIUUEI
1370555
1379369
EA
1365494
1366155
1369199
EA
OIEAOEAOI
1362168
II
AUAIOEOUEA
31298
OAIUEOO
1304313
37410
1312870
100433
77747
76297
1316274
1322876
1327527
1331231
1335117
IIEUII
103538
93302
UIOAOAAEUE
115792
EIEOEE
62880
75417
1314011
78534
1322563
77747
1330268
1334622
EUOEIEOOAA
33347
1316507
1321159
70291
72260
93748
59222
41150
86963
89838
1322066
1326532
80385
1331330
1333527
74506
1338977
1346964
1351505
1352246
1352471
1356756
UEOOIAOUI
77747
1362012
UIAI
1355138
1362690
93162
1366405
1370394
68160
44554
1371698
1380166
IAUI
99134
79263
1369011
IAUI
38890
59233
111277
30904
49569
84654
30904
A
OIEAOEAOI
68127
1337910
71130
115792
72361
EEAO
OAAA
1315344
59233
121458
UUUO
1304476
UOUUOEU
34385
35516
1279269
1288522
AAEAOUE
1276852
1285773
72970
1293579
1302627
1302899
1307169
79263
1314397
64973
77862
1316311
115792
1318866
81109
1320723
AAEAOUE
47367
113136
1295790
1300442
62804
86471
1309193
IOUEAAIO
85733
79148
IIEUII
IIEUII
58365
1264856
EEOEAIUI
77862
1258778
1261851
1264504
31298
1273101
1275985
6583
91876
1279656
1282225
1288734
EEO
UAUOEOI
1259402
EEA
86471
50292
40115
1242751
1243039
100852
1251736
EAUU
95888
1232681
71130
1240522
UUUO
1222275
1231476
1232989
121458
79421
6583
EEA
EEA
1224141
89929
1230052
1232854
1235104
86471
1235946
EIOIAO
81109
68160
1222920
147366
1224601
1224838
72529
79263
1234292
AIUAII
107203
78725
93302
59233
80823
1215670
1219674
1226171
50292
77862
77317
1235525
EIOIAO
1223894
1229901
1234787
1234917
1238761
71583
1246985
1253529
55941
EIEOEE
50292
106900
1237785
78725
1245068
IEEEOU
1242354
1248949
1249042
40115
1257296
1265670
1274699
99135
1283534
55941
99134
45018
OOOIUIO
1265930
84597
1273236
1274645
1282923
1283072
111371
1285201
1287267
1293782
1303157
1309255
1317478
1318291
OOOIUIO
113136
1318682
1326801
EUI
1307033
EUI
81109
1309490
60180
78944
74213
1310837
UOUUOEU
OAIUEOO
83711
1265215
1269908
1272610
72855
78725
1274410
99134
61314
89929
1277350
1277960
69312
1287079
1288874
1290009
78316
47367
E
EIEE
99134
80823
50292
EEOEAIUI
1217998
EUA
1197386
1200435
1207993
60180
OIU
1186904
34385
113136
1188109
85733
86187
64973
UOEEIUAIUO
58365
1174724
1177900
1187304
83711
1187324
1187759
IUOO
1185363
1194827
1196783
1204862
1211773
83671
1214946
103538
1216325
1221405
1223711
EAEEUOAAU
1201012
34385
105541
83718
1210543
1212803
79832
1216287
1219581
1226338
68160
IAUI
1225330
AUAOEOUOAO
1201312
1207157
1214841
AUAOEOUOAO
107203
76087
1209826
105541
1216145
1218852
UEOOIAOUI
1204238
57658
103538
1204544
92721
1208826
1215676
1221747
UOAOE
83711
1211114
72239
83718
90690
EAAI
IIEUEAIEI
40115
UII
1196034
1199086
106411
1201915
40115
1208646
1214849
73826
1221692
1230988
IEEAA
1218718
91099
94776
83077
72529
75918
1226597
41042
1228607
100970
1230445
63898
40115
EUA
AAAEU
IA
1162602
55817
1169170
1169904
1178807
1188138
1196925
98191
78748
81274
1197945
1206947
1216313
1225775
1227888
101716
1234321
1238997
1240178
1242276
63893
OAIUEOO
62804
1238028
1247283
1252167
1253371
79626
84487
84597
93302
93202
95888
IEAIOEAUU
1229472
80439
UOIE
OEA
84597
50292
1195231
84597
40221
131319
1195951
1205772
73826
1206465
97916
OAIUEOO
IIEUII
114281
IAUUEI
1151281
1159052
80438
95598
1161859
54621
89929
1168445
1169822
84226
1179380
UUUO
UEAUEI
1164498
119042
67681
1168369
1172927
1179373
1185692
72260
96323
1188490
1195576
65716
54621
AAEAOUE
1193809
83718
1197629
1201596
1208427
1217023
98191
1222586
OUIOIIUEA
IUOO
75918
1172308
1175812
1183741
64973
92002
1188169
1192146
UII
67754
1179132
1188970
AOEAEOAOI
93302
106411
1193002
1196118
1201183
1201807
54621
1211665
OEIOAEOI
1203541
1211985
EEA
1214856
1223575
108236
93532
1231158
1238252
EEA
IUEOUEUEI
1214276
1223448
1227645
1234011
105541
IU
1215192
1222892
63196
117572
1227880
EUOAIII
1218153
1222256
114281
1227217
102066
98330
IAIAAAOUA
72529
IIIA
86187
1202764
1202983
AOEAEOAOI
71794
1180205
1188305
82048
1196013
54588
1201414
1202295
69017
1203146
1210881
1211732
UOUUOEU
1213952
73119
95598
1215484
1215726
71794
1224286
103538
1226987
IAUUEI
1218208
112212
EEE
1195088
1196731
48283
1206029
1209621
1213557
123968
EEE
1216046
34385
88064
1218169
71036
123968
UAEEAE
1200800
IEEAA
AUIIEIOIA
1184310
83284
AUIIEIOIA
1191099
72529
81215
1197376
AOIEIIU
131319
IA
47004
81215
96109
1145800
90771
1149906
83842
1153763
1158796
1159467
AUAIOEOUEA
76244
98935
54588
93029
98191
1156182
1163000
1171283
96109
1178341
1183276
AUAIOEOUEA
1183823
108236
1185721
1187778
1192551
97916
1193413
EA
1177655
1183829
EA
1185416
1186265
IAIAAAOUA
1176669
1178626
1178733
136181
93029
1180700
1183695
UIUOAA
1178654
1181540
87780
45018
114281
40221
1182582
1185309
UIUOAA
1183487
1189786
1197510
OOOIUIO
78811
82048
1172971
1173074
103915
AO
1164438
1172380
1182346
1186470
1186909
103915
1189377
1198498
106415
54588
AO
1203618
89807
1209698
69782
AO
1213273
1215200
40221
122976
110817
112212
1224174
79334
1229179
1232013
1232993
83842
1236088
IIEUII
1234984
1240707
1247888
43946
87728
93002
92002
54588
IOO
1237119
66551
78701
OIOOE
AAEAOUE
1211976
67754
76244
1215104
1222667
1230879
1238876
75075
1247636
1255990
1256293
1259889
48918
1260306
84597
91511
119891
70223
OIOOE
1248794
84597
IAEIAIIOI
1250502
1253209
1261828
1268146
40221
87728
1277589
1285023
E
145823
1267293
1272764
UAEOUE
1270883
1273539
1281538
UUOEUUUUIO
AOEAEOAOI
1255821
1258603
1258712
1267734
1274562
106642
1281470
1288488
1292746
1293881
89807
148765
1300805
82741
120301
1308573
1315890
1316088
1318088
62804
1318362
92912
96411
83483
1320523
103915
54588
1328610
54588
69531
1331117
88056
1337651
139916
1345968
99635
AIUEOUE
1344413
1346888
117572
1349723
55692
1356621
AIUEOUE
70427
1339530
1348373
45018
82741
1356341
OOOIUIO
45018
142188
1339257
1345619
1355255
1356797
128409
78701
120301
EEO
UE
83483
10032
40221
1335855
1337770
1344966
94299
1352119
106415
1360952
AIUEOUE
EEA
1343556
1346223
AOIEIIU
1346162
1349147
AIUAII
50492
AIUAII
1320733
UE
91511
79832
1313644
78811
1321595
IAIOUO
IAIOUO
AUOAE
UOUUOEU
1268145
106411
85216
1277588
1284548
40221
OUUUO
44556
1286913
1287111
OUUUO
UIAI
1263933
1264558
OOOIUIO
1250165
1251592
84226
85216
66551
119891
1260448
1267983
71660
1271411
96473
55692
UAUOEOI
1254870
1261091
155177
1270474
91461
1275059
1275886
1277556
1285437
101768
1294987
1303424
113012
92002
1307436
91511
48918
1312878
UAUOEOI
EIOIAO
1306685
1313257
63631
83284
69549
1319470
123406
1321623
1323171
1327534
144700
EEOEAIUI
109835
1324331
I
93002
1322164
101768
78811
1324462
74213
1332599
IOUEAAIO
1337780
1338666
IAUUEI
50492
93376
1342835
UAUOEOI
95462
1345747
89056
UAUOEOI
IUOIAI
1346546
1349715
AAAAEOAO
1348332
95462
77192
87537
UAUOEOI
109081
1341456
81179
UOEEIUAIUO
93184
107944
74213
1326199
1328187
34385
UOEEIUAIUO
AIUEOUE
74213
156614
104197
93376
77192
1299913
1300051
1302692
65646
1303638
78811
1307140
1316985
1323595
87891
EIOIAO
1296961
67803
1300259
1307552
1313552
1315758
IAIOUO
1302031
IIEUII
1305048
1312011
1315309
116613
1323379
80216
44556
1333251
OIOOE
109707
139916
UAEOUE
91099
92180
1298407
78811
1305029
106411
AAAEAI
1291323
1291875
1294990
1304571
112740
EIEOEE
1305713
1309510
84876
UOEEIUAIUO
EAUU
1267728
1273657
1275936
1283911
83284
49440
1284375
1291370
98117
1300016
1309997
EEUOEIUOOE
77192
1307396
1315916
1325559
94299
98191
1328342
1334115
EEUOEIUOOE
1335297
86187
115261
117572
98252
61084
1342334
1342442
1347444
1353005
104941
1355536
1365526
1371841
UAEEAE
1367052
1371536
108416
1380230
1387104
II
63631
83284
69782
1381383
AO
1379123
1386477
65110
1396216
EEE
1387922
1395064
1398175
1400056
1409031
1414764
119317
AUIIEIOIA
106411
74928
OOAIUOEIO
95257
94719
1398614
98252
1401160
126741
1405557
OA
UAEEAE
1379592
78966
64955
EIEOEE
1363340
1371576
84876
84226
154225
76218
129725
1373719
1379171
1386422
1390245
1394338
1395977
125011
156614
1405284
78748
UOIE
1397724
1399206
1404073
1406166
84876
1414182
1415789
119891
94379
99635
124222
1422999
1428260
99345
81580
IEAIOEAUU
84854
104197
1412827
1414065
149474
1417562
142188
1419182
1423553
149474
1426993
95257
1429435
EEOEAIUI
106642
1409986
1414075
94466
159715
89929
1423574
1431753
UIUOAA
83284
AOOOAEIAO
85127
IAUI
116208
AEIEEOEA
1385192
1387186
1388040
1391833
1394464
A
AOOOAEIAO
1379693
95311
98252
1381571
121509
1391499
1399580
AUUUEOAU
1380194
1381212
1390143
109081
67803
112990
1395080
EAAI
1369887
OAEIIEUA
1363584
1372029
1379395
1384208
AUAIOEOUEA
96365
1366154
76218
1370300
88273
89285
1372756
124222
1378193
142188
1383576
1389027
1396797
99255
1397548
88186
1402992
AUAIOEOUEA
1408335
1412162
73019
1420278
UOUUOEU
1410225
1415416
95918
1416216
1417989
1425569
94379
1427688
83080
1429057
1436328
96411
1445579
38362
OUUUO
73019
1444682
83080
IA
63631
1443407
EEAO
89285
1427506
1430864
EUOAIII
1411453
51083
63631
1414001
1419861
1426349
142188
1429926
1433124
1438255
1439211
99345
EEE
1432551
1434399
UAEOUE
1421179
IOO
84226
96411
1415675
1421142
73019
92002
1424710
1431553
115858
1436448
1443005
1443194
UIUOAA
149315
96346
1428658
IAUI
1411045
69782
1414087
1423560
OEIIUU
73906
1413143
1422582
74892
OEIIUU
105736
90816
1426356
1430990
1439636
83080
114310
1446161
89056
IAIOUO
105736
1440727
1449445
1450986
98548
1456769
EEUOEIUOOE
1456787
74941
83284
IAIAAAOUA
1445691
1449732
100625
1451662
100625
OUIOIIUEA
1425999
1434781
AOOOAEIAO
1421125
1424671
1433308
1440210
105759
96556
1448178
103672
1458062
103360
114310
AAAAEOAO
OEIUA
1416400
97592
1416712
105515
EIEE
83080
75599
1403565
UE
1399711
130339
1402039
100625
1408420
125011
67803
96411
1413323
1420119
116208
70111
74213
1426829
1430934
109520
1433219
96343
1441509
1446129
65099
EA
75358
AOAA
1418900
103433
117704
1423324
A
1401951
1403655
1413466
1414803
1418944
160490
EA
1403226
1410141
IAUI
97644
IIIA
1382783
1387582
101070
1394978
1401455
1405198
IIIA
1405859
1408775
99399
AO
68391
1393668
UAEEEOII
79573
89285
1383558
119259
1392002
1397683
1401099
149315
1401962
132549
EUOEIEOOAA
126518
AOEAEOAOI
1384576
105759
1392983
1398409
IOUEAAIO
1389444
1391328
1399634
1406126
1414512
99255
1423780
39224
EUOEIEOOAA
1413133
1417620
1422322
117759
54588
1424057
99345
1426423
1428530
IOO
1407371
IUOIAI
1403551
117704
130256
1405950
105727
123940
1414611
1421247
97842
1427447
96343
70085
1436816
89056
109252
1442293
1445976
1450504
1455199
1464126
104197
1464195
UEOOIAOUI
96346
1443358
AAAEAI
1444679
1449173
83503
71959
1456164
122931
IU
105727
1456207
1456433
1464361
73019
1464489
IU
1462917
1465831
1473377
1474128
1477135
OAEIIEUA
1465669
UAEOUE
1451029
1457066
1458671
1461413
1464195
84192
96346
106192
OAEIIEUA
1447022
1448999
1458113
1463707
1464814
96346
160490
1466620
101070
EEAO
IIEUEAIEI
135086
IOUEAAIO
1429592
107977
78966
1431740
1431798
1439419
113232
1446620
71959
1454776
1461008
1469744
70085
74213
1476402
1481620
1482333
1487285
1494133
1501661
1510284
1518482
1524300
130339
AIUAII
142571
107159
AAAAEOAO
1508750
84777
1512510
AAOEIIEE
1508334
1508801
90200
1515394
1517507
1525074
1531235
103433
IUOO
1523284
25821
1529394
1536109
104197
1544737
75599
UOEAIEOUA
59843
1528288
152075
74213
1535876
1536829
1544990
152117
1549796
1555528
OUIOIIUEA
67803
1542134
1547761
100871
1553086
105590
1562110
1562820
1565803
1570118
1575464
IUEOUEUEI
1566414
71630
IU
IU
AUAOEOUOAO
77028
1528698
1538539
IAUI
UIIOUEEUI
1536807
75599
1542819
UIIOUEEUI
1546294
83080
1547761
1548493
116957
1554792
1562882
114962
1571872
139375
AUOAE
UEOUUAIII
1550295
1552751
1553325
100205
106657
86623
1563043
UAEOUE
1553014
25821
133448
74213
1559679
70085
1569296
AAAEU
73947
AOIEIIU
107747
167112
1546695
1551388
1554353
1557475
1559734
1567902
86006
135086
IEEEOU
AOEAEOAOI
65099
1538453
1538510
130256
1545751
1547654
109188
1554675
IOO
116658
1536798
103541
167112
1540683
83080
1544850
1550894
AOIEIIU
1553295
1554370
1554967
E
109188
1537134
1545208
1551557
1552615
1558236
1567944
101582
1570203
IOO
1566525
1572857
1581198
97214
1587747
122931
1592164
105847
134509
AOOOAEIAO
134509
167112
1577976
AEAAAEIO
OIOOE
OII
103541
1511325
98002
1518927
1525583
1528853
1534091
1540463
1541330
1544918
104197
152075
EUOAIII
1536893
OUOAI
112740
1537052
157515
1545224
109915
111118
IIIA
1535212
1538587
1540501
1542162
101070
1544429
81138
1552998
1561513
1568246
1575816
OIU
157515
1548688
EIEOEE
162167
59918
1527612
148069
1530106
IEEEOU
1510758
73947
1513039
1520310
1529212
85611
UEOUUAIII
1519761
EUOAIII
1507903
1510239
1512666
1520968
1524008
167112
1526227
AAAAEOAO
1523402
1526816
69710
1530547
1532937
1535463
139015
1539409
125216
OUUUO
1532053
1541453
110967
EAUU
135405
100205
167729
1537625
144269
104197
1538510
74213
IUOIAI
114962
1535751
1540032
87171
116052
1547393
1554016
1559388
1567114
100871
1576265
167112
144269
IUOIAI
124409
1556133
1557262
OAAA
124468
118208
UAUOEOI
1545299
105487
1554143
UOEAIEOUA
1530772
57134
1540112
EEOOO
139015
1518382
116956
IEEAA
1506787
1513179
1514542
1517340
EUOAIII
127668
1507581
1515300
39688
EAUU
1501149
1510280
106657
1510944
73947
1517579
86187
1523330
EIEOEE
UOUUOEU
1488666
1497507
1499384
1500323
1503496
A
111307
117798
1487053
1493182
1500824
161444
148069
1502862
1509478
140570
150942
102854
EEOOO
1494178
1498728
1503953
1510555
84883
1518416
1520077
IAIAAAOUA
129508
U
88892
1507527
79543
105487
132865
1508737
87488
128192
1510101
1516060
111307
1525528
118436
116658
1531220
1535978
117262
116052
114817
1540189
1547868
115607
1550460
1558249
92263
1564961
1565379
1572249
1577408
IIIA
113164
IIIA
61280
1564997
1565881
1574351
1582095
1587688
EIEOEE
1583116
67879
1591432
AAOEIIEE
1585379
117603
1585666
1587119
152075
EIEOEE
177657
UOUUOEU
81132
1561893
1563098
1564302
116956
EEE
1551645
101070
124409
1556934
UAUOEOI
1545111
1553577
EEA
100528
1526936
1536467
1546152
1550299
1555784
119332
118208
128192
1561399
98755
1564865
1569999
1579123
1588612
1589414
117262
120502
162167
1596548
1599507
1603139
1604965
1614536
OIEAOEAOI
1599832
1607593
1614907
1624447
118208
132865
1628543
1637104
120502
110483
OAAA
161444
131708
1625866
UEOUUAIII
100871
79543
99518
EIOIAO
1590946
1594372
81132
1597429
1607143
1611244
1620918
124409
1625485
UUIA
1619959
1621301
1628958
1630754
1633315
1636927
102822
121560
1639023
IOO
1616517
1621969
1629572
138107
110298
OIEAOEAOI
1628143
EAAI
AAAAEOAO
OIOOE
120502
IUOIAI
EEO
117798
UAUOEOI
EIOIAO
101069
1499058
1507854
1516532
1521098
1526067
EIOIAO
138107
1525376
1525380
1531190
124468
109817
UIAI
1504202
EAEEUOAAU
104302
1493267
1493761
1496363
78390
146953
1504763
85611
1505108
1508723
1512022
1518997
1525333
OIEAOEAOI
1511395
124444
110218
98755
89755
1518430
1521612
1522636
EEOOO
1502102
74853
94796
1506035
1511390
181073
1511839
IA
UEAUEI
1472805
136977
95788
141310
155115
1477711
1477934
1481495
1487374
75033
1488050
1495724
1503636
EEOEAIUI
78390
1489463
120502
1495874
1502160
104197
151670
UUOEUUUUIO
1479010
1487635
1494728
1503016
100528
1504261
120502
1504346
1505329
1513252
1513565
129562
1518428
125188
1526873
U
1505383
OEIUA
EAUU
143394
111712
1476600
1482736
100871
141367
1488173
1493766
1497915
1506661
1512687
1519324
1519592
78390
120502
1520323
1528169
1537666
98795
1538543
AAAEAI
1526578
1530552
IUOIAI
147612
1513518
108615
UIIOUEEUI
110666
UIIOUEEUI
AAAEU
OAEUEAU
OAEUEAU
1448941
78390
U
115249
1424641
94796
109961
1427179
117198
1430228
IUOIAI
EEO
106911
1403151
115249
1404087
63010
EEO
119621
106682
1408083
85611
117198
143910
82239
1413917
UUUO
1395598
1400229
1408035
119332
IEAIOEAUU
152075
115654
90228
1397068
162253
112800
110298
117539
87799
135405
EA
1380091
112800
1384439
1384958
1385847
1388096
1389430
1394355
AAEAOUE
1394684
108675
1396770
115030
1397638
98686
1404514
80220
80220
1409972
1413889
85290
102288
93419
1417337
IAEIAIIOI
1392207
AEAAAEIO
100528
104302
1389640
201211
63010
55939
1398795
EEOEAIUI
UOEAIEOUA
1379352
156706
1380162
1381235
UOUUOEU
1385538
85611
131627
1394164
1401064
141310
131454
1410892
1415956
1418423
118603
59938
OAEUEAU
1404290
1413493
OAAA
108615
1416055
106682
108675
111712
1421578
1430105
1439946
115124
1440713
127167
1447873
1451331
1459267
124020
IOO
122541
155760
1438205
1439553
113168
1445562
123654
151826
1452171
164116
OIOOE
146953
OIOOE
90228
1421859
147268
78390
1421922
129562
1423393
80348
83021
1424527
1427968
1429025
1435092
102288
UOUUOEU
EUA
1405682
136390
1407343
1412053
1414403
145982
111712
OEIIUU
117198
1413578
115906
126841
96384
143910
114106
IAEIAIIOI
1409869
IAEIAIIOI
105692
1414252
UOEAIEOUA
1407339
183198
1407997
1408797
108675
1415402
1420264
1421708
1427331
1427453
1432843
1434035
UOUUOEU
59938
1431527
1432140
1434861
1437720
1442719
1449962
157515
132208
UOUUOEU
1457418
EIOIAO
OA
1429383
1436961
1442553
AIUAII
1429008
100871
1438763
1446803
82949
106911
1453265
1458607
115906
1464509
86897
178709
115124
1468628
69382
151826
1472802
191723
1475634
1477919
1487207
1488798
EEOOO
125713
108615
122163
1470479
1478677
157515
OII
OIOOE
146953
1455002
1461742
100528
OIOOE
1459074
157674
1461216
EA
1449702
OEIUA
IIIA
1412978
IOOAOOI
153624
IEEEOU
1379120
157515
1386287
116658
148708
1388134
1390752
1394331
145283
91518
1401407
1403515
125713
1412918
IEEEOU
1417976
EIEE
90994
1413029
1422170
1426659
85885
EIEE
1425444
85290
IUIUOAOAU
112800
1405373
95041
EIEOEE
151826
1386294
118694
118694
116658
72890
1391818
1397892
1403232
1413090
93959
145422
1419150
1428535
1438301
97423
1445449
122764
1451427
113671
122764
IOOAOOI
87799
1450083
86897
1453303
1460455
1469620
153584
1478600
104487
UUIA
1468619
IUUO
AAAEU
1442650
155213
1449539
85885
133535
1456297
1457900
1464873
1465769
1473313
1481437
AAAEU
1481108
1482807
1488848
133535
67879
147159
1497945
109208
1502101
122764
IAUI
108722
178709
108722
1482581
A
1485643
122163
106813
111712
1488121
139593
129063
1496526
1503756
EEUOEIUOOE
181130
1493757
1503589
1508998
EUOAIII
148708
1501459
1509748
107408
OEIIUU
113631
UUIA
1492156
125713
195094
1499391
131376
1508605
UEAUEI
UEAUEI
1487267
1494744
140012
1496437
II
164973
1490716
1491239
1491822
1497433
113631
162225
164973
1505664
83021
153624
1509313
148708
1514318
1521519
1524630
117469
UAEEAE
138201
AOOOAEIAO
128899
1494039
1495925
1498055
1499981
104557
1501889
108675
1504605
1512204
1516027
EEUOEIUOOE
109208
1508236
164973
1510978
113631
1514034
UAUOEOI
1499951
UUIA
128020
AAOEIIEE
1480461
1487355
1487696
122163
131321
1494318
1495697
AAOEIIEE
152075
1496888
77684
EEOEAIUI
UAEEAE
157674
181130
UIUOAA
1461590
1465496
1470343
1470845
1475832
1477469
108902
145283
86150
1480930
1488773
1494026
87799
IAOAUIOUUU
1485108
1491945
72890
1500587
1504150
UUIA
1500423
1503131
1509943
108902
1512532
1514944
1522497
OUIOIIUEA
138201
73681
AEIEEOEA
1487509
1490800
116658
62271
153166
135422
120861
1496479
157515
1501129
1505755
E
154391
138201
E
109405
164973
87799
1483114
1490346
OIEAOEAOI
117173
1465324
1471660
1474089
UOEAIEOUA
133535
137542
UOEAIEOUA
111029
1465063
109405
1470286
109972
152541
UOEAIEOUA
112676
AEAAAEIO
90032
153584
126892
184000
164973
UOAOE
135840
1452689
109731
128369
164572
133535
1461777
UOAOE
UIAI
1445901
127439
154391
1452739
IUUO
1451704
1455653
1457506
1465651
1474324
139216
62271
1480098
1483923
OEIOAEOI
UA
1462939
153624
1464083
IAIAAAOUA
EAAI
1446778
1448848
126892
105322
155861
106110
128899
181130
UAEOUE
125597
155861
UOUUOEU
OAIUEOO
124127
1415377
125943
1415392
1417352
AUAOEOUOAO
AUAOEOUOAO
AEIEEOEA
160559
1388477
152541
1395191
134895
179919
1395397
1397538
117469
1407125
124907
1411744
AEIEEOEA
1417717
128899
AO
1395118
1401442
123434
1404181
1408222
113671
72890
1413793
1423563
1426371
UE
1408058
1413764
1419655
90032
137542
131068
1424087
112676
1430497
1436005
155861
102354
189403
UE
1434395
128010
EEA
OEIOAEOI
111712
IAUUEI
1383256
1387845
1390069
1395413
1395897
AAEAOUE
1373599
143784
1382564
IIIA
1385317
1388685
1390912
168187
123367
AIUEOUE
1382080
AIUEOUE
I
1355687
1357364
83021
122633
1364650
126905
IOO
UIOAOAAEUE
1326279
1334244
1340298
1342720
1343954
1350012
123434
153239
1358709
IAIOUO
147949
1339632
131376
124256
1343208
EUI
157515
1323030
168187
1331969
118812
1338226
125943
1347707
92395
1349797
IU
IAIAAAOUA
UII
1301870
1306802
220594
107821
101732
1307552
1314638
IAUI
1291940
1294362
1303937
136662
170092
169321
1312116
1313318
1313358
1316174
1324173
UAUOEOI
1319508
1325408
117878
1325648
1335583
1336640
1338230
65570
1344616
IUIUOAOAU
106023
1336868
1340397
179919
126892
1346484
1353594
160981
IUIUOAOAU
1359089
1359154
144620
178655
OAEUEAU
1337484
1342821
1349907
OIE
102354
145077
1341726
1344510
IIEUII
UUIOOIUIEA
161093
1320235
143784
UOEAIEOUA
1303102
158572
1310953
UOUUOEU
1313706
1317728
AOEAEOAOI
UAEEEOII
UUOEUUUUIO
OIU
1246730
155861
EEUOEIUOOE
167340
1242167
124253
105322
1247544
73621
1250528
1259231
136662
135176
129363
1262261
1268088
IAUUEI
1255490
136662
1255774
1256394
1259971
1263620
113831
1265644
145051
1272624
179734
87799
101732
1277225
160981
1277423
1285371
1292685
1293309
95909
1300745
111712
1301441
1303479
AEIEIOIAU
1283055
92906
1287177
1292659
1301671
1311130
1316672
1320723
IUOIAI
AAOEIIEE
1313205
1316300
IUOO
UUUO
204797
UUUO
83021
1288882
EEE
EUI
1256204
1258019
140285
1264837
204797
1274343
162069
1281196
1288839
1296571
1303199
154112
OEIOAEOI
113048
1288457
135747
OEIOAEOI
90084
1288448
133349
IIIA
1292098
1299001
1307241
1307668
1308003
1314635
1317896
1321562
129363
101732
162199
1325102
1334881
1338460
IIIA
128598
122566
UIOAOAAEUE
UIOAOAAEUE
106816
1313652
UUUO
1308063
1308942
1316291
101732
1325124
1331276
1333351
127706
154924
110180
1342688
143784
1347817
133926
173127
175348
1350105
144635
141922
152541
1355992
1360332
170431
EEO
134706
1338603
1344071
IIIA
1337712
1343244
97344
107821
88499
1350479
1359010
1360934
107821
118812
1362150
1363126
113432
1371826
1381657
220594
1389720
1391332
1399008
122987
1403609
I
139867
158572
EEOOO
119171
1381057
119171
116658
1381065
1386283
90084
161971
1393506
1402592
1405286
IOOAOOI
158572
1388175
1391350
1400280
1401995
UOAOE
1379387
1386476
1387283
85528
1388845
1389922
1390954
1400173
1404597
127706
144620
131376
1413933
1422506
1431860
135176
1438442
1446410
1455170
1461238
1464606
122987
IEAIOEAUU
90084
1456595
155325
1461452
1462407
125597
100975
1466523
147128
1475032
1478847
1482114
100823
192861
UEOOIAOUI
1470675
83021
OIEAOEAOI
135176
1466816
1471961
160981
1472227
97344
1476421
1480213
1489225
AAAAEOAO
1466460
100823
154216
I
129363
1460717
161971
AAAEAI
1451178
175348
1453089
1453122
1461208
1469833
1469984
E
I
141935
141935
1419037
92259
176185
1420026
1425454
1429004
1430380
1439629
IAE
EAAI
88928
1419651
176491
1421717
IEEAA
1412979
AIUEOUE
1400929
1408416
145193
188714
204797
160935
145193
178655
1417204
140285
1424436
1427082
UII
1416054
1421505
1426028
127706
AIUEOUE
1425062
1427339
119171
1432638
90084
1435693
1439958
127266
1441233
1443871
145193
154216
1447770
UAUOEOI
1433745
OIOOE
1423207
1431055
UAUOEOI
169827
1422957
162069
1426286
104798
1432501
1439021
II
1433153
1436062
132564
126905
106361
1439216
II
1438593
144620
1447045
95822
119171
99416
IEEEOU
139867
163644
IEEEOU
1438517
OUIOIIUEA
176491
1423312
167340
1424514
1430054
OUIOIIUEA
1437718
1441352
145054
117467
1449423
1456405
90084
91108
1463591
1469504
1476544
162069
106361
EUOEIEOOAA
121007
1469805
1478032
1479221
1481731
1482543
1488766
1493667
UEOUUAIII
160981
197302
1484916
158003
1492125
131332
1496487
163857
1501936
UUIA
83021
AOIEIIU
1479590
91108
95822
1481604
1483339
EA
1474711
121346
1477276
1477485
1485520
1491172
1496806
1502221
1508576
130856
1512771
100823
1513506
179732
117469
168270
OAIUEOO
121007
196267
AAAEU
166814
1480704
1480813
EEE
1469785
1475318
131332
1484534
154112
1488840
1498313
177777
1499270
1507402
131332
121346
1507526
121007
113266
117928
1513528
1518868
113432
1521427
1522922
1525061
1528849
178655
1538674
1542040
1548279
1551881
1560797
231412
OOOIUIO
163839
IAOAUIOUUU
1527733
1534307
1536597
1538977
139231
1538985
141596
1543481
1546116
IOO
145054
1547382
112056
OAEIIEUA
1541043
1549819
OAEIIEUA
1546431
IEAIOEAUU
1539329
158003
1541166
1546083
1552019
II
1541827
117469
1546315
1552785
AEIEIOIAU
AUUUEOAU
116658
1518489
AAAAEOAO
147075
1513713
115886
1513928
1516639
OEIOAEOI
1514096
163882
166814
AAAAEOAO
AUOAE
1480943
1487284
1492282
147167
1495882
AUIIEIOIA
1494337
1500818
1507866
231412
139231
150640
1517215
97264
UIAI
1505700
1513724
IUOIAI
142971
1505825
134449
1507222
131332
131376
1512179
1515817
172311
1523575
165936
121230
163839
1530386
150640
1534999
EUA
UOUUOEU
99416
UUUO
1522283
1531653
1539965
EAAI
1525427
106973
1533397
1534893
UUIA
1517867
IAOAUIOUUU
157747
1493631
132566
164095
EUOEIEOOAA
1486578
139231
109229
1488592
1490414
EAUU
1479777
1483400
1483849
AOIEIIU
157747
1478696
1485590
157747
IIEUII
1484351
140142
1484909
1486354
169464
157747
1492754
109229
134489
OIU
1486192
1488783
1489312
IOO
151570
1492049
1492936
184221
IOO
1493325
117928
168191
83021
IIIA
175050
154216
1474119
1483626
1490718
1499930
AOIEIIU
164095
1493123
1501692
OAIUEOO
184221
1494993
1504466
1506810
1508077
106816
1511918
1512701
OIE
127266
99939
177449
188988
145605
1513263
1513697
1515268
121441
I
1500829
1509411
1510355
153488
1515476
1516102
1521242
1526206
1528113
139231
1535846
1539151
1545294
1554969
1562405
169567
1569989
1576973
1579001
1582022
1591169
163882
1600310
204797
1607896
204797
142104
131376
130856
UUUO
AAOEIIEE
1586023
1589761
118696
151907
1590733
1598691
1601893
AOAA
196267
1590212
1599770
1605101
1610745
AOAA
1611106
1614118
1615844
1620298
1625432
UOEAIEOUA
131376
1623077
OEIOAEOI
171837
153488
UAEEAE
1586034
IAUI
184221
1574971
121188
180162
1582374
1586795
1587133
1595261
1600345
1601336
1605701
1606337
1613551
129477
1618991
147482
1622807
127499
AAAEAI
1608909
151913
1615123
1622876
1626442
123203
1628297
1634775
106437
1635298
167927
1643159
133349
1648289
1648781
1654147
172369
1655881
1665397
169567
1666370
1670257
1673011
1678912
212745
119171
1683299
1688793
1697569
202102
1704185
145605
1712111
IU
127266
113266
231412
136480
1714655
141792
117469
147953
203048
1717204
IEEEOU
1694325
IA
119171
1679555
164095
OUOAI
169781
1660715
EEE
122839
169915
1652908
IUIUOAOAU
1633726
178333
131376
118817
IA
1632794
1635897
IAUI
141792
1636281
171837
1644147
148434
1649964
1659272
171907
OIOOE
98011
157747
1649502
IAIOUO
122839
1624186
1629790
212745
OAAA
UUOEUUUUIO
158732
1595069
209901
OUOAI
175849
106437
1592067
1600808
I
1588101
OAIUEOO
113266
137750
124818
1575162
1584883
1592668
1597963
1599336
221738
1600705
113432
1609230
202102
1618078
1626679
1633404
1637438
IIIA
1640110
1649508
1657953
UEAUEI
167927
1646222
156306
137750
E
1633137
IAOAUIOUUU
1613144
1615489
1623707
170912
1626180
AO
1610388
1615684
1616914
1622535
196179
UIUOAA
UUIOOIUIEA
IUOIAI
1601280
106361
141544
1604020
1613948
1614337
EEE
153488
161094
1604220
UEAUEI
1580524
1586228
1592224
1597442
171907
IAUUEI
176459
EEOOO
193440
1554289
191675
193440
1564056
1568306
1574434
1580885
179604
EEOOO
1583369
1583831
196179
1584324
1584987
171780
EEE
1568141
1574976
1582193
1584308
102069
IUUO
128307
1580850
AOAA
1565788
145666
120733
1567874
1569539
IEOAIUO
169915
153628
98011
141935
197688
1560774
1560971
1562351
209901
193440
EUA
1553175
1559990
1562044
1563827
137678
EUI
1569434
1571688
1573660
118817
EAAI
151570
131734
UAUOEOI
145666
1532248
1532527
UAUOEOI
1536995
1539913
1541216
1544286
EUI
1530519
128307
203223
IAUUEI
163857
IEAIOEAUU
IAUUEI
IAUUEI
EUOEIEOOAA
1465168
1473341
1479128
184098
175972
98011
1486029
222714
1490553
UOAOE
1476231
1483491
171051
1484718
128307
1487669
152005
100559
1490567
191675
1498121
1505198
1506032
131398
123203
209901
1506408
149729
109765
1509841
1513307
1521172
175849
1529424
178047
1538372
UOAOE
161456
142533
135299
1542327
IIEUII
1540064
1542176
119839
1544173
1544889
1552845
UOUUOEU
1538564
130274
163857
112881
1544698
AIUAII
IAUI
1518553
1524538
1529471
1532090
123556
1534371
IAUI
1531556
175849
1536813
114988
143197
116487
1544217
A
166732
1530351
1539588
1539603
199088
160935
156306
IEOAIUO
UIAI
1505262
IEOAIUO
AUAOEOUOAO
106970
1492494
1494036
160935
219446
138787
1495054
1495148
1500381
209901
1503264
OOOIUIO
UEOOIAOUI
136480
161094
106970
199088
170897
1478766
1486708
209901
1489248
189028
118817
1493243
1493731
IIEUEAIEI
170897
171907
1496232
1504011
127874
1508031
1510308
1516712
199622
124367
1522464
1528388
1529907
125808
1537328
1547129
183579
1556601
92071
AOEAEOAOI
92071
125808
170753
1547125
123768
220112
1550831
131734
1553972
IEOAIUO
1549700
IUIUOAOAU
OOAIUOEIO
189028
141935
1540612
1546125
1554790
165038
1557469
1558244
209901
1566728
1572407
UEOOIAOUI
127874
126066
133434
IAOAUIOUUU
1526748
153628
1532364
147485
1539720
1544782
1546822
130853
EUOAIII
147151
98660
E
1506156
UIUOAA
100466
1482411
1486487
133640
1494060
1498651
1502048
136480
151570
104363
AAOEIIEE
141935
131376
1495391
1495879
UEOOIAOUI
191675
98011
175849
1499324
1504193
1507005
1508771
1516275
1522396
1526609
UAEEEOII
146666
141935
1525191
209901
131734
210761
1534484
1536288
170897
1542420
OAIUEOO
164021
1527241
UAEOUE
123534
1522472
1525185
138787
1531164
UIIOUEEUI
166732
231119
170897
152005
1509315
1511218
222823
1520331
1520673
1530199
1534224
1535849
1545287
1550810
1551026
I
131173
135679
1548187
1553275
1556287
96393
1562506
131173
1566539
OIE
240761
175849
175849
131734
1550096
1559325
1568088
165724
1576808
186499
1583663
1592395
125808
1598215
153414
UE
EEUOEIUOOE
1578507
OAEUEAU
203223
AEAAAEIO
IA
152014
1525988
1526423
167927
207513
1531167
II
1507700
1514977
133922
1524041
180538
AOEAEOAOI
202274
203223
130185
1496156
192706
1504408
1507050
160612
1515349
126066
128790
106970
1524902
1534203
100466
1542419
186420
169705
102624
130185
179655
1544663
153836
1546754
144607
1553615
1563082
188389
110015
1564151
1566889
112881
EEA
1553643
1562169
166732
155880
128790
1568320
1577436
110015
169705
201198
1580082
138067
1580866
183579
1588585
OAAA
1590313
170897
1592316
139418
106970
147982
EEUOEIUOOE
1593510
IIEUEAIEI
1569346
226315
171907
1570911
1571656
1575338
1581737
1589070
1595133
198788
157792
1595174
1602286
1611573
155880
1615406
1624250
219460
171051
186420
1627815
UOEAIEOUA
1622853
188665
1626016
1629533
119059
226315
1631112
1637128
153836
1645794
186499
170912
AOOOAEIAO
1625688
164021
171907
119059
1631831
1634492
1642396
1646983
E
132776
1635362
164021
1642785
166732
208191
1650492
1657472
222823
1659943
126841
1661299
IAUI
1639971
UOUUOEU
183285
UOEAIEOUA
1594881
1599635
139781
1599922
1602557
1606659
247426
160935
159540
UIOAOAAEUE
1592365
EUA
170897
1573694
163803
UAEEEOII
UAEEEOII
EAAI
1547073
1550169
189867
1551032
1559479
1567135
1573341
EAAI
1572367
1577340
1578359
185675
1586058
OAEUEAU
1581887
1584397
1589306
UUIOOIUIEA
1587665
1596554
1601492
1602711
160935
OII
1596037
1602387
1605885
1614677
184523
1618431
1619797
163115
210153
1623866
157455
157792
132095
IIEUII
163803
189867
1610075
AIUEOUE
119059
125572
1602413
112763
185053
97610
1607094
153836
189960
222714
1608861
189867
1612483
1615153
1618651
1619378
1623926
141780
1630552
1636352
161020
163493
1637172
1642879
180053
EEE
229018
123768
132095
194083
1640042
163493
1641064
155421
OAEIIEUA
1620182
1621118
1626271
AO
1606232
1607613
1617420
1624431
1631894
128664
1639152
1644605
149585
161020
163803
UIIOUEEUI
1616510
1625960
159853
163803
1626731
1634589
1637806
1647294
1656438
169433
1658249
114988
1667675
U
193044
AEAAAEIO
138309
1647042
161020
IUIUOAOAU
1644165
EEO
1628902
1630784
IEAIOEAUU
1608877
216371
1611456
1615526
174045
175972
169705
234760
1621683
I
UII
1581326
1590968
1594429
1594761
104466
170037
125572
216371
1598035
1598330
1599325
1606826
1615195
IAUI
1606218
132174
IAUI
1608367
1618030
186124
1624567
228883
1633112
1633977
157455
1642824
1649858
1657124
153972
97610
UEOOIAOUI
175385
233710
1653748
1659868
152005
UEAUEI
138067
1650038
1654497
146666
203223
1657177
1657528
1660077
1669664
231681
AUAIOEOUEA
AUIIEIOIA
OOAIUOEIO
1634743
184789
1638816
172076
1648253
1655023
1657430
1661058
138309
1665125
112763
1672438
1676697
1681998
1688331
231681
151515
1697434
152005
EOAIIUUEI
180538
1689084
1694020
1696416
132095
1702611
1710182
1713491
143412
IAE
1717742
169705
1726090
146323
1726209
1726222
113067
157455
180053
113067
1727471
1737236
1737792
1741101
114988
1742049
97610
AAEAOUE
IIIA
1719380
206109
1726390
180538
149585
1731488
1737851
EUI
186420
UIUOAA
202348
127324
1716583
1717667
160612
1722004
1726571
AUAIOEOUEA
199073
IIIA
130185
128790
1689943
UUIOOIUIEA
1668710
186420
IU
132297
1653832
122490
1656665
146773
159853
1657428
1665635
184789
1669799
1670956
175774
205308
UAEEAE
223687
1668203
122490
1673841
218719
1683699
1690434
OIEAOEAOI
180538
1687456
1695012
1702956
1703200
231681
1706375
1716338
AEAAAEIO
1704231
1708925
160612
1715605
1723856
132174
132297
1728598
1738193
IUOO
E
1698665
160612
AIUEOUE
1673165
1678848
1683671
OIE
1671418
1674246
1678919
1686817
122490
184789
1696342
1703956
157648
219942
164270
AAAEU
164775
A
1684637
1688094
UOUUOEU
126663
EUA
208262
1652290
205338
1655485
1656116
1661062
EIEE
1652894
IU
1652603
1657872
1659023
1665241
1667923
213234
IOOAOOI
1653943
1662648
130069
198788
1666122
177583
178157
1669904
1677435
1679353
156687
1684352
1693101
1701750
A
164775
174390
UAEEEOII
1671219
1680183
OIEAOEAOI
1658604
1661928
187126
1665477
1673483
141172
171908
137186
AAAEU
1651300
IOO
IAUUEI
1619775
1629629
1635128
149865
133962
1644191
1652852
1654104
1660404
1665762
1666822
166405
1669083
AOOOAEIAO
226818
120719
1655669
206109
1657782
198788
1660255
233710
1664637
1667565
1673922
125175
175382
1679849
169712
1686996
1695855
1705315
130069
1712707
1715499
149865
134058
141320
1725167
UOEAIEOUA
1715069
1721919
1726419
1730827
1738933
1739313
1744654
UAEEEOII
223687
1730953
1737365
OIOOE
EIEE
1700019
1705680
150288
1710556
1711017
UOAOE
174092
1693659
UUIA
1699715
158785
142637
264384
AAEAOUE
148739
180142
1676150
1678329
170328
AOIEIIU
1654083
1654213
1661622
1662676
1671306
167450
125849
1677879
I
1672159
IAE
135479
218719
177583
125849
138067
154545
171908
1668164
122490
243012
225251
OAEIIEUA
1644938
1646610
97610
1651669
1660047
1660971
126045
222991
162866
IAEIAIIOI
OII
1627968
126045
97610
148739
1636414
UOEEIUAIUO
1635792
1637089
1638770
UOUUOEU
180142
1614174
1614878
1615290
OOOIUIO
1610872
136990
1614233
185204
IUOO
EAAI
IUEOUEUEI
204815
1546525
1553535
181602
157737
1560830
1565109
1568187
AUUUEOAU
1563594
1573172
1579024
1582968
1586370
210999
1589070
129208
1592507
170354
IA
1581258
1588181
1596025
1600892
1607750
1617300
IA
1622754
1628666
1632191
1641442
206109
1650301
199590
1659061
176009
138067
269660
1662737
1670355
1677939
IA
209316
151369
1678594
1687203
1694846
137181
103432
151369
119430
EEAO
1680171
142611
1685984
1690429
231681
1696817
1700202
233710
199590
97610
IA
1688142
181602
1694895
1704396
1704434
1709787
152485
AAEAOUE
204815
1682825
1685437
269660
1689838
IAEIAIIOI
1689707
199029
1690112
1697437
243056
UAUOEOI
1694138
1696209
1701116
193924
1709979
231681
1714842
AEIEIOIAU
1717491
136990
1724797
1732194
1734211
155738
162954
1740141
1744484
220305
180344
210360
178095
IAE
1725709
1733997
129208
200976
1736307
OAAA
EEA
174045
1709924
1712919
1714125
1718415
1720790
1730776
148739
UIOAOAAEUE
IIEUEAIEI
UUIA
199029
1673130
170621
1677557
1682662
1688584
1690179
1699580
149039
1700176
1705321
135741
1710760
1713886
1719710
1725317
124115
AAAAEOAO
OAAA
AAAAEOAO
213197
141356
180142
178913
1665309
213197
1667586
1670062
210999
180344
1678707
UIOAOAAEUE
IIEUII
1652068
170354
1653456
219147
1655598
194429
AIUAII
142273
151369
159507
1632485
178913
1636740
1640565
154545
1644941
134297
OII
1619160
151515
1621087
213197
1621440
239059
1621947
OII
151369
175774
120499
1621715
151515
162845
1625406
162845
138948
1628926
1638007
176193
1638945
170898
179109
OII
141345
1637292
194429
1639943
162845
180053
UOIE
1624827
119413
181602
EA
149836
1600702
200976
239059
206109
EIEE
1592370
1601719
1610913
1616869
141967
1617094
1617767
1621568
112221
1628303
1631523
210881
206109
OA
1623048
1631881
EOAIIUUEI
1623839
1633558
134981
1637166
1638558
1640490
1650394
IUIUOAOAU
1626783
179537
IUIUOAOAU
173078
1625717
1632272
221968
1635008
149039
1635839
UIAI
151709
1615624
151369
240325
233710
1616121
219249
204527
1619356
UEOUUAIII
1599768
1600299
144533
AAOEIIEE
1580919
1584691
120499
1586867
1591109
156522
139978
170328
1594994
112221
1603727
1605617
242826
173462
1613557
1621678
210881
178095
174045
EUI
1599396
127205
1600361
1602892
145778
OOAIUOEIO
175774
1594052
173462
1600316
1607160
1614649
138067
AOIEIIU
1603862
159492
IAUI
EEO
185543
226577
206015
1583038
170354
1587881
154746
1597811
1602096
1604883
134981
1611929
133876
EEO
189979
1616349
1624532
OIE
1612524
EEUOEIUOOE
1598912
1605706
145778
189666
181583
1608159
1613798
172406
1615218
1618835
1621178
1626555
138948
118416
170328
IAUUEI
1612507
170354
1621296
141345
141345
1628250
172406
195365
1637268
1639866
AIUAII
1643492
UA
1624904
EEUOEIUOOE
183238
1601212
1607817
210881
1615951
153943
141345
AEIEEOEA
1604686
1605048
194119
1611425
UOAOE
AAAEAI
1569889
1570676
1579712
1588658
1596240
160391
1598602
151682
176193
208695
1601171
1601972
189532
1605244
1607171
1612883
225600
UOIE
1612818
1615909
1617165
213407
1621800
1623842
163177
133876
1624107
1628065
1632492
UEOUUAIII
1611375
225600
1618312
175264
UA
1608870
105389
UEOUUAIII
1601552
1608143
175774
1613926
1618955
242826
1628373
1629126
1637659
1641513
UIOAOAAEUE
1631376
1637284
OUIOIIUEA
1625128
189532
233710
IEOAIUO
1605219
1606058
187489
223393
UOAOE
218061
1595778
1604794
160564
197357
195365
UOAOE
1607479
IUUO
240325
187489
105389
1588290
IUUO
UA
1589143
1595100
UIAI
175774
OEIUA
1569614
185983
1572028
1579563
222225
1581666
OEIUA
1584234
1588037
222225
188960
1592724
170354
215937
153943
211585
OAAA
1583244
1591646
1595596
1603564
120630
EUOEIEOOAA
189255
1582556
IAIOUO
127761
1584227
1588212
1589975
148611
IAIOUO
1596249
1605657
246684
176193
1612107
222225
1617539
IEOAIUO
156958
223393
1602736
1609850
1618914
138067
IAIAAAOUA
IOOAOOI
134163
212617
1591150
1598720
1602465
178252
OOAIUOEIO
1587102
1588854
1598214
1605638
1611635
1611886
1613224
1617272
169846
OOAIUOEIO
1620146
156958
199524
185983
1630018
EEA
1630779
144533
1632920
1636376
1637856
1647470
1657464
1660811
1664704
1670935
175644
1677695
1687401
1696482
133876
213073
1705243
EEA
UOEAIEOUA
1683818
134981
186872
1693203
230140
1701236
104946
EOAIIUUEI
1685638
216955
183198
1686192
EOAIIUUEI
OIE
1658828
153943
171254
140210
160391
138067
1666451
OEIUA
1648024
1651454
148611
1659511
1668474
178095
1672497
1675810
1682054
204923
223393
1682376
141345
171254
OAAA
1658136
1663016
1665791
1668588
1676791
1681120
183238
1686040
1693166
1697125
1701991
1702621
156570
UUUO
197357
151515
1698644
127761
160564
IUOIAI
155519
1687804
AEAAAEIO
1673072
222225
1675828
1683735
1689494
187135
177234
1698812
1700370
1706666
234287
1707631
UUUO
1710740
1720705
1725832
1725921
1734546
183198
IAEIAIIOI
1733195
1735319
1737620
1743471
1745991
229479
1755119
1761898
242826
222077
EIEE
UOEEIUAIUO
155295
1739902
127240
1743920
179537
1747402
187135
189255
235513
222225
1750477
212617
1751738
1757332
204858
1763721
1766954
AIUAII
185637
IAUI
1752867
1760843
156958
1763785
1766439
249325
OUUUO
179537
228528
125432
201031
1771288
IEOAIUO
185983
1752814
1762291
259286
1771227
IEOAIUO
189255
AEIEIOIAU
1748922
127240
222077
1753025
208076
216955
IIEUII
1747563
134981
1754452
1759832
1768640
1770685
1772497
1774053
172942
175264
189255
1783737
1793017
140210
EEOEAIUI
1777373
IUOO
230140
1761887
1769494
OUUUO
171954
1765933
1770086
1776910
1779283
1783525
212617
185064
1785743
1788323
EEAO
1775889
160564
1781084
IIEUII
1771601
1772816
127761
204583
IIEUII
179347
1774514
220816
184227
1779204
UIUOAA
188896
160391
106000
UAEEAE
165480
1747549
1750605
1753459
IIEUEAIEI
1745125
199239
1752531
222580
110388
160564
IIEUEAIEI
E
157337
1733572
OEA
189979
1722328
OUOAI
201031
AEIEIOIAU
168662
166433
242826
135017
120176
1686136
EIEE
1683554
192970
1691298
1695721
1697333
1703220
1708769
1715151
148611
IAIAAAOUA
OEIOAEOI
1676347
OIOOE
1659904
173515
1668523
EOAIIUUEI
171954
1643604
1651685
EOAIIUUEI
IAIAAAOUA
1614685
1621670
1623187
1626621
182181
1633772
180193
204583
1641631
1651550
1651898
196337
1654006
1662483
171954
191161
1663570
IEOAIUO
1653893
1655863
EEUOEIUOOE
1646470
EEUOEIUOOE
177563
UOEAIEOUA
1627488
1627986
156958
151515
1628031
1632481
1637351
235513
1637838
243047
IIEUEAIEI
171954
208076
1626306
1627184
1631174
1634976
194976
1642237
1643524
UOIE
184227
142563
1634215
142563
1643787
139346
IEEEOU
1621060
UEAUEI
1600350
247733
1603765
240539
199382
OA
1599927
152394
219912
1600504
1609564
1617458
1625252
1633432
UEOOIAOUI
1612841
1616559
1616923
253647
1621295
162105
1631070
1638150
172100
1646449
1647500
1653691
229479
139346
1659705
1661215
1665319
1670719
1678938
1686554
161724
1694037
1702865
156917
1706232
1710952
1711470
240539
193034
199449
1716446
1717570
172103
223528
1721798
1722365
1730447
1736769
1743632
184227
195544
OA
1729964
1734777
178046
172103
1735784
183356
1736177
1744508
139346
1751211
253765
1751798
173515
199382
199167
1757454
1758643
1762347
175188
1765833
1768175
1771556
1776694
143888
IOOAOOI
143888
EOAIIUUEI
1750908
AUAIOEOUEA
183356
1741360
EIEOEE
1747019
1750544
180220
AUIIEIOIA
AAEAOUE
193034
208762
IAUUEI
177563
IIEUEAIEI
165919
1697071
1698340
1704133
1711066
1719208
1728258
1733727
IOUEAAIO
188546
166825
1724259
IAEIAIIOI
1708099
1713676
176418
229717
AIUEOUE
1709777
1714855
1718841
134981
155880
1728634
1730472
OEIIUU
1710774
1711155
1718165
1721077
1726240
134981
1727917
199167
1735728
1743949
1747276
172942
OEIIUU
1747659
1748433
190515
1749224
215317
EUOAIII
1752491
1759784
UOUUOEU
1755971
153405
1761189
1765927
1774958
1780794
224012
1782307
231411
1791508
OAIUEOO
158726
IAUUEI
135605
145624
1777912
181823
1787504
1789425
172103
1796739
1802711
239033
231137
1806033
1806142
185064
1816123
1816497
1817586
1819660
1824177
161441
1831457
253647
1834520
1842519
190375
OEIIUU
1841701
1842554
143888
1850863
IOOAOOI
155880
233125
162105
1840252
OAAA
1819771
IEEEOU
EAEEUOAAU
162539
OIU
1781838
199382
233489
1790686
175170
185064
151624
231411
1796015
1799418
243554
189979
201084
1799832
1801271
UUOEUUUUIO
1787808
1796362
1801771
199382
185887
IEEEOU
UUIOOIUIEA
1759807
1761750
224689
1768506
1775941
1782334
179541
172942
1791250
1798310
160276
222580
196041
IAOAUIOUUU
AUAIOEOUEA
224689
1772121
209564
184105
1773292
EUOEIEOOAA
260538
199971
228651
1751862
1756339
243554
180193
240447
225471
226994
185887
1763709
1768479
EUOAIII
1750618
149703
1751608
196827
178046
UEOUUAIII
158726
1755145
1755645
196041
AO
1756891
215172
1765004
240539
165958
182181
UA
253765
1745048
189012
IEAIOEAUU
1749315
201084
201084
171371
176166
AOEAEOAOI
1735618
AOEAEOAOI
1733469
1740477
1745856
UOEAIEOUA
1728383
1736869
235588
1744588
1753232
1758450
170573
224692
190515
1763443
AAOEIIEE
1765920
1768051
189979
OUOAI
1762973
228174
1763758
1767390
EUI
1745040
EOAIIUUEI
188546
241914
1735622
150113
240447
178987
1743789
EEO
189012
1732578
EAAI
135605
1729999
OUOAI
228174
144216
1731172
211998
241914
OIEAOEAOI
255328
252368
1726351
225471
IIEUEAIEI
182632
1701948
1707525
169135
225471
1714170
UUUO
1700012
1709028
IAOAUIOUUU
1706685
1715347
IAOAUIOUUU
1716702
160451
228719
1718198
1720572
196827
252368
1724984
1729323
199760
118921
IIIA
1720103
1726825
231137
IOO
1718780
1719759
169135
1728293
1737178
1737829
IOO
165958
150113
156080
1742902
1752648
1758768
OAIUEOO
156183
1754152
1758159
1763533
241074
1763700
1764577
1770731
1778310
1785757
1789140
1793247
1802742
190775
1804810
209564
1809278
IUIUOAOAU
1792240
1793106
IA
OOOIUIO
182632
OOOIUIO
233665
266979
177563
209564
139132
202978
1756952
214139
UOUUOEU
1744482
1745243
165958
172016
UUIA
235588
1748460
1749536
1751643
1756058
1763417
1764800
199760
1766572
178987
177563
1771731
1774189
1783327
218852
1784519
E
UOAOE
1761939
OA
1743558
1752652
EUI
1727083
1728211
171881
1728347
1735003
1737740
OEIOAEOI
1723957
209564
170573
1729380
225471
1731723
223228
118921
OEIOAEOI
1738210
1747033
UUOEUUUUIO
1739330
183992
202058
1742739
1745077
136648
156080
1746009
AIUAII
1737543
224482
1746483
AIUAII
184223
1750150
1752205
1759023
189964
1764866
205724
233665
IIEUII
224482
1752096
1755448
IIEUII
1762306
IIEUII
1768853
175864
1772505
217043
249502
211135
1778937
1784068
172016
136648
OIOOE
1786036
186719
189964
EOAIIUUEI
264223
202978
1761628
211135
160564
191026
EOAIIUUEI
172827
1760299
A
1753619
EAAI
184903
EUOAIII
1724145
UIOAOAAEUE
1713301
1714431
1716586
1717204
AAAEAI
1702947
206834
1703482
189964
1710947
202978
166923
211135
1714827
1723637
1724435
183992
214139
UEOOIAOUI
EA
1694745
282443
1702675
247885
UEAUEI
1700877
205724
AAEAOUE
1690781
192337
1693099
EEA
1676045
1683697
1689154
1690710
171881
203719
247885
268561
EEA
1687833
IOO
1676991
1679872
193974
178069
180150
1684268
1687781
1694780
238259
118921
192337
1696493
174301
1704433
1713189
202058
UOUUOEU
UOUUOEU
193719
149703
1692362
1698686
239907
1706298
UAEOUE
1687611
236313
UAEOUE
1685432
IIEUII
160047
1677040
UUUO
1670793
206834
EEOOO
1665721
1675673
OIU
1666327
239907
287800
1674932
1678127
156080
228174
135605
1686587
174296
190375
226994
IIIA
IAEIAIIOI
172697
150995
227319
1671698
1680004
EIEE
180493
176525
252621
1667091
219652
1673019
250154
174296
200735
1675441
248200
1680938
1682937
1690613
EIEE
221285
1698898
239907
1699119
1704980
231918
1710504
196618
196827
1711114
193974
264223
162539
1719465
1728462
1733932
AEIEEOEA
1716722
1719332
234151
160564
231918
202058
1726461
IA
1717260
1720643
205724
149703
UEOOIAOUI
1709139
166794
237962
1717183
IAOAUIOUUU
UII
AAOEIIEE
252368
242570
1668597
225446
1672905
1681949
152869
1682140
UAUOEOI
1679270
1688382
1689413
1690649
1698929
1704751
192158
162539
1712441
1721551
1721943
194094
235588
162539
177265
EIEOEE
1696622
1697540
120966
1700042
1700581
1705944
UOEAIEOUA
UUIOOIUIEA
223086
1675265
192158
166794
258585
199743
1679849
1689194
184502
UOEAIEOUA
173810
1678407
1686671
1695870
1702370
177417
1703167
192158
1709895
203719
252621
1717770
191991
149703
1722377
1731456
1738610
287800
1739634
143461
1742303
219862
UAEEAE
295658
1727698
1735643
230351
197314
1744170
1751817
1755838
EEUOEIUOOE
1745093
192265
1748226
237962
EEO
1745462
203298
184502
125416
230351
250154
1750893
208305
1754808
UE
165174
1749839
172827
1756602
AUAIOEOUEA
231918
1727999
137863
254323
206834
1736716
156080
1738096
228174
1745795
1751341
1759610
OAAA
228174
1742453
1749766
1757293
169745
1765432
1773874
237962
1782983
182602
1789086
EAEEUOAAU
199743
219862
1786119
1787011
1789762
231918
1796110
1801774
156080
1802783
1806766
185976
IAIOUO
1790593
1792945
1801121
250154
1804403
218256
1811685
304718
205292
200474
IIIA
228071
1799892
192158
1809318
1810213
1816265
UAEEEOII
AUAIOEOUEA
152048
1793517
144057
287800
1798606
230351
1799201
1799278
1801898
AUAIOEOUEA
UEOUUAIII
180493
233601
218773
1801689
UUIOOIUIEA
239907
187100
1785177
1788501
176525
1797794
220797
I
1780203
1782422
190322
1789571
IAUI
AOIEIIU
1760007
1763807
1772419
149572
1780468
273869
290920
1789020
1793059
UIOAOAAEUE
OEA
UE
1748553
1755144
AEAAAEIO
1732062
1734581
1736609
199743
1740455
189906
AAAAEOAO
218256
250154
1728344
1735993
239013
AAOEIIEE
1736670
245147
1745000
1750390
1750397
211627
AUAIOEOUEA
250154
UAEEAE
1725597
1731238
1735340
1742145
198974
1748882
1752011
186001
1758889
1764996
UAEEAE
1773562
1780616
UOUUOEU
1775819
209653
199743
199743
IAIOUO
188571
273869
149703
1779752
OEA
1770944
1777852
I
225337
167532
AUIIEIOIA
1739214
184361
AUOAE
1726644
1728551
1735235
174296
1743275
1752016
1759513
1762531
281259
1768782
1775277
AOEAEOAOI
197653
149083
OEA
IEEEOU
1714335
253715
OAIUEOO
146966
1707072
172759
1707415
1711256
1713301
229058
1721033
OAIUEOO
1722684
EUA
248756
1719658
216774
IAIAAAOUA
1704615
207569
UEOUUAIII
236787
1704262
1710173
235588
IUOO
1701586
204460
1702120
1711002
185263
EOAIIUUEI
1688195
217962
EOAIIUUEI
IAIAAAOUA
1666140
1671913
1678527
1682829
186001
1684080
199140
OUIOIIUEA
1663134
244068
AIUEOUE
1662944
153969
273935
172759
1669169
241715
IOUEAAIO
1666956
1672321
1673412
266068
1676981
224918
252072
UOUUOEU
206834
1678277
164817
EEUOEIUOOE
UAEOUE
214552
211151
215519
1651460
1657664
1662702
1668399
1670626
214552
1675902
203875
1676154
1682315
EAUU
1666176
1669005
1669330
1677934
1680937
203128
251186
AUUUEOAU
1677145
1686977
247447
1690745
AOOOAEIAO
1690987
1694194
152869
191991
221935
AUIIEIOIA
OAEIIEUA
215519
IU
205292
273935
252995
211627
177785
167532
1653020
1662525
1665741
1670282
1679746
1686142
206834
288300
166750
1693252
1702056
218773
1709519
1714418
186070
1717409
163529
OIE
EEAO
1702906
1705998
1714220
EEAO
1721624
1725834
1729017
1737895
250939
1741866
IIEUII
1720820
1727616
172759
1733148
1739879
256179
1745662
IIEUII
1748097
1755670
218256
1760117
1768142
1773713
OAEIIEUA
OAAA
233856
233856
1768255
167532
IEEEOU
1761022
206834
1767871
UAEEAE
1750934
1754152
172680
181118
UUIOOIUIEA
UIAI
319985
152869
1746654
1748447
1750467
1754992
1758818
OIE
1747849
OUIOIIUEA
1731438
1737143
155628
191991
1744160
1750503
1752837
253715
1757242
288300
1757562
220336
1759220
II
228976
OIU
1711526
1719862
1725621
1725861
EEAO
128257
228710
1726638
1727432
1728494
OEIIUU
1714975
218256
1721629
1727380
1734642
256335
1743397
1745534
273935
172790
211937
1750772
1755669
166750
319985
223386
1759725
1769172
EAEEUOAAU
1753855
1759961
1762175
169649
216492
1771220
1774981
1780832
1782144
192445
156662
1788969
1798944
1803718
1804320
1808208
242400
1810034
221935
186070
1812468
UOEAIEOUA
252564
242400
IUUO
1788159
211937
192158
1789270
249157
1796470
213047
225337
264279
189236
U
1778751
195579
1787325
UIOAOAAEUE
1784011
1789182
1797573
172537
1805507
EUOEIEOOAA
1784559
1789415
252995
AUAIOEOUEA
1786348
286759
UAEEEOII
203875
1776451
1778473
1780029
232180
234110
1787230
UAEEEOII
319985
1788169
212526
1790600
1790618
1792379
173810
192265
IEOAIUO
1778059
241092
173810
1784490
1788851
1791574
1795863
1796976
IUUO
1769926
1770844
1771351
AAAEAI
1745819
1746037
213722
128257
1755385
1763198
1766737
1772035
272925
AAEAOUE
1750155
UAEEAE
128257
1749517
218638
1751273
167532
240047
199140
185263
128257
262734
188124
1757319
1767249
155628
1770446
173810
1772842
1781732
1790443
1790898
226768
252564
244231
OOAIUOEIO
217110
199140
198145
OOAIUOEIO
OIOOE
1752880
OIU
1734408
1735614
1739366
1743139
188124
184687
1743827
EUA
1732485
1739617
211627
163203
244352
1748696
1757460
237531
215519
UAEOUE
1742571
1745086
1748267
1748410
1755732
EEE
UIUOAA
1736081
1740994
OAIUEOO
165307
172759
1724635
273720
1728964
1738659
1739779
1747395
1749456
1751793
IAUI
1742869
OII
1728100
1732846
165307
199684
OII
163203
1740219
128257
II
244704
165307
203227
1738719
215519
UE
1738176
189109
OOAIUOEIO
184687
1729262
OEIUA
1716949
1717102
174835
1721767
1723442
157792
OII
125793
1716483
1720600
1722656
1726846
IAUI
1720162
EIOIAO
280608
1698277
1706840
1708055
1716655
1719305
1728245
1733426
240529
221447
EIEOEE
188651
194283
OEIIUU
AUOAE
1681639
270626
OIE
EIEE
1652964
199608
226578
1657663
272925
I
1644247
I
210486
OIE
1639543
209678
253715
1647258
1656348
1657371
165307
1663392
1672120
1677561
199684
262734
OIOOE
244704
252995
1660706
1662714
203875
1665587
1666811
236787
281259
1668394
1675128
159282
169649
1676021
1685241
1695223
IU
1672244
189109
243116
128295
1677830
1679288
AIUEOUE
263755
1658718
172537
1664220
1667935
248407
1676867
OOOIUIO
OUUUO
AIUEOUE
272925
1628211
EEOOO
252405
UOEEIUAIUO
234110
162117
1598304
162117
226578
1601535
220803
328364
1605286
181118
236754
221692
1609237
215878
EIOIAO
1598367
IAEIAIIOI
1593059
1599284
1604217
1605788
1611637
1617110
1617807
156236
169649
1619944
1627284
1628474
IOOAOOI
220803
1629425
245809
IU
240529
AOAA
UIAI
1601621
1609955
1616283
1624916
A
1599482
AOOOAEIAO
1592259
OEIOAEOI
214602
260509
1568427
1574663
1575527
196457
193538
1575787
AAOEIIEE
1572251
277180
188651
1580667
1580734
1583033
248407
1591503
223318
1594268
AEIEIOIAU
191085
1575715
1583819
1584553
202359
IUIUOAOAU
1585681
183102
172408
262734
IUIUOAOAU
AAAEAI
1563584
1564081
153391
1572003
178776
173810
EEA
1568778
1575977
1579753
1586907
1595341
1603194
1607931
178776
230449
1615047
1622027
1627949
1632206
171834
UIOAOAAEUE
178776
OIOOE
AUIIEIOIA
202122
244352
1595224
1599277
1602128
AUIIEIOIA
1603805
OAEUEAU
1598165
1603596
1607059
EA
192269
1593671
1603277
202122
1608330
EEOOO
1590127
216807
1592629
1600259
1601004
EEOOO
IEOAIUO
1570105
1571201
201099
1581116
EEAO
261705
171834
1569239
211029
240047
1576708
214501
OEIOAEOI
221307
281632
208485
184910
235172
1577223
1585257
1587716
221447
1594148
1596087
163203
248612
EEOOO
248612
1590479
IAIAAAOUA
276911
1581954
1583531
178857
1589305
AAAAEOAO
265668
1582556
1584039
OUOAI
IEEAA
1555740
1564531
1564541
1565731
EUOAIII
1554428
IEEEOU
229868
271514
IEEEOU
1553384
1561843
1567591
1568008
208699
1568585
178857
1571567
1579540
237052
1583001
237052
264731
EAAI
222701
1588848
1592990
183102
1593575
1601070
EAAI
1600960
1609177
1616929
192269
1622295
1627936
172614
1633004
1635238
UIOAOAAEUE
1620775
1624244
IU
1617878
1621098
AAAEAI
1620554
1625898
1630921
188124
AAAEAI
1638376
1645126
UOUUOEU
1642553
178776
UAUOEOI
UUUO
1622673
201307
190428
188563
EUA
1614004
AAAAEOAO
1590200
200001
218256
213040
216807
266298
1599713
172614
237011
1604246
1613056
172408
167038
1616011
IAUI
240529
1619778
221447
EOAIIUUEI
267518
1599663
192828
1601504
UOAOE
307554
1581697
178091
271485
233643
1587890
238141
234226
245820
1597364
1598640
221307
263809
UOAOE
285934
288534
237011
AOEAEOAOI
1583716
1585610
IIIA
195177
OAEIIEUA
243591
OAEIIEUA
1555900
1561611
1567611
1572627
1579115
1584768
1593057
IUUO
1582968
1591773
OOAIUOEIO
1578755
1584973
1589810
IAIAAAOUA
216026
1588020
1596199
1597019
1601536
229783
1606189
1606897
1615197
248391
E
1596277
201307
165033
1603029
1603515
1612224
219149
1616597
1622095
195177
285934
240281
1630609
255000
1632157
1635137
E
IAUI
1620890
1625654
178857
1635083
UOAOE
181118
157505
1613550
172408
249517
EEE
1601623
UAEEEOII
191085
1603036
1610792
1612192
1612293
1618138
1618813
1622241
1626767
AAAEU
EOAIIUUEI
1600956
A
213040
IEEAA
1563447
1571297
208066
183102
1581160
IOOAOOI
1576327
1580439
1585298
266559
1590133
1594898
1595949
EUOEIEOOAA
238821
246137
191306
285934
266559
OIE
1566825
1576048
1576553
221480
268873
202750
210530
1578311
1578927
1580701
1589859
181605
1595622
UEOOIAOUI
271673
AUOAE
UIIOUEEUI
173356
233353
204369
271373
223022
236787
1560456
1566877
199899
162733
257523
202122
236426
1570049
257889
1577891
IAUUEI
267518
UIUOAA
243591
211657
1529449
202122
1535706
1542895
IUIUOAOAU
1539859
249517
206984
1542245
308732
1546166
263755
1554101
235113
236787
1554651
EEA
246234
229868
166731
UUIOOIUIEA
206984
282170
204775
AAAEAI
208066
139056
285934
139056
AOEAEOAOI
271373
1468623
AEAAAEIO
1458654
223022
1466577
AEAAAEIO
250236
202750
1471849
1479061
1482693
162733
214501
1487906
1495406
191085
1501616
231598
184543
1506121
1509052
1516010
1519178
1519505
1527148
EAAI
204369
184543
1511814
EOAIIUUEI
204793
UE
1464811
UE
1468930
201307
1473147
243080
1480872
257700
1487132
1489269
190810
1498697
1507937
249935
1510412
1515632
EUOEIEOOAA
210040
UIAI
270515
308732
1487192
177790
U
1469564
1470632
1478392
181118
1480839
259905
U
221614
1475940
235113
1479608
OIEAOEAOI
1457214
236840
1464859
246852
1465561
1472816
1474369
231507
1481416
226162
181605
OIEAOEAOI
177683
1485573
1489132
1494513
193538
1494714
IEAIOEAUU
231598
1491393
271673
269788
231598
1500123
EUOAIII
242472
1483033
1488489
163256
200164
208730
238073
1495002
201012
1499119
1507548
267518
AO
1495444
1501770
1509224
304875
1513751
1520558
OEIIUU
231507
1518482
UEOUUAIII
I
1511937
227674
182542
1517900
1527276
AOEAEOAOI
IAEIAIIOI
OEIOAEOI
1492010
1493085
1497969
1499323
248612
AUOAE
252243
257700
UIIOUEEUI
1455045
UIIOUEEUI
1464363
1472041
1479951
OIE
177683
170937
201012
1477868
1485048
1492335
1499158
OIE
272571
1499943
1509404
1513633
263657
1522291
1530284
1533818
1537433
238073
UOAOE
UUIA
1482341
204793
190424
252243
190424
281518
1487604
1495033
1498617
OEIIUU
1477899
221614
1478284
IAOAUIOUUU
1478555
145795
203037
1486044
UOEAIEOUA
216445
1469963
1474436
1483462
1484078
1492593
263740
1498740
EEA
183124
1479914
1479975
1487512
243676
1496996
198483
UUOEUUUUIO
1483608
1487102
291881
211255
1494779
1500264
1503516
1506339
1515630
239397
211255
1523178
1524983
172106
UEAUEI
1499915
1503356
200435
269935
1506089
1509709
EUA
1500341
236992
1503147
UUIOOIUIEA
1493559
1502295
1507619
238821
1507781
273324
1517355
1522980
1524646
1526217
208066
AAAEU
1509521
251640
1511945
293795
1518380
164289
1521331
AEAAAEIO
1519908
E
1503233
IEOAIUO
1498717
1500053
AIUAII
UIIOUEEUI
IEEAA
231598
1464848
1473524
277960
1478470
1482315
IEEAA
UA
UOEAIEOUA
264237
248110
1458232
242472
225959
1465520
1473834
1479699
1482964
164289
221639
UOEAIEOUA
1481279
1488924
264237
219699
1497739
1499308
OIOOE
305702
220904
231975
1492949
1495973
222956
1498051
239397
1503802
1506853
1509454
232747
1514693
1520868
1528227
1533191
159119
210530
225959
186410
1537287
IEEEOU
1525834
UIIOUEEUI
236618
1517869
203380
IEEAA
227674
1497252
1505763
190424
190424
1514210
224746
1516888
1519202
1526965
186410
183124
1535821
1536821
1546363
278447
288496
278447
170937
1553913
1559745
196695
1568199
1570051
257523
183124
1575057
219888
1580472
231975
1588372
1597176
1600891
IEOAIUO
1591537
1593726
IIEUII
1585490
242472
1594829
1595337
UOUUOEU
AOEAEOAOI
UIAI
1567217
1573409
1579174
1580391
1588682
269788
1594749
1595815
1605441
OUUUO
263809
UUUO
1567413
288496
1575322
277255
1575869
1585004
1585039
221614
296566
EOAIIUUEI
221614
1568767
1577896
1582101
EUOAIII
1581082
178091
1583404
EUOAIII
164550
1581146
UEOOIAOUI
UA
234246
1552204
1556050
AOOOAEIAO
1538391
AOOOAEIAO
1543708
1552382
1555398
174452
1559218
186410
1567981
AUOAE
257523
1567038
272571
224746
1570806
AUOAE
1573941
231975
232562
211945
1578138
1582756
1582885
189152
1591906
1593119
1602091
170937
1611854
277255
IIEUII
UE
1578400
1586054
226704
181605
1586995
221820
298549
1593310
263809
1599408
1605768
250236
278447
EAAI
OUOAI
231598
255811
1570484
1575693
269788
1581730
1582276
221639
221639
178091
1590366
1593183
212728
261891
1599125
228726
240551
1601267
231975
1606097
255964
213548
OIEAOEAOI
1583735
EOAIIUUEI
UII
1541707
187080
298549
1547295
1554858
1558192
OUOAI
1539777
1547198
1547580
1553831
1563686
277719
