9115
0
17058
19884
0
0
26425
0
0
AIAEA
AIAEA
10573
19328
29216
32297
34832
0
0
41599
50398
0
0
53040
60941
67067
0
73055
77625
0
80713
0
88099
95997
0
IAOIIOI
OOIIOEIAIO
64848
0
EAIOEAA
0
58461
63147
68923
72145
OUEIEAEE
0
61327
65021
0
72879
80764
88473
EUUEAUA
0
80235
83105
IOAOOUE
61941
69091
74176
82314
83881
EUUEAUA
UOEAI
71896
80127
87273
91632
93885
0
102551
0
EIIIA
87986
89535
UOAO
EEUUUIUI
66991
74775
0
80605
0
0
IIIEUIUAE
0
78005
85838
94963
100771
102865
112828
121285
128951
138219
0
IIIEUIUAE
136273
139082
0
149016
0
149249
149516
0
151204
0
4686
0
0
155618
160043
165769
170138
0
175650
185104
186940
OEUIIO
184441
194127
0
203417
AIAAAAO
0
0
195965
7266
8799
IOE
OEEUUOAIUO
174752
175957
177384
182318
0
182548
187249
0
191662
3222
194356
201082
201199
0
0
203734
212906
221653
222430
228627
0
0
0
230446
238280
243651
245768
252003
IOAOOUE
OAEAUOI
0
0
0
231601
236513
240273
4686
0
0
0
0
247584
247847
0
0
253122
260407
4437
IOOIOAOEOE
0
266549
267988
269678
0
275176
278119
0
281353
0
EIAUAIEI
254207
0
5085
0
255459
255481
258376
OOUUIAOUOE
248897
254896
262641
0
UAIAAIEEI
261339
263084
268185
273560
0
0
276953
286840
U
260073
0
EAIOEAA
233198
237390
243080
244066
IOOIOAOEOE
AIEEI
214951
IAOIIOI
207772
216853
AEAEE
IOAOOUE
0
180739
187832
195349
0
IOAOOUE
192122
192645
197248
UOAO
181998
186675
196031
198211
UOAO
201847
9290
5574
0
0
8923
0
0
11962
203274
4831
UOOAE
184794
AOEEEIIEAU
176231
0
0
0
180874
0
0
UOUAU
0
AOIUIA
0
0
157013
157824
165919
171342
4701
0
0
179915
186366
0
0
194614
202897
210479
0
215670
219968
229151
230690
0
237436
UOEAOIUU
0
0
0
221739
UOEAOIUU
224941
0
OA
214328
6767
5450
1836
223914
UAOEIEIUIU
0
0
0
217757
225337
EIEIOUO
207038
210834
0
5704
0
212369
215800
0
3081
220265
UOUIIUOAAU
213764
215140
216448
0
225014
IOUEUA
0
202563
IOAUE
187186
192321
195292
1558
204097
211463
219857
0
IOAUE
223695
225020
OEAO
OEEUUOAIUO
OEEUUOAIUO
198792
10753
203533
8817
EOAIEUEO
OUUOIIUIOO
0
8121
5808
159761
163632
172127
7093
IIEIIA
164313
171218
OUUOIIUIOO
173049
AAI
0
172220
8850
OUUOIUIIAU
0
169548
0
5704
0
EAIOEAA
0
0
160993
166710
0
0
UUIIA
0
OAIIIOU
118481
OAIIIOU
116852
120709
AEOUUOOU
IEAUI
114651
116846
0
2135
13091
0
2135
121679
9257
0
127706
0
130653
132269
139982
IUOOAUEAE
120673
0
7211
124752
127718
137679
0
UAOEIEIUIU
129641
135852
144815
152505
157663
II
154544
233
0
AEAOAEU
4570
149483
149860
3694
158011
1439
167532
6451
14228
7784
175809
179670
188947
191893
196919
204123
14772
207985
208057
215284
221268
OEEIOAU
17684
0
16465
OEEIOAU
219152
0
226036
226231
227264
233377
238239
IEAUI
219818
220567
224267
UAUEUI
204615
IAOIOOIOO
208616
213882
8320
219477
224593
8320
0
225317
OA
6583
207437
209337
9183
8923
217145
14228
221356
223709
233054
235111
16287
242757
250292
10841
255246
262594
0
1836
267846
268243
272319
0
0
279954
289554
296949
299835
305813
309827
317931
326710
336476
0
342155
0
350177
352840
357692
UAEOIU
0
0
346406
354007
EOAIEUEO
325784
0
330610
18334
15932
331462
7784
2700
117
333556
0
336341
339873
EOAIEUEO
345373
345541
IEOUAO
17519
323518
5706
AOUII
EUUEAUA
301024
0
303987
310269
11952
7578
4570
EUUE
283523
2195
286704
296638
306261
307362
309786
316202
318217
11740
327317
331409
UOUAU
EUII
2180
AOEEEIIEAU
12547
274987
AIE
UUEOAIE
2423
222029
229031
0
231928
239491
246723
249517
252139
254201
AIAOUAAAI
5498
AEOUUOOU
0
0
13456
232820
0
234452
242564
243237
248246
256697
258223
262501
266586
4048
1900
271989
0
8850
0
276611
18161
280033
UOOOOOUAI
9961
15076
281630
283264
0
292902
295007
0
302165
302668
5704
8817
307494
0
316155
325383
334768
338781
342832
AIIAII
321464
UAEOIU
305860
UAIAAIEEI
284243
0
287924
9462
293433
298363
1982
304311
312391
317411
OEAO
294062
294491
298149
0
IO
UOOOOOUAI
282631
7144
284782
0
289315
7745
2946
29148
9257
IIIAAUA
5574
284709
0
293724
9462
2785
301590
310720
3893
318885
0
OUEIEAEE
17709
316260
14086
323217
1427
324731
333406
338564
0
343446
OAEOAOOE
326691
328007
335603
0
666
342604
351468
2180
360200
3828
360507
368957
373841
376736
UOOAE
373062
374251
15789
AAI
360004
0
24673
360019
361141
371030
373408
852
AAI
0
14228
5988
373199
10753
0
AUI
358352
9890
366922
12696
376638
12926
376867
384256
386794
395442
401451
0
IOOI
387161
0
7784
389635
398705
0
IAOIAAA
6503
0
0
400817
405652
0
IIIAAUA
OO
382010
IAOAO
373493
0
0
0
378926
OIIIE
2974
11952
0
371507
1126
378083
OIIIE
384495
1750
15464
386286
15733
390811
0
398513
400024
7745
403228
1126
2614
0
405164
10597
IEAUI
398604
OUEIEE
384509
388913
OUEIEE
390137
395723
398233
0
0
10651
403245
412075
421405
424705
0
426024
6122
427249
436212
440837
0
450311
8138
456029
14228
456767
IEOUEIAIE
452994
453439
21707
462294
465593
470678
480578
OOUU
466733
0
1427
473195
10597
478992
5026
488131
0
491779
492033
501069
507917
516331
522792
4043
527939
AOUII
UUOE
0
15789
499932
505976
18845
511804
20216
AOEAUIEAI
AEAEE
490065
499868
504905
511841
516062
9657
AEAEE
6884
513754
520971
1982
530242
EIIIA
OOIIOEIAIO
IAOIOOIOO
488075
494595
0
13397
496955
500889
4043
8923
17886
UUOUAE
490380
500346
508212
512485
OAIIIOU
506157
666
515804
519540
0
6503
523022
525212
532683
3828
OI
516534
522968
530983
4043
537012
540366
546649
546664
3694
548578
553496
555656
560139
567594
OOI
15
21275
543868
0
OIUEAAEE
0
IUIUO
0
0
AIAOUAAAI
501444
EIOOIAIAI
OEEUUOAIUO
18334
EIUUUAAAUO
479114
EIUUUAAAUO
478997
IOEOUIA
0
7232
471248
471502
481021
485157
15
OI
14318
461465
463092
469873
24673
OUEIEAEE
463634
24673
12696
465091
472261
2614
474874
484690
2622
489340
496057
503198
513032
515830
0
519073
0
3148
25193
523855
532567
537813
546438
556311
558189
565086
EA
0
543138
15789
0
625
548887
EOIOAEOA
531032
OUEUI
510366
10841
2180
OUEUI
509165
518128
16949
518549
525466
533414
14952
540789
13478
EIIIA
537529
AIAAAAO
524179
527814
0
0
19705
0
536711
542682
550576
555246
666
561171
563689
9963
4640
566084
569407
578039
AUUEI
9600
OOUU
17015
558912
563817
OOUU
565748
11072
572340
580559
UUOEIUO
573856
582845
2934
UUOEIUO
17709
IOUEUA
557790
566704
571585
4884
578116
587226
8899
OUEIEAEE
AEOUUOOU
28038
5087
3893
560723
UOUAU
IEAUI
532083
8855
537295
539779
547672
1439
11908
17015
549761
551375
2353
0
19500
553105
555429
565133
AUA
26240
625
553672
561577
IOA
549175
556729
563487
572977
UOEU
0
567052
576577
8808
0
580855
590633
599163
19705
608453
611918
EAEO
2353
6555
611965
617006
621909
4833
OUA
612443
27995
17052
622438
UUIIA
604301
607915
615777
8899
1427
615939
12981
IIEIIA
617241
27658
619658
17052
19939
628573
630203
638958
IIEIIA
620255
624589
0
628871
2947
635804
42166
21275
642201
IIEIIA
IA
OIEUAUU
17015
19186
6331
13486
0
622191
2195
17709
623246
626480
628420
629156
OIAEA
14627
616798
622302
EOO
5704
AAIEO
592397
6503
595724
604098
AAIEO
606644
IOOUE
590300
592571
593580
OOUUIAOUOE
595418
2195
380
602705
605648
611526
IEOUEIAIE
8905
380
596475
5704
OIIIE
10651
OIIIE
589000
594824
595285
605203
614147
620758
OIIIE
621404
623435
627055
629954
639875
648077
EA
634274
642479
19186
652350
9895
UOAE
3181
628315
2785
11315
2947
637198
646324
14370
653479
2190
OI
17052
13486
OUEIEE
619178
14370
16969
624425
11908
631645
UOEAI
618410
12348
623971
626835
20216
16954
630680
630935
30473
11072
41518
IEOUAO
610581
617839
2947
17709
620328
621915
24201
625373
13397
627463
0
637309
8229
646396
655313
664041
1997
18845
UAIUAUEUO
662002
666702
17709
13394
666872
668304
11277
674988
32358
676229
OIEUAUU
662969
671149
5704
680042
0
EAAEEOIUOA
678273
5037
2105
IOUEAI
13478
667719
667885
29078
668135
0
668373
674480
29400
AAA
658882
OOI
642796
644284
654154
663206
671824
673273
666
625
676275
30224
678810
AAIEO
665912
17036
12504
17397
0
668275
625
675011
9562
684837
EOIOA
6955
684994
0
692357
IIAE
673494
30473
19769
6675
18023
673730
AOUAAOI
10651
1126
666160
671875
10870
31395
672603
11952
679334
684906
686911
693891
701750
709309
715707
0
718197
20802
720590
730399
731002
738232
745863
AOUAAOI
745637
751929
760244
UIIU
737180
746423
749080
752802
761173
20802
766619
2105
776370
23354
1627
777797
33242
9873
787180
17397
5635
795499
803511
18115
17672
811264
813072
815978
IEOOAOI
797328
797399
6385
IEOUEIAIE
783127
16178
791776
797236
2190
804477
812685
AIEEI
23506
8784
21681
813548
17061
814437
823995
832741
10841
0
840985
UUEI
11277
835874
3694
19056
IEOUAO
12857
828422
3893
1997
0
829650
838602
839127
32036
33132
12603
23227
40663
848890
858587
859375
859507
860654
867530
33132
625
869682
872939
9600
877038
OIUUIAEIOO
854295
5208
EIIEA
6331
833586
12926
6122
835973
836480
843188
AIIUI
828088
6503
835916
843134
IAOIAAA
8784
UUIIA
836263
5037
845813
848340
856625
42166
16662
11077
859384
866247
869349
870540
875388
0
875722
878727
21222
16129
888580
896920
897633
904647
8138
909635
EEAOU
887829
15670
891616
893491
897303
907258
908230
910495
915196
16428
12523
EU
895101
896500
AOEEEIIEAU
879496
889104
2105
AOEEEIIEAU
20844
24707
10841
894722
902314
903893
907808
8784
907958
909131
918610
AAAUOEAE
30280
891058
10297
893871
897663
899684
907506
912441
19500
915294
925268
14003
8229
931365
EUUOIUUAUI
914989
666
920435
1122
929994
7053
30280
17061
935472
939641
945235
945841
947779
IOOUAE
929138
936280
945192
28101
953397
14860
956965
966512
IOOUAE
964696
0
26240
967851
27885
969225
21612
15089
AOAEU
956514
OUEUI
948257
10920
12981
952132
16178
1439
0
0
957749
12523
18147
963197
966403
975833
9995
983326
991950
0
996839
998449
1005768
1007915
1010023
1016960
1020077
1022676
9271
9873
16129
18845
13736
1026812
12638
1031173
12523
1031840
25619
1033156
UO
6893
1627
OAIIIOU
998310
1000755
1004101
1011774
1020958
OOO
1012803
IAU
1009594
19500
EIEOOEA
988609
0
13397
UOEU
982740
984632
35867
6385
987389
988599
992068
0
9257
2105
14790
10789
992519
993549
AOUAAOI
979788
5635
988617
992071
999094
999899
1005060
9900
UAOEUU
992204
380
992797
0
UAUEUI
984500
985251
32806
32036
IEAIUOEIEI
985283
989601
998010
1997
998554
32827
1000392
9900
6267
1009090
1011500
UO
986060
24707
995172
49892
998020
UAUEUI
25914
19939
982660
0
1122
40663
983182
12348
985529
988425
8570
993580
AIE
8781
985090
990028
991221
991530
29078
UOUAU
OUEIEAEE
EEAOU
19379
938381
9728
945274
6451
17070
13363
949099
957994
12926
959182
960319
964071
IEAIUOEIEI
947416
950185
956399
964835
UEOOEAIEIA
943666
950389
956310
14299
964760
13538
24626
OIIIE
960820
IOAAAE
959382
968653
30865
975849
982485
983450
984748
12981
14957
IOUEAI
8024
979785
21612
981471
IUOOAUEAE
981698
988116
11332
18251
11072
990753
996318
999310
AEAOAEU
7455
16876
42861
979826
AOEAUIEAI
EOIOA
953139
AOEAUIEAI
951831
953018
957453
IEOUAO
10297
939723
939979
943471
945579
EU
28101
22613
936790
25989
939447
18245
UIIIIAU
12738
921220
OOI
925372
9562
930421
935974
18402
9728
944899
21612
945799
625
955530
UOEAUEAEU
5706
949398
958354
39685
31729
964936
968706
16662
978020
42861
986129
AOUAAOI
981690
AA
978276
986074
2105
14115
993008
40663
998080
26240
1006094
16428
1013014
1018264
1021411
1122
1027887
12738
17786
13384
1032404
1038908
1043970
1045484
1051803
EUAOEOOU
OOOOOIU
49892
10841
33372
1017946
49338
2864
1026212
1027720
1035931
10046
1043511
OOUU
29452
1024345
OOUU
238
EUUEOIO
1013487
1022318
1026158
1033023
EIIIA
1006967
14860
32868
28991
13429
2864
45780
19379
2015
1009485
9900
12523
11559
11077
22613
1012101
1126
UUEI
999237
999332
12348
45780
10841
1000194
14902
1000736
1004024
1005864
1006423
19095
28684
IEEIA
993143
993637
996157
12638
1002545
1006144
1007483
17786
5572
17886
1015738
1020792
15463
1024861
6893
1027192
1033274
49892
1038973
IIUUOAE
1037967
OAEOAOOE
16428
1015508
6451
1025395
IUIEEUOU
1006720
1008919
1014626
19379
1019291
35370
1028022
29597
1028366
1035955
9562
1042414
1048825
1056961
1064743
29597
29476
UAOEUU
1045190
1046674
15204
9459
1055314
13363
1063665
19562
1064663
1073262
19023
7566
AAA
1071854
1075905
1078622
36328
28101
2267
AAA
IEAAIIOEI
1063859
1439
1065100
19023
OAAOAAIAU
1055490
1063841
1071963
1081538
OIEUAUU
1072985
8784
26012
1076004
UOOOOOUAI
1072802
2267
1080268
1083094
UOOOOOUAI
1083113
1092755
1099453
1106553
9459
0
UOUIIUOAAU
1103008
7566
16129
1112500
38739
23384
19339
49338
1120960
IEAUI
1114468
22400
40177
IEAUI
1121310
1122210
1126328
1128222
1940
1133218
1141444
1145203
625
29400
15038
UUO
1130503
24810
1135539
17935
IOOUAE
1126590
1134973
11559
1139643
1148059
1156044
1162993
1169930
12348
22978
UOAI
21065
1150979
1160227
1163557
0
21065
8198
35867
35370
1940
1167576
16344
7566
0
1175512
1184394
19140
OEAE
1176435
1180252
EIOIOUA
1171195
EUII
8156
1150449
1158556
1165199
AOEEEIIEAU
5470
1147869
EIIIA
1134142
0
18517
1142943
AAI
1147978
9559
1152121
1154193
AIIUI
17226
1131548
1138701
UOEAUEAEU
1140115
OOEA
1429
1135156
1144072
1148094
1151559
17013
1157409
29400
1161952
16210
1166516
10366
14115
1171108
IAUUUA
IEOUAO
1165772
1166743
1170088
3181
17226
1179159
12738
1182181
1184264
1185898
1187294
1190787
1195470
1203983
IEOUAO
29000
1206940
1211419
1214339
23384
1218978
15204
17061
8156
9562
1221396
1223512
15204
28920
1231459
1236716
IEOUAO
15204
1240905
0
IEOUAO
9728
3188
13346
46792
AAAUOEAE
1234454
1238685
6525
1244710
1252024
1260293
9060
1269665
1278479
1283938
IEEIA
17397
1273116
1276918
22978
26926
1282642
IEEIA
42861
1286539
1296392
1296562
1305817
19661
IEEIA
8905
1302858
1304132
1310964
42307
1319917
17397
1329704
1330023
EUAOEOOU
AUAE
9604
1312743
1317720
AOEIUUEI
19023
12530
IAU
1286577
1292234
1298501
1298673
1299600
1300394
1303800
1311483
22724
14213
49892
1320433
1326774
1335327
AAAUOEAE
1334905
1334991
21435
1338149
1340555
1344263
1347732
1353348
1362010
1362384
1365412
1373925
1380732
1386833
24810
1391358
1393209
OOOOOIU
1379568
1382821
AUUEI
1381741
1388579
1394490
41338
AAAOU
AAAOU
22162
1384745
1392630
1394959
9873
AAAOU
OI
EUUEOIO
21348
22489
6893
1371197
19732
1377213
12638
2234
1383406
26742
1386959
625
22622
1396571
1399425
1402996
1410781
20492
1418042
1423121
11992
1430804
1433795
U
1408451
1415970
1416172
AEOEUEUIE
1404668
UAE
1383711
EAIOEAA
1376967
1384238
1392726
1397510
1407210
UUOE
10454
1396473
1401221
27961
11077
1401747
AUAE
1126
1381192
1387633
1392657
10600
35368
29211
1395076
1397821
1398323
1404467
9900
1406727
1414121
1419620
1424096
1431757
22613
1437762
EUAOEOOU
1442935
1450214
19991
1456915
1463415
EUAOEOOU
16114
22008
EIIOI
34951
24391
10570
1452092
1458962
1464823
17935
5267
1467075
17370
1475716
1483787
1489890
1498641
1505539
1506667
19732
1511318
1516110
1525998
1529331
1534004
10366
1537632
30387
1544708
19100
1550250
33140
30387
1557840
1559775
1561447
16080
1563545
1573317
15692
1581607
UOUIIUOAAU
16822
15825
17138
1569782
1572882
1582526
16087
UOUIIUOAAU
1587725
1595306
1602788
1607157
1613516
8419
35787
9060
1615948
20732
28684
47104
IOAOOUE
36237
49381
IUIEEUOU
1603987
1605936
41338
1612758
1618228
1618480
IUIEEUOU
1619203
1625815
AA
1609205
1618104
AA
1618507
18307
UIIU
1599713
UUEOAIE
1574414
UUEOAIE
1583394
20053
34186
36273
1593040
8045
1602343
1605826
3181
1610988
1618600
37613
1619500
24126
1624665
1634294
UUEOAIE
58150
OEEUUOAIUO
1126
16123
1616895
1617182
1622869
1630792
1640120
29350
1648054
1650294
19637
27531
16659
IEA
1630173
1639733
39543
1642425
1646082
22978
1651869
10600
16087
21348
1660170
16981
8905
1661537
UAOEUU
1646552
32247
1649221
1650136
1659051
1662611
15825
8156
1669068
10570
1677801
E
1665355
1670053
2759
1670485
1676929
1686131
1691445
31403
1692657
36593
1701339
1711266
1126
1719326
1724834
19100
1730036
1732309
1733708
1741514
31403
1750494
27885
1754468
16344
28991
EOO
1735446
1743250
16428
16210
34951
2234
16210
1744531
1751792
1755904
1759300
19560
EOIOAEOA
1753053
1762280
1765732
21715
OAIIIOU
1758526
1763952
OIA
1743982
1753232
1761126
22162
1763700
1767235
1775211
1781790
1788452
10841
1788473
1794129
13538
1796591
1804316
25968
1809090
1818740
1821055
28101
UOAE
3188
1802894
UOAI
16372
1797134
1797289
1805781
1807266
1813379
1820077
1822631
35787
1830587
1837667
24764
1844385
UAOEIEIUIU
27531
19339
1835718
13538
1836099
22585
36237
1838510
EIIOOUAAUA
26465
1824804
UUEOAIE
1824068
1833705
19560
1840299
9900
1844520
10776
1844719
1845750
1847565
22132
1854328
1856876
38515
AOEAUIEAI
58412
1853898
1858255
1862269
26012
1872075
1879206
EUUEAUA
1864472
2015
37102
1867347
34951
29211
1868728
1870204
1875969
1880862
1883138
UAIUAAAIEA
1882328
10778
EOIOAEOA
16223
1878700
1880674
1885276
25989
AAAOU
1885250
1892529
IUIEEUOU
16348
1873681
EOIOAEOA
1862741
EUUOIUUAUI
1858413
26465
EUUOIUUAUI
30865
45066
1854725
1859766
1865352
40177
1870069
28991
1876783
12466
9229
1883596
1888724
17312
11409
18245
19991
1891254
1896251
20822
31211
1898752
15097
1905005
1909448
1915722
1921060
1928338
1935259
18245
27885
1938051
1939513
1948700
15097
1953567
1953613
1959394
2759
IA
28645
10389
1949297
1958382
1960849
3176
24126
1966791
3176
19100
22489
31623
33987
1972961
39061
27588
1979201
1983654
IAOUE
1979000
1982766
1991688
1996066
19609
I
1988404
11277
1998036
IEOUEIAIE
1983567
16087
9417
1986311
EUAOEOOU
19560
1970568
28645
EUAOEOOU
18245
1968097
AIEE
1960806
1967788
1974015
18245
1978941
1985976
1987144
19661
26240
EIIOI
1973971
AOEIUUEI
1978544
1980849
1980913
47559
1985800
AOEIUUEI
IEOOAOI
1982449
19016
UUOE
OIEUAUU
1946733
16210
19991
19991
34951
30366
32868
1947612
1949890
35344
1958545
AAAOU
94502
OEEIA
IAOIOOIOO
35298
46229
1931648
1935908
1942037
24126
1946255
1947077
1953477
1957921
7580
30171
30366
46139
1958137
1960253
1969417
13363
1975738
20490
AUUEI
28991
31211
EIEIOUO
1944172
1949339
1950395
1951667
17689
27430
1959479
IEOOAOI
1941741
23250
56615
19252
16087
1943262
1944030
1949899
40177
IEOOAOI
1953716
EEIOIA
1932095
1941677
OAEOAOOE
1928443
AIIUI
AIIUI
1915838
1919862
18245
1928182
1928742
I
13770
16662
1927780
1928286
35376
I
1930065
1939569
10778
46139
1942634
16662
1949891
13384
1956104
1964681
1965808
43210
1972351
1976763
EAEO
1969785
1969805
1979540
1980834
43639
1989343
1994156
2000837
OAEOAOOE
36199
20226
1976650
625
19609
1984797
1989549
8924
1994764
1998221
2190
39543
EIIEA
1983830
1984749
AEAEE
1984374
10196
1991883
20490
25638
30171
1994078
9657
AUUEI
1998024
22585
1999930
51730
AUUEI
2002113
2009525
40769
2010795
IAOIAAA
10196
2000248
2009565
AAIEO
2005000
20490
16080
2008522
32763
OAIIIOU
1989830
UUEI
1966700
45729
8924
1969516
1971782
1978364
36471
1979921
8924
UUEI
IEOUAO
1932528
0
16129
1941085
1942301
AE
44072
1919537
1919944
1920230
1925484
37488
UUOEIUO
51730
1912319
23250
1912917
39602
1914855
1922421
1924707
1929426
1932542
24155
26884
26014
1935516
1942969
1948759
1958721
10600
1960601
8641
67294
1964839
21715
29582
1973390
AE
1948223
AOUAAOI
1931684
1934567
1942805
1944269
24626
1945197
36246
30865
13538
31953
1954516
1964026
1967286
1967826
1968835
8564
43719
1976034
30865
1980482
1985617
16129
20490
1989669
18245
1997586
25176
2001646
17685
2008424
2759
33668
15934
2017994
2023976
AOUAAOI
20268
19609
IUEUIUIEOA
1995118
IUEUIUIEOA
16210
1998482
2002566
2006757
2012997
2022977
44072
2023252
2027336
40817
2035197
2040374
IUEUIUIEOA
2040859
2041317
34951
8564
OUUOIUIIAU
2018104
35351
OIEEU
2009038
40177
2014773
29954
2015
2022776
2027118
2031702
12023
2034712
2039470
2042505
2044284
21112
29539
22187
2054187
2064070
39602
2064894
16080
31953
2072481
2076053
2079748
2087576
2097060
34951
2100577
2101516
12860
2106440
17206
2108440
2115267
2122454
19062
OIEEU
2126504
EIIUUIOE
2131261
2138267
2148228
2157911
38515
34951
2160902
IOAUE
2146812
31953
2153563
AEOUUOOU
2138636
EIEOOEA
UAOEUU
2113555
2121079
AOEOOA
26240
2118808
32115
11077
35013
2127158
32115
2135272
UAI
26884
2130914
2131281
2135674
0
IIIAAUA
31053
2121383
IO
2104491
E
2086320
2091151
2092076
2096614
18039
2102982
24391
2108154
2115199
17935
OAAUOAEE
2093198
2099596
18245
2099640
47663
2109475
UUO
23903
41338
30865
36199
2108763
OUUOIIUIOO
2089536
24224
2095499
19100
16080
2100411
48045
2107839
2108015
32868
8905
2111954
2115676
18039
2121842
2126966
AOAEU
IIIAAUA
IAOIIOI
2068119
2073917
OUEUI
2050976
41105
2052100
32233
2057264
8924
36593
2059109
UOEAOIUU
II
29954
9657
35586
29742
46139
78526
5635
2041985
2048009
2054876
40817
59301
OOEUEE
2055593
2063844
2067201
2071537
IEAUI
2053042
36593
2061408
UAEOIU
44828
2036073
40128
OEAE
18714
46733
19674
19252
EEAUIUIE
2005043
20458
2012033
2017235
UAIAAIEEI
1999756
2003805
6893
7323
2004751
2009910
2017128
27027
IOUEUA
IOUEUA
2015253
2022561
33082
20822
2025506
AUE
20458
50617
2024450
28684
2025624
2032587
30171
2039539
2042062
2046680
40769
9657
2055605
IIUUOAE
2051524
2053598
2062172
36601
2065729
24791
2071318
18039
11077
2074784
25638
EIEIOUO
19991
33058
48315
54500
2052899
2058977
OEEUUIIU
36593
32911
UAIUAUEUO
2029433
2039028
EAIAEUEAAA
50004
33934
38748
2031102
20864
2040823
42109
52284
2049536
2055153
2058795
24038
26639
2068432
45729
10196
2070761
2075914
2082871
31285
2092341
10196
OIA
2071164
2080660
2083518
2084117
OIA
EUUE
EIIOOUAAUA
2044105
2050876
20591
10196
8924
27137
2056954
2064402
39035
AOUAAOI
2043804
2052516
2060939
2064508
24319
2065377
32115
EEUEOOUEA
2068292
2076503
2077482
2080386
2080571
7323
2083845
2085831
39666
2094860
17631
2099622
2102673
2112265
2118776
AAAUOEAE
2111086
27066
2118115
2125433
35084
54472
2127438
2131060
25357
16087
EOIOA
2128785
OIEIAOIOUU
2120846
2125092
2125817
2135659
11353
2142771
28118
2145223
2152411
10841
16080
39181
2154836
36841
18107
59301
2160188
2160616
3181
2164033
10196
38101
26570
9657
2165686
20864
2175584
2184552
IUIUEO
51730
2178620
2187886
20458
50004
2189976
2191852
2197236
26014
IUIUEO
17080
34186
19991
24038
2205960
2209086
54472
2209418
2212187
2220497
49226
2228889
2234223
2238020
2245788
21715
2252077
2254836
46284
2262819
IUIUEO
14759
16087
2267748
37265
2273180
2282906
17413
26884
2291073
2294151
38314
78526
IUIUEO
14102
56615
OOIIOEIAIO
34186
2287558
12738
27704
2288227
2294783
2304513
UAOEIEIUIU
2293706
2298260
2299683
2302987
25176
2312478
2312681
2321123
53182
2324200
26884
UAOEIEIUIU
41056
24319
3176
2324533
AOAEU
2319376
24791
58150
OEUIIO
2314944
17336
36246
2321552
17413
OEUIIO
10776
UAUEUI
2318669
42413
2321962
2331665
2340173
UAUEUI
27883
27939
2344886
UIIU
2342650
24319
2346882
2350280
2359131
54472
AIIIE
2345039
2353978
2356496
2364257
65711
2366284
IOEOUIA
20426
37596
2350119
2352921
60966
2354082
42122
27137
2360033
2362290
2367620
26240
2374071
39666
24688
2375535
2382438
26383
32865
35530
2385126
2387258
9278
9657
2397133
2403613
2411033
EO
2399001
25337
18714
2406265
2411328
OA
11724
EIIIA
2403874
2405824
2405889
2412109
2413041
2421328
35013
2424970
2431700
2436860
35084
26383
46526
OEEUUIIU
2439297
8138
AIIIEA
14759
15616
2434982
31053
2444125
2451164
2452572
31285
11724
AIIIEA
UOUIO
2433672
2437694
2439633
2445444
2450194
2453995
20280
2456107
2462100
2462742
40769
2471899
36601
27913
32911
20426
2480257
49226
2488633
2496781
31953
36601
2503468
34186
17080
17138
48315
20591
2511376
51216
2516383
2525699
33431
2531028
2538889
2541622
46526
52377
2544507
2545144
2547253
2555466
2565092
24319
24319
32511
UOUIO
2574880
2584350
23406
AAA
AAAUOEAE
2559756
49226
2566349
2573839
2581609
28118
2583847
25357
2584114
2589329
17413
UAIAAIEEI
44924
2575592
37596
2578242
2579866
12738
2580575
51730
2582419
2584468
2588816
2591823
2599013
2606088
2608039
2617501
2623702
2629634
2633257
IUOOEAOA
2627119
2634640
2635600
2638761
2643017
2647068
IUOOEAOA
2643847
2648880
45373
2651852
33471
2658438
2658453
AIEEI
2643454
2649655
2658904
2666503
2669746
2677236
45373
27237
2687229
2695688
2697336
2703896
59301
2707315
2714730
2719372
17095
2722623
10524
2725767
20280
2727280
2732554
2737836
2747599
19252
2749640
2755282
2757655
2766837
2774286
2776517
2780399
55409
2783307
23091
36593
2789965
25091
2798189
2802168
2806175
59301
2807699
23437
28125
20426
2810415
16087
23117
2811827
2815605
2816517
2818954
2821101
8948
2826041
EUII
2828506
2835101
2844609
29204
99294
40175
2851246
24791
29424
41338
31450
22632
60966
2852297
33934
2861775
2871103
OIUEAAEE
2859738
2862648
2870770
2880398
2884115
2890055
2891691
27883
2900756
2901158
42122
UUOE
5635
EIIEA
2868851
2875626
32492
2883227
2890490
2895242
2902366
2910190
2917976
2925908
14102
OI
56615
EAIOEAA
17336
OEUIIO
2875461
OA
33471
2867308
2869742
63352
2872066
OI
49202
2854732
IEAIUOEIEI
IUEUIUIEOA
OEEUUOAIUO
IAU
2781911
AEOEUEUIE
19252
UAOEUU
8905
19252
31285
UAOEUU
2748462
2755825
19242
2758454
2765434
EUUEAUA
2757957
46733
37953
2763638
2768364
2773672
35346
2774254
2777267
2777509
2783075
17874
2784949
17874
2788319
2791309
22132
IOOUE
2775474
2785024
21715
2794424
2801577
2808014
63746
2811268
2813409
2813474
2813553
2817215
2817833
2827123
2828009
18107
20426
2832066
65711
47782
EIOOIAIAI
2815293
34186
2823361
2831425
2839798
2843670
2845414
2848940
OUEUI
2832829
2836839
2837948
2841318
2848969
OUEUI
UOOAE
2838385
44519
2843043
2844319
2853032
27939
2859776
2867473
2875942
52619
2880971
2887105
2894846
UEUIEO
2887464
3181
42401
2894447
IOUEAI
2884329
41338
2886790
EUUE
2868924
2872801
2877475
2884707
2893490
OUEIEE
2887550
2888566
2897345
25124
2904561
2910654
34969
26070
2914924
2921636
19012
2929063
2933957
38348
9278
EIIUUIOE
2910898
23335
2920656
40769
27939
2922982
EIIUUIOE
2923118
2932217
35111
EIIUUIOE
2930021
IIEIIA
33431
40121
39035
2932841
2936916
AIAEA
54445
40855
59301
2938956
2945435
2951524
36451
2958456
IEOUEIAIE
UUOE
2948170
43023
2955510
2955691
19012
2956926
2960974
2970967
2972253
2978089
UUOE
30053
2984561
AA
2976874
2981269
59298
29742
3181
18680
31555
OOEUEE
2978373
IO
IO
2956888
IO
32492
2958398
2964472
2965901
2973321
2976803
2980381
IO
EIOIOUA
32511
2969536
2974321
2975585
27883
23437
2983419
2992776
2993998
42401
AIAOUAAAI
2978833
AIE
2975616
22673
22162
IIEIIA
EAOIUEIAE
IAUUUA
10841
2934802
2941390
32865
31018
2942652
2944752
2949052
2949225
30252
2956765
IUIEEUOU
2939578
40817
EOIOA
EOIOA
2916131
OOEUEE
2896984
2902444
2907045
2912008
IEAIUOEIEI
2912725
2918313
EIIOI
25953
64897
38515
2906115
44405
OUUOIUIIAU
EUIUEOI
2871226
UAIUAAAIEA
32911
2860326
15616
54445
53499
2865982
2874063
2879428
2883602
2886922
2887683
63375
UAIUAAAIEA
2884868
2885097
2894691
2902820
IAOIAAA
3176
UAEOIU
2856036
17614
2865200
2869057
2876619
100116
23547
2885480
2894186
2895164
UAEOIU
40769
2891683
2894358
2902393
40907
23547
59900
45727
2905813
32911
2913289
2914329
26070
32511
AIEEI
EA
2889694
2893339
2898520
2900101
EA
2901033
2909906
30992
18680
18714
39093
23437
2911671
2918230
2922211
47204
2926316
2929994
61051
24791
2938400
25241
2939234
2944976
54433
2953807
2955354
2961867
2970842
2980106
2984154
2990085
2999936
3005635
13726
27137
OUUOIIUIOO
2989165
2989503
2993935
35013
AOEIUUEI
32511
2982327
33471
2991176
47204
IAOIOOIOO
25425
EEAOU
IUOOEAOA
2951774
2957725
47983
35077
2959174
2959536
2961957
IUIUO
2947663
2949804
AOUII
IAOUE
EIIOOUAAUA
2924716
2932763
2940466
2948085
IUOOAUEAE
UUOE
17159
11930
32570
EAIOEAA
2907787
19895
2908180
2909421
29763
17942
49540
OOUUEOUEA
2892828
2894672
2902526
39093
2907418
28576
OOUUEOUEA
OUUOIUIIAU
39945
2909210
7690
2912900
2913572
UAEOIU
61198
40175
UAEOIU
2893090
2902983
14700
IE
2879950
54705
UOEAUEAEU
2885606
2891556
54433
2892567
2893559
21826
2897029
33151
2903606
2912709
2913151
2921437
2925136
OIEEU
50817
49372
2901952
2909170
2911663
31163
43616
2914666
2923468
35602
21506
